0.06;-0.61;0.12;-0.12;-0.03;-0.98;0.30;0.06;0.06;0.16;-0.17;-0.98;-0.06;-0.73;-0.98;0.03;-0.91;0.40;0.00;-0.43;-0.12;-0.39;-0.29;-0.88;0.61;-0.30;0.30;-0.14;0.44;-0.87;-0.49;0.85;1.89;0.32;0.52;0.80;
-0.73;-0.55;0.12;-0.12;-0.03;-0.98;0.43;0.00;0.55;0.16;-0.17;-0.98;0.24;-0.61;-1.40;0.03;-0.91;0.39;0.06;-0.06;0.12;-0.38;-0.29;-0.88;0.24;-0.37;0.30;-0.13;0.44;-0.86;0.12;0.79;1.83;0.31;0.52;0.79;0.43;-0.12;0.37;0.45;0.03;0.92;
-0.49;-0.49;-0.06;-0.12;-0.02;-1.00;0.00;0.06;0.55;0.15;-0.17;-0.97;-0.06;-0.30;-0.79;0.04;-0.92;0.41;0.67;-0.67;-0.06;-0.39;-0.30;-0.89;0.30;-0.67;0.24;-0.13;0.44;-0.86;-0.18;0.98;1.65;0.31;0.52;0.80;
-0.55;0.06;-0.24;-0.13;-0.02;-0.99;0.12;0.06;0.18;0.16;-0.16;-0.97;-0.24;-0.73;-0.85;0.04;-0.91;0.40;0.61;-0.55;0.00;-0.38;-0.29;-0.88;0.24;-0.12;0.06;-0.12;0.45;-0.86;-0.43;0.37;0.79;0.31;0.52;0.79;
-0.37;-0.24;0.00;-0.12;-0.03;-0.98;0.73;0.61;0.43;0.16;-0.17;-0.97;-0.55;0.00;-1.04;0.03;-0.91;0.41;0.49;-0.37;0.12;-0.38;-0.29;-0.89;-0.18;-0.67;0.24;-0.12;0.44;-0.86;-0.30;0.49;1.22;0.31;0.52;0.78;
-0.91;0.06;0.49;-0.12;-0.02;-1.00;0.73;0.98;0.61;0.16;-0.17;-0.97;0.43;-0.73;-1.04;0.03;-0.91;0.39;0.06;-0.55;0.00;-0.39;-0.30;-0.88;0.18;-0.49;0.55;-0.13;0.44;-0.86;0.18;0.98;1.59;0.31;0.52;0.80;-0.06;-0.06;-0.55;0.45;0.03;0.92;
-0.30;0.00;0.55;-0.13;-0.03;-0.99;0.73;0.73;-0.37;0.15;-0.17;-0.97;-0.18;-0.18;-1.46;0.03;-0.91;0.40;0.91;-0.43;-0.06;-0.39;-0.29;-0.87;-0.18;-0.73;0.37;-0.12;0.44;-0.86;-0.30;0.61;1.40;0.32;0.52;0.80;
-0.24;-0.43;0.12;-0.12;-0.02;-0.99;0.00;0.30;0.30;0.16;-0.17;-0.98;-0.18;-0.43;-1.04;0.03;-0.91;0.40;0.24;-0.85;-0.18;-0.38;-0.30;-0.87;0.24;-0.43;0.49;-0.12;0.44;-0.85;0.67;0.37;1.46;0.31;0.52;0.80;
-0.18;-0.30;0.12;-0.13;-0.02;-0.99;0.61;0.12;0.00;0.16;-0.17;-0.97;0.24;-0.37;-1.28;0.04;-0.92;0.40;-0.06;-0.24;-0.18;-0.39;-0.30;-0.88;-0.18;-0.37;0.18;-0.13;0.44;-0.86;-0.24;0.49;1.40;0.31;0.52;0.79;-455.73;70.37;270.18;-1.67;-2.00;-2.00;
-0.37;0.00;0.00;-0.13;-0.02;-0.99;0.61;-0.18;0.43;0.17;-0.16;-0.96;-0.12;-0.55;-1.28;0.03;-0.91;0.40;0.79;-0.06;-0.06;-0.39;-0.29;-0.87;0.12;-0.55;0.55;-0.13;0.44;-0.86;-0.37;0.67;1.40;0.32;0.52;0.79;
-0.12;-0.18;-0.12;-0.11;-0.02;-0.99;0.55;-0.30;-0.18;0.17;-0.17;-0.97;0.30;-0.37;-0.91;0.02;-0.91;0.40;0.12;-0.55;0.73;-0.39;-0.30;-0.87;0.00;-0.24;0.30;-0.13;0.44;-0.85;-0.67;0.73;1.71;0.31;0.52;0.79;
-0.18;-0.37;0.12;-0.13;-0.01;-0.99;0.30;0.30;0.12;0.16;-0.17;-0.98;-0.06;-0.61;-1.34;0.03;-0.91;0.39;0.79;-0.61;0.06;-0.38;-0.29;-0.88;-0.24;-0.49;0.49;-0.13;0.44;-0.86;-0.49;0.91;1.95;0.31;0.52;0.79;
-0.06;-0.30;0.18;-0.13;-0.02;-0.99;0.18;0.06;0.37;0.15;-0.18;-0.98;-0.37;-0.49;-0.85;0.03;-0.91;0.40;0.61;-0.55;-0.12;-0.39;-0.30;-0.88;0.18;-0.49;0.18;-0.12;0.45;-0.86;-0.61;0.18;1.34;0.32;0.51;0.79;
-0.24;-0.12;0.30;-0.13;-0.03;-0.99;-0.18;0.37;0.24;0.16;-0.17;-0.98;-0.12;-0.61;-0.67;0.03;-0.91;0.40;0.73;-0.18;0.37;-0.38;-0.29;-0.88;0.24;-0.37;0.49;-0.13;0.44;-0.85;0.18;0.67;1.65;0.32;0.52;0.79;
-0.49;-0.12;-0.12;-0.12;-0.03;-0.99;0.55;0.24;-0.18;0.16;-0.18;-0.97;0.00;-0.73;-0.91;0.04;-0.91;0.40;0.73;-0.37;-0.24;-0.39;-0.30;-0.88;-0.06;-0.37;0.30;-0.13;0.45;-0.86;-0.06;1.34;1.28;0.32;0.52;0.80;
-0.49;-0.24;-0.06;-0.13;-0.03;-0.99;0.00;0.37;-0.12;0.16;-0.17;-0.97;0.18;-0.43;-0.67;0.03;-0.92;0.40;0.18;-0.24;0.49;-0.39;-0.29;-0.88;0.43;-0.24;0.30;-0.13;0.44;-0.86;0.12;0.55;1.40;0.31;0.52;0.79;
-0.37;-0.12;-0.06;-0.12;-0.02;-0.99;0.12;0.18;0.12;0.16;-0.17;-0.98;0.37;-0.73;-1.16;0.03;-0.91;0.40;0.30;-0.55;0.55;-0.38;-0.29;-0.87;0.55;-0.24;0.18;-0.13;0.43;-0.86;0.06;0.61;1.34;0.31;0.52;0.79;
0.06;-0.12;-0.06;-0.13;-0.03;-0.98;0.00;0.43;0.00;0.16;-0.17;-0.96;0.18;-0.73;-0.73;0.04;-0.91;0.41;0.43;-0.67;-0.18;-0.39;-0.29;-0.87;0.30;-0.37;0.67;-0.13;0.44;-0.86;-0.30;0.98;1.52;0.32;0.53;0.80;27.99;-118.78;-73.17;0.18;-0.27;0.52;
-0.24;-0.18;0.18;-0.13;-0.02;-1.00;1.04;0.18;0.43;0.16;-0.17;-0.98;0.18;-0.37;-1.16;0.03;-0.91;0.40;-0.24;-0.43;0.43;-0.39;-0.30;-0.88;0.12;-0.37;0.18;-0.12;0.44;-0.86;0.12;0.98;1.65;0.32;0.52;0.79;-51.10;-287.80;102.20;0.26;-0.33;-0.25;
-0.43;-0.43;0.00;-0.12;-0.02;-0.98;0.43;-0.12;0.00;0.16;-0.17;-0.97;-0.12;-0.43;-0.85;0.04;-0.91;0.40;0.55;-0.67;-0.06;-0.39;-0.30;-0.88;0.43;0.18;-0.24;-0.14;0.44;-0.87;-0.49;0.55;1.34;0.31;0.51;0.80;
-0.67;-0.73;-0.24;-0.13;-0.03;-0.99;-0.49;0.73;0.12;0.16;-0.17;-0.96;0.24;-0.30;-1.52;0.03;-0.91;0.40;0.12;-0.30;0.18;-0.39;-0.30;-0.87;-42.93;55.18;16.16;-0.18;0.51;-1.11;21.28;-23.54;-3.48;0.28;0.58;0.73;
-0.24;-0.06;0.24;-0.13;-0.02;-0.98;0.37;-0.18;0.30;0.16;-0.17;-0.97;0.24;-0.30;-1.28;0.03;-0.92;0.40;0.30;-0.61;-0.12;-0.39;-0.29;-0.88;0.79;-0.49;0.67;-0.12;0.48;-0.84;17.87;12.80;11.34;0.24;0.41;0.87;1.04;2.44;0.61;0.64;0.02;0.78;
-0.73;-0.24;-0.12;-0.13;-0.03;-0.98;1.52;-0.73;0.61;0.16;-0.17;-0.98;5.24;-0.30;-1.34;0.03;-0.91;0.41;0.12;0.98;-0.12;-0.38;-0.29;-0.88;9.88;-6.40;0.85;-0.18;0.42;-0.92;98.41;-77.01;-9.09;0.60;0.61;0.64;
0.00;-0.73;-0.43;-0.13;-0.02;-0.99;-7.99;8.96;-0.85;0.15;-0.18;-0.97;24.45;-4.27;-22.56;-0.00;-0.90;0.41;3.17;-1.83;-0.91;-0.39;-0.28;-0.87;-10.61;-1.95;0.55;-0.13;0.40;-0.91;-17.87;-467.80;79.57;0.36;-0.33;0.12;0.73;-0.85;-0.18;0.61;-0.02;0.80;
-0.06;0.18;-0.43;-0.12;-0.02;-0.98;-6.10;4.21;-1.04;0.15;-0.17;-0.95;0.30;-0.37;-0.73;0.02;-0.91;0.41;0.12;-0.61;0.24;-0.39;-0.28;-0.88;0.12;-0.61;0.06;-0.12;0.39;-0.87;106.46;-459.45;-28.23;0.78;-0.14;0.63;0.37;-0.61;-0.24;0.61;-0.01;0.81;
-0.24;-0.18;-0.49;-0.12;-0.02;-0.99;-1.34;1.04;-0.30;0.15;-0.17;-0.98;-0.18;-0.37;-1.28;0.03;-0.91;0.40;0.30;-0.12;-0.18;-0.38;-0.28;-0.88;0.43;-0.06;0.24;-0.13;0.40;-0.88;69.27;590.49;181.77;0.75;1.07;-0.52;0.00;-0.06;-0.24;0.61;-0.01;0.81;
0.12;-0.61;0.18;-0.13;-0.03;-0.99;0.98;-0.06;0.06;0.15;-0.18;-0.97;0.06;-0.37;-1.10;0.02;-0.91;0.40;0.43;-0.30;0.12;-0.39;-0.29;-0.88;0.43;0.37;0.30;-0.12;0.40;-0.88;79.70;-273.48;-54.88;0.88;0.54;1.63;0.30;-0.30;0.00;0.60;-0.01;0.82;
-0.12;-0.24;0.00;-0.13;-0.03;-0.99;0.49;0.18;0.18;0.15;-0.17;-0.97;0.49;-0.18;-0.79;0.02;-0.92;0.40;0.61;-0.12;0.30;-0.38;-0.28;-0.88;0.24;-0.98;0.24;-0.12;0.40;-0.88;-43.11;196.40;-22.50;-0.54;1.72;-2.00;0.30;0.12;0.91;0.60;-0.00;0.82;
-0.55;-0.85;0.18;-0.12;-0.02;-0.99;0.00;0.43;0.30;0.16;-0.18;-0.97;-0.18;-0.55;-1.83;0.02;-0.91;0.40;0.18;-0.30;0.18;-0.39;-0.29;-0.88;-0.06;-0.24;0.24;-0.13;0.39;-0.88;-59.33;-356.22;-32.50;0.84;0.63;0.84;
-0.30;-0.55;0.06;-0.12;-0.02;-0.98;0.12;0.37;-0.12;0.16;-0.17;-0.97;0.00;0.12;-0.85;0.03;-0.91;0.40;0.24;-0.30;0.24;-0.38;-0.28;-0.89;0.37;-0.18;0.30;-0.13;0.38;-0.89;121.83;855.49;109.94;2.00;0.85;0.35;
-0.30;-0.49;0.24;-0.13;-0.02;-0.99;1.59;-0.30;0.24;0.16;-0.17;-0.98;-0.18;-0.12;-1.40;0.02;-0.91;0.40;0.67;-0.18;-0.06;-0.39;-0.28;-0.88;0.67;-0.49;0.24;-0.14;0.40;-0.88;-121.52;-554.57;-163.78;0.26;0.72;-1.76;-0.06;0.00;-0.18;0.60;-0.00;0.81;
-0.49;-0.18;0.30;-0.14;-0.02;-0.99;-0.73;0.85;-0.18;0.15;-0.17;-0.98;0.00;-0.18;-1.40;0.03;-0.91;0.40;0.55;-0.43;-0.06;-0.39;-0.28;-0.87;0.49;-0.30;-0.06;-0.13;0.39;-0.88;30.12;296.89;167.07;0.89;1.39;0.56;-0.06;-0.37;-0.18;0.61;0.01;0.82;
-0.55;-0.37;0.00;-0.12;-0.02;-0.97;-0.67;1.59;0.30;0.16;-0.17;-0.98;0.49;-0.06;-0.61;0.03;-0.91;0.40;0.37;-0.06;0.06;-0.38;-0.28;-0.88;0.12;-0.43;0.30;-0.12;0.39;-0.87;-83.84;109.94;-41.59;0.60;0.85;-0.02;0.37;0.00;0.06;0.62;-0.01;0.82;
-0.67;-0.37;0.43;-0.13;-0.02;-0.98;0.61;0.37;0.37;0.16;-0.17;-0.98;0.24;-0.61;-1.40;0.03;-0.90;0.39;0.30;-0.37;-0.24;-0.38;-0.29;-0.88;0.55;-0.30;0.61;-0.13;0.40;-0.88;-2.87;0.85;1.95;0.48;0.69;0.53;0.24;0.30;-0.37;0.58;0.01;0.84;
-0.18;0.12;-0.18;-0.13;-0.03;-0.99;0.61;-0.24;0.00;0.16;-0.18;-0.97;0.37;-0.61;-1.40;0.02;-0.90;0.39;-0.06;-0.43;0.61;-0.40;-0.28;-0.88;0.30;-0.73;0.24;-0.13;0.39;-0.88;-1.65;0.85;1.71;0.48;0.68;0.53;0.06;2.32;0.73;0.58;0.01;0.84;
-0.55;-0.18;0.30;-0.13;-0.02;-1.00;0.55;0.18;0.37;0.15;-0.17;-0.97;-0.24;-0.49;-1.22;0.03;-0.90;0.41;0.98;-2.13;-0.30;-0.38;-0.29;-0.88;-0.73;-0.55;0.30;-0.13;0.38;-0.88;-1.34;0.73;1.59;0.47;0.69;0.55;
-0.18;-0.12;-0.06;-0.13;-0.02;-0.98;0.55;-0.18;0.00;0.15;-0.18;-0.98;0.00;-0.98;-0.98;0.03;-0.92;0.40;0.49;-0.24;-0.24;-0.39;-0.28;-0.87;0.55;-0.18;0.30;-0.14;0.40;-0.89;-0.06;0.73;1.34;0.47;0.67;0.55;
