2.26;0.73;-0.06;0.68;0.67;0.38;-0.43;0.49;0.12;0.54;0.56;-0.57;-0.24;-0.06;-0.73;-0.29;0.37;-0.86;-0.37;0.24;0.24;0.14;-0.95;-0.30;0.00;-0.37;0.55;0.14;-0.08;1.03;1.77;0.85;0.30;0.84;0.52;0.18;-0.30;-0.12;0.49;-0.06;0.45;-0.89;
-7.01;-4.15;-0.85;0.66;0.68;0.40;-0.55;0.18;0.00;0.55;0.56;-0.58;1.95;-0.30;-2.93;-0.29;0.36;-0.85;-1.71;1.52;-0.43;0.14;-0.95;-0.30;0.37;-0.12;-0.06;0.16;-0.08;1.04;2.80;0.73;0.37;0.83;0.52;0.17;-0.12;-0.12;0.12;-0.06;0.46;-0.89;0.24;0.06;-0.49;0.22;0.49;0.85;
2.07;0.24;0.79;0.67;0.68;0.41;1.16;0.12;0.24;0.55;0.56;-0.57;-8.11;1.89;1.10;-0.30;0.35;-0.86;-3.17;-1.04;2.07;0.12;-0.96;-0.29;0.00;-0.18;0.24;0.15;-0.08;1.03;0.30;0.79;0.73;0.82;0.54;0.18;-0.18;0.12;-0.30;-0.06;0.46;-0.89;0.85;-0.18;-0.37;0.22;0.50;0.86;
0.73;0.43;1.04;0.68;0.67;0.38;1.10;-0.06;0.24;0.55;0.55;-0.58;2.62;-2.01;-1.10;-0.29;0.37;-0.86;2.07;-1.22;0.79;0.13;-0.95;-0.30;0.43;-0.12;0.37;0.15;-0.08;1.04;-2.80;1.77;0.98;0.83;0.52;0.17;0.18;0.00;-0.24;-0.06;0.45;-0.89;0.37;0.00;-0.18;0.22;0.49;0.86;
-4.51;-0.73;0.91;0.67;0.67;0.38;0.06;0.00;0.06;0.54;0.57;-0.58;-0.91;0.00;-0.67;-0.29;0.37;-0.86;-0.49;0.24;0.79;0.12;-0.97;-0.30;0.73;-0.12;0.00;0.15;-0.08;1.04;0.79;0.79;-0.37;0.83;0.52;0.18;0.12;-0.12;0.06;-0.06;0.46;-0.89;
-2.74;-1.71;1.22;0.67;0.66;0.39;0.18;0.61;-0.24;0.55;0.55;-0.58;1.89;-0.30;-3.23;-0.29;0.37;-0.86;-0.18;1.77;-1.52;0.14;-0.96;-0.31;0.67;-0.24;0.43;0.16;-0.08;1.04;-1.40;1.28;2.32;0.82;0.51;0.18;0.24;0.18;-0.12;-0.06;0.46;-0.89;
-0.37;1.22;-0.85;0.67;0.68;0.42;2.20;0.37;0.91;0.55;0.55;-0.58;-1.77;0.37;1.10;-0.29;0.36;-0.84;0.55;-2.07;0.91;0.14;-0.95;-0.30;0.43;-0.37;0.30;0.15;-0.08;1.03;-1.04;0.24;2.32;0.82;0.53;0.18;0.18;0.12;-0.37;-0.07;0.45;-0.88;0.30;0.30;-0.24;0.22;0.50;0.87;
2.56;-0.12;1.71;0.68;0.65;0.38;0.00;0.18;0.61;0.55;0.54;-0.58;-0.37;-0.73;-0.91;-0.29;0.35;-0.86;0.98;0.55;0.18;0.10;-0.96;-0.29;0.18;-0.24;0.43;0.14;-0.08;1.03;-1.10;1.16;1.10;0.83;0.51;0.20;-0.37;0.06;0.12;-0.06;0.45;-0.89;-0.18;-0.12;-0.18;0.22;0.50;0.85;
-0.18;0.85;0.67;0.67;0.67;0.39;0.91;0.18;-0.73;0.55;0.54;-0.58;-3.05;0.24;-0.18;-0.31;0.35;-0.86;-0.91;0.37;0.85;0.14;-0.96;-0.29;0.49;-0.43;-0.12;0.15;-0.07;1.04;-0.18;1.34;1.22;0.83;0.51;0.20;-0.49;0.18;-0.49;-0.06;0.46;-0.89;-0.12;0.12;-0.49;0.22;0.49;0.86;
-3.41;-1.52;-0.79;0.68;0.67;0.38;-0.67;0.30;-0.12;0.55;0.56;-0.58;-0.06;0.30;-1.77;-0.29;0.37;-0.85;0.30;0.79;-0.30;0.14;-0.95;-0.30;0.61;-0.24;0.43;0.14;-0.08;1.04;2.87;0.43;0.55;0.83;0.51;0.18;0.18;-0.06;-0.06;-0.07;0.46;-0.88;
1.71;1.59;0.30;0.66;0.65;0.40;1.10;1.10;0.79;0.54;0.56;-0.57;-0.49;0.37;-0.73;-0.29;0.36;-0.86;-4.76;-0.30;1.89;0.16;-0.95;-0.30;0.18;0.00;0.30;0.15;-0.08;1.03;-1.28;0.18;1.65;0.83;0.52;0.18;-0.12;-0.06;0.18;-0.06;0.45;-0.88;0.55;0.00;-0.43;0.22;0.50;0.86;
9.09;2.50;1.46;0.67;0.68;0.41;0.79;0.12;0.91;0.55;0.55;-0.58;2.20;-0.91;-0.43;-0.29;0.37;-0.85;0.98;-1.89;0.43;0.14;-0.97;-0.30;0.18;-0.12;0.55;0.15;-0.08;1.03;-1.52;1.04;2.07;0.83;0.52;0.19;0.49;-0.12;0.12;-0.06;0.45;-0.89;0.00;0.61;-0.79;0.22;0.50;0.86;
1.04;0.43;-1.10;0.67;0.67;0.38;-0.49;-0.55;-0.18;0.54;0.54;-0.58;1.52;-0.37;-1.16;-0.29;0.36;-0.86;0.61;-1.04;-0.18;0.13;-0.96;-0.31;0.37;-0.43;0.37;0.15;-0.08;1.03;-0.37;0.91;2.07;0.83;0.52;0.19;0.18;0.37;0.06;-0.06;0.46;-0.89;
-4.15;-2.20;-2.38;0.66;0.68;0.37;-0.18;-0.12;0.06;0.55;0.56;-0.58;-1.83;1.16;-2.20;-0.29;0.36;-0.86;-1.59;1.89;-0.30;0.13;-0.95;-0.30;0.49;0.00;0.43;0.15;-0.08;1.04;3.05;0.73;0.30;0.82;0.53;0.18;0.06;-0.24;-0.06;-0.07;0.45;-0.88;
2.62;-3.35;-12.93;0.69;0.67;0.37;1.59;-0.37;2.32;0.56;0.56;-0.58;3.17;-1.89;-4.39;-0.29;0.36;-0.85;1.46;0.06;0.30;0.15;-0.96;-0.31;0.18;-0.61;0.00;0.15;-0.08;1.02;-0.18;0.85;1.59;0.83;0.53;0.18;0.00;0.12;-0.12;-0.06;0.46;-0.89;
8.11;-0.61;0.30;0.68;0.68;0.39;2.26;-0.73;-0.30;0.54;0.55;-0.57;-0.06;-1.22;0.61;-0.28;0.37;-0.87;2.20;-1.89;0.61;0.13;-0.96;-0.30;0.24;-0.43;0.12;0.15;-0.08;1.03;-3.78;0.91;2.62;0.83;0.52;0.18;0.24;0.49;0.37;-0.07;0.45;-0.89;
0.37;-0.49;-0.18;0.67;0.67;0.39;0.49;0.98;0.24;0.54;0.55;-0.58;0.43;-0.98;-1.16;-0.29;0.35;-0.86;0.18;-1.16;1.40;0.13;-0.96;-0.29;0.18;0.06;0.43;0.15;-0.08;1.03;0.49;0.73;0.98;0.82;0.51;0.19;2.62;0.06;-0.55;-0.06;0.45;-0.90;0.06;-0.30;-0.55;0.22;0.51;0.86;
-0.43;-0.43;0.06;0.66;0.67;0.39;-1.04;-0.18;0.85;0.54;0.55;-0.58;-2.07;0.37;-0.55;-0.29;0.37;-0.86;-0.91;1.10;-0.67;0.14;-0.96;-0.30;0.00;-0.12;-0.06;0.15;-0.08;1.04;3.54;0.98;0.00;0.83;0.52;0.19;0.79;-0.37;0.00;-0.07;0.46;-0.89;0.43;0.00;-0.43;0.22;0.50;0.85;
-7.80;-0.06;-0.85;0.68;0.66;0.39;-1.22;-2.20;-0.98;0.56;0.56;-0.59;3.84;-0.43;-3.17;-0.29;0.36;-0.86;-0.61;0.43;-1.10;0.14;-0.96;-0.31;0.43;-0.43;-0.12;0.15;-0.08;1.04;0.67;0.49;1.46;0.83;0.52;0.17;0.30;0.18;-0.18;-0.06;0.45;-0.90;0.98;0.43;-0.30;0.22;0.51;0.86;
-3.35;-0.85;-1.83;0.66;0.67;0.37;2.01;0.18;1.95;0.54;0.56;-0.58;4.70;-1.46;-0.06;-0.29;0.35;-0.85;3.78;-0.55;1.52;0.14;-0.94;-0.29;0.12;-0.24;0.30;0.15;-0.08;1.04;1.95;0.43;-0.67;0.82;0.53;0.17;0.55;-0.12;0.43;-0.06;0.45;-0.89;
1.59;0.91;-0.24;0.66;0.67;0.40;1.10;0.06;-0.24;0.55;0.55;-0.58;1.22;-1.10;-0.12;-0.29;0.35;-0.86;0.43;-1.28;0.98;0.13;-0.96;-0.29;0.30;-0.55;-0.18;0.14;-0.08;1.04;-2.38;0.61;2.44;0.83;0.52;0.19;0.43;-0.06;0.00;-0.06;0.46;-0.89;0.85;0.18;-0.30;0.23;0.50;0.85;
1.95;-0.37;0.18;0.67;0.67;0.38;1.52;-0.12;0.55;0.56;0.54;-0.57;0.49;-0.98;-1.04;-0.30;0.35;-0.86;1.22;-1.22;0.06;0.13;-0.96;-0.29;0.30;-0.24;0.12;0.15;-0.08;1.04;0.37;0.49;1.40;0.82;0.51;0.19;0.43;0.18;-0.06;-0.06;0.45;-0.89;0.55;-0.24;-0.49;0.22;0.50;0.86;
-3.78;-2.01;1.10;0.67;0.68;0.38;0.43;-0.98;-0.43;0.55;0.55;-0.59;-2.93;0.24;-1.65;-0.30;0.36;-0.87;-2.13;2.50;-1.46;0.13;-0.97;-0.30;0.00;-0.37;0.61;0.16;-0.08;1.04;0.79;1.65;1.34;0.83;0.52;0.18;0.00;-0.06;0.18;-0.06;0.46;-0.90;
-11.34;-2.01;-1.95;0.69;0.63;0.40;-0.73;0.67;-0.24;0.55;0.56;-0.57;3.11;-1.52;-2.87;-0.29;0.36;-0.85;1.10;-0.18;-0.18;0.14;-0.95;-0.31;0.55;-0.24;0.37;0.15;-0.08;1.04;-1.40;0.73;2.32;0.83;0.53;0.18;0.61;0.18;0.55;-0.07;0.46;-0.89;
2.74;2.87;-0.73;0.67;0.66;0.39;1.16;0.49;1.16;0.55;0.55;-0.58;3.35;-2.56;0.00;-0.29;0.35;-0.86;1.95;-4.21;0.61;0.14;-0.96;-0.30;0.18;-0.55;0.00;0.15;-0.08;1.04;-0.61;0.61;1.46;0.82;0.51;0.19;0.12;0.43;-0.43;-0.06;0.45;-0.89;0.24;-0.06;-0.55;0.22;0.50;0.85;
-0.30;0.30;1.46;0.67;0.67;0.39;1.77;-0.06;1.04;0.54;0.55;-0.59;-1.04;-0.43;-0.55;-0.30;0.35;-0.86;-0.24;-1.40;0.37;0.13;-0.96;-0.29;0.30;-0.37;0.12;0.14;-0.08;1.02;-0.24;0.55;1.28;0.83;0.52;0.19;-0.61;0.61;0.06;-0.07;0.46;-0.89;
0.00;0.12;-0.12;0.67;0.67;0.39;0.73;0.12;-0.18;0.55;0.54;-0.59;-2.13;0.49;-0.55;-0.29;0.37;-0.85;-0.49;0.73;-0.06;0.13;-0.96;-0.29;0.00;-0.37;0.37;0.14;-0.07;1.05;1.89;0.67;0.79;0.83;0.51;0.18;0.24;-0.06;0.18;-0.07;0.45;-0.88;
-1.52;-1.46;-3.17;0.68;0.67;0.37;-0.55;-0.12;-0.79;0.55;0.57;-0.57;-0.61;1.28;-2.74;-0.28;0.38;-0.84;0.06;1.77;-1.28;0.13;-0.95;-0.30;0.12;-0.55;0.49;0.14;-0.08;1.04;0.91;1.40;1.04;0.83;0.53;0.18;0.43;-0.18;0.00;-0.07;0.45;-0.88;
-2.80;1.22;-0.98;0.66;0.67;0.38;1.40;0.55;-0.06;0.55;0.56;-0.58;-6.04;1.22;-0.06;-0.29;0.37;-0.85;-2.07;-0.12;1.52;0.14;-0.95;-0.31;0.30;-0.30;0.24;0.16;-0.07;1.03;-1.89;0.79;2.44;0.82;0.53;0.17;0.30;-0.24;-0.18;-0.07;0.46;-0.88;
