0.12;-0.18;0.49;-0.62;-0.47;0.63;0.06;-0.18;-0.37;-0.62;-0.47;0.62;0.30;-0.12;0.43;-0.62;-0.47;0.62;0.00;-0.18;0.00;-0.62;-0.47;0.63;0.24;0.37;-0.73;-0.62;-0.48;0.63;0.24;0.30;-0.12;-0.62;-0.47;0.62;0.12;-0.06;0.24;-0.63;-0.48;0.63;0.00;-0.30;-0.37;-0.63;-0.48;0.62
0.24;-0.79;-0.91;-0.62;-0.47;0.62;0.43;0.06;0.12;-0.62;-0.47;0.63;0.24;-0.30;-0.30;-0.62;-0.47;0.63;0.73;-0.55;0.06;-0.62;-0.47;0.63;0.30;-0.43;-0.06;-0.62;-0.46;0.63;0.06;-0.18;-0.18;-0.62;-0.47;0.62;0.30;-0.12;-0.24;-0.62;-0.47;0.64;-0.43;-0.37;-0.55;-0.62;-0.47;0.62
0.18;0.06;-0.30;-0.63;-0.47;0.63;0.49;-0.37;-0.55;-0.62;-0.47;0.63;0.18;-0.18;-0.37;-0.62;-0.47;0.62;0.30;0.12;-0.18;-0.62;-0.48;0.62;0.43;-0.24;-0.30;-0.62;-0.47;0.62;1.04;-0.18;-0.30;-0.62;-0.48;0.63;-0.06;0.00;-0.43;-0.62;-0.47;0.62;0.67;-0.30;-0.49;-0.62;-0.47;0.63
0.61;0.18;-0.37;-0.62;-0.47;0.63;0.49;-0.24;-0.18;-0.63;-0.48;0.62;0.30;-0.12;-0.55;-0.62;-0.48;0.62;0.55;-0.18;-0.06;-0.62;-0.47;0.62;0.37;0.00;0.24;-0.62;-0.47;0.62;0.06;0.00;-0.37;-0.62;-0.47;0.63;0.18;0.00;-0.30;-0.62;-0.47;0.63;0.24;-0.18;-0.55;-0.62;-0.48;0.62
-0.30;0.24;-0.91;-0.62;-0.45;0.62;0.73;0.79;-0.30;-0.61;-0.46;0.61;0.30;-0.37;-0.06;-0.63;-0.48;0.63;0.06;0.12;0.30;-0.61;-0.47;0.63;-0.06;0.61;-0.30;-0.61;-0.46;0.62;0.37;-0.12;-0.37;-0.62;-0.46;0.62;0.49;-0.12;-0.43;-0.62;-0.47;0.62;-0.37;0.24;-0.43;-0.62;-0.47;0.63
0.00;-0.06;0.00;-0.62;-0.47;0.62;0.12;-0.30;-0.55;-0.64;-0.48;0.63;0.91;0.18;-0.18;-0.61;-0.46;0.62;0.18;-0.18;0.18;-0.61;-0.48;0.64;0.18;0.12;0.24;-0.61;-0.47;0.63;0.30;-0.43;0.00;-0.62;-0.48;0.63;0.00;-0.49;0.00;-0.61;-0.46;0.62;-0.18;0.18;0.24;-0.62;-0.47;0.62
0.30;-0.37;-0.37;-0.62;-0.47;0.62;0.37;0.12;-0.06;-0.62;-0.46;0.63;0.61;0.00;-0.49;-0.63;-0.47;0.62;0.24;0.30;0.12;-0.63;-0.47;0.63;0.61;-0.06;-0.12;-0.62;-0.48;0.63;0.30;-0.37;-0.37;-0.62;-0.47;0.63;-0.30;0.12;-0.55;-0.61;-0.47;0.63;0.24;-0.24;0.00;-0.62;-0.47;0.63
0.55;-0.06;-0.49;-0.63;-0.46;0.62;0.18;-0.18;-0.12;-0.62;-0.46;0.62;0.37;-0.18;-0.24;-0.62;-0.47;0.63;0.24;0.18;-0.12;-0.62;-0.47;0.63;0.12;-0.30;-0.37;-0.62;-0.47;0.63;0.12;-0.12;-0.43;-0.62;-0.47;0.63;0.06;-0.06;-0.43;-0.63;-0.47;0.62;0.18;-0.49;-0.37;-0.62;-0.47;0.63
0.00;-0.37;0.12;-0.62;-0.47;0.63;0.24;-0.30;-0.37;-0.62;-0.47;0.62;0.55;-0.18;-0.55;-0.62;-0.47;0.63;-0.18;0.49;-0.49;-0.63;-0.48;0.63;0.43;-0.24;0.49;-0.62;-0.47;0.63;0.43;-0.06;-0.12;-0.62;-0.48;0.62;-0.06;0.30;-0.06;-0.61;-0.47;0.63;0.30;-0.06;-0.24;-0.62;-0.47;0.63
0.49;-0.12;-0.55;-0.62;-0.47;0.63;0.37;-0.18;0.18;-0.61;-0.47;0.63;0.18;0.06;0.12;-0.62;-0.48;0.63;0.18;-0.12;-0.12;-0.63;-0.47;0.63;0.06;-0.18;0.18;-0.62;-0.46;0.62;0.12;0.18;-0.73;-0.63;-0.47;0.63;0.91;-0.06;-0.30;-0.62;-0.48;0.63;0.24;0.12;-0.67;-0.62;-0.47;0.63
0.49;0.24;-0.37;-0.63;-0.46;0.62;0.18;-0.37;0.12;-0.62;-0.47;0.63;0.30;0.12;-0.18;-0.62;-0.47;0.62;0.12;-0.12;-0.61;-0.62;-0.46;0.63;0.91;-0.18;-0.49;-0.62;-0.47;0.62;0.43;-0.37;-0.24;-0.62;-0.46;0.63;-0.12;0.24;-0.55;-0.62;-0.47;0.62;0.37;0.12;-0.30;-0.62;-0.47;0.62
0.30;-0.30;-0.12;-0.62;-0.47;0.62;0.24;-0.06;0.06;-0.62;-0.46;0.63;0.43;0.00;-0.12;-0.62;-0.47;0.63;0.55;-0.06;-0.30;-0.62;-0.47;0.63;0.06;-0.06;-0.06;-0.62;-0.47;0.62;0.37;0.12;-0.43;-0.62;-0.47;0.63;0.43;-0.24;0.12;-0.63;-0.47;0.62;0.30;-0.18;-0.30;-0.62;-0.46;0.63
0.24;-0.24;0.30;-0.61;-0.47;0.62;0.30;-0.24;-0.24;-0.62;-0.46;0.62;0.24;0.12;-0.12;-0.62;-0.47;0.63;0.06;-0.06;0.00;-0.62;-0.47;0.63;0.24;0.06;-0.30;-0.62;-0.47;0.62;0.06;0.43;-0.37;-0.62;-0.47;0.62;0.55;0.24;-0.49;-0.62;-0.48;0.63;0.24;0.12;-0.67;-0.62;-0.47;0.63
0.18;-0.18;0.00;-0.62;-0.47;0.62;0.00;0.37;-0.37;-0.62;-0.47;0.62;-0.30;-0.06;0.12;-0.62;-0.47;0.63;0.12;-0.06;-0.43;-0.62;-0.47;0.62;0.24;-0.06;0.00;-0.62;-0.48;0.63;0.37;-0.12;-0.24;-0.62;-0.47;0.63;0.06;0.18;-0.37;-0.63;-0.47;0.63;0.06;-0.79;0.18;-0.62;-0.47;0.62
0.00;0.24;-0.12;-0.62;-0.47;0.63;-0.24;0.37;0.00;-0.62;-0.47;0.63;0.00;-0.61;-0.24;-0.62;-0.47;0.64;0.55;0.49;-0.55;-0.62;-0.47;0.63;0.00;-0.12;-0.55;-0.62;-0.48;0.63;0.37;-0.24;-0.30;-0.62;-0.47;0.63;0.12;-0.24;0.00;-0.62;-0.46;0.62;0.12;0.12;-0.30;-0.62;-0.47;0.63
0.24;-0.24;0.06;-0.62;-0.48;0.62;-0.24;0.12;-0.37;-0.62;-0.48;0.62;0.00;0.00;-0.43;-0.63;-0.47;0.62;0.37;0.06;-0.18;-0.62;-0.47;0.62;0.12;-0.06;-0.24;-0.62;-0.47;0.63;0.61;0.12;0.00;-0.63;-0.47;0.63;0.37;0.18;-0.55;-0.62;-0.47;0.63;0.30;0.18;-0.12;-0.62;-0.47;0.62
0.18;0.12;-0.30;-0.62;-0.47;0.63;0.12;0.30;-0.43;-0.62;-0.46;0.62;0.67;0.18;-0.49;-0.63;-0.48;0.63;0.18;0.06;-0.30;-0.62;-0.47;0.62;0.18;-0.61;0.06;-0.62;-0.47;0.63;0.12;-0.30;-0.12;-0.63;-0.46;0.63;-0.49;0.24;-0.37;-0.62;-0.47;0.62;-0.12;0.00;-0.55;-0.62;-0.47;0.63
0.00;-0.12;-0.37;-0.62;-0.46;0.63;-0.24;-0.06;-0.37;-0.62;-0.47;0.63;-0.12;-0.30;-0.12;-0.62;-0.47;0.64;0.79;0.18;-0.06;-0.62;-0.47;0.62;0.49;-0.06;-0.30;-0.62;-0.47;0.62;0.73;0.06;-0.43;-0.62;-0.47;0.63;-0.18;0.12;-0.12;-0.62;-0.47;0.62;0.37;-0.06;-0.12;-0.62;-0.47;0.61
-0.12;0.06;-0.49;-0.62;-0.46;0.63;0.12;0.24;-0.12;-0.62;-0.47;0.62;0.43;0.24;0.06;-0.61;-0.46;0.62;0.43;-0.91;0.30;-0.64;-0.50;0.63;0.43;0.18;0.12;-0.62;-0.46;0.63;0.24;-0.37;-0.43;-0.62;-0.46;0.64;0.43;0.06;-0.12;-0.62;-0.46;0.62;0.24;-0.12;-0.30;-0.62;-0.46;0.62
0.49;-0.49;0.12;-0.62;-0.47;0.62;0.24;0.43;0.12;-0.62;-0.46;0.63;0.18;0.00;-0.12;-0.62;-0.47;0.62;0.37;0.18;-0.30;-0.63;-0.47;0.62;-0.06;0.18;-0.37;-0.63;-0.47;0.62;0.24;-0.43;0.00;-0.62;-0.47;0.62;0.00;-0.18;-0.24;-0.62;-0.48;0.62;0.55;-0.30;-0.06;-0.62;-0.47;0.63
0.18;0.06;-0.06;-0.62;-0.47;0.62;0.43;-0.30;-0.12;-0.61;-0.46;0.63;0.00;-0.24;0.06;-0.63;-0.46;0.64;0.73;0.18;0.43;-0.62;-0.47;0.62;0.00;-0.06;-0.67;-0.63;-0.47;0.63;0.18;0.18;0.00;-0.63;-0.47;0.63;-0.18;0.06;0.24;-0.62;-0.47;0.62;0.06;-0.12;-0.43;-0.62;-0.47;0.63
0.18;0.18;-0.24;-0.62;-0.47;0.63;0.24;-0.30;-0.06;-0.63;-0.47;0.63;0.06;0.18;-0.55;-0.62;-0.46;0.63;0.55;0.37;0.37;-0.63;-0.46;0.63;0.24;0.49;-0.12;-0.62;-0.47;0.62;0.24;-0.24;-0.24;-0.62;-0.47;0.62;0.43;0.24;-0.06;-0.62;-0.47;0.62;0.12;0.18;-0.55;-0.63;-0.47;0.62
0.43;-0.24;-0.06;-0.62;-0.47;0.63;0.73;0.30;-0.30;-0.62;-0.47;0.62;0.37;0.12;0.06;-0.62;-0.46;0.62;0.00;0.00;-0.30;-0.62;-0.47;0.63;0.61;0.24;-0.43;-0.62;-0.47;0.63;-0.37;-0.37;-0.30;-0.63;-0.47;0.63;-0.06;0.18;0.37;-0.62;-0.47;0.62;0.91;-0.06;0.30;-0.62;-0.48;0.63
0.73;0.49;-0.18;-0.62;-0.46;0.62;0.00;0.43;-0.98;-0.63;-0.47;0.63;0.06;0.43;0.06;-0.62;-0.47;0.62;0.12;0.37;-0.55;-0.62;-0.47;0.63;-0.18;-0.12;-0.55;-0.62;-0.47;0.63;0.49;-0.30;-0.55;-0.61;-0.47;0.62;0.00;0.30;-0.24;-0.62;-0.48;0.62;0.55;0.06;0.24;-0.63;-0.47;0.62
0.24;-0.06;-0.24;-0.62;-0.47;0.63;0.37;-0.12;-0.06;-0.61;-0.47;0.64;0.43;0.00;-0.24;-0.62;-0.47;0.62;0.06;-0.12;-0.24;-0.62;-0.47;0.63;0.24;0.00;-0.18;-0.62;-0.48;0.63;0.37;-0.37;-0.85;-0.61;-0.47;0.61;0.30;-0.43;0.61;-0.61;-0.47;0.61;0.18;0.06;-0.06;-0.63;-0.47;0.63
0.43;0.24;-0.79;-0.62;-0.47;0.63;-0.12;0.37;0.06;-0.62;-0.47;0.62;0.18;0.06;-0.06;-0.62;-0.48;0.62;0.18;0.18;-0.49;-0.62;-0.47;0.63;0.12;-0.12;-0.24;-0.63;-0.47;0.64;0.06;0.06;-0.18;-0.62;-0.47;0.62;0.37;0.00;-0.24;-0.62;-0.47;0.63;-0.30;-0.49;-0.12;-0.62;-0.47;0.62
