-12.62;-1.59;-1.65;0.71;0.61;0.40;2.56;1.59;-4.33;0.56;0.59;-0.55;-11.22;1.46;-2.13;-0.33;0.34;-0.83;-5.06;2.01;-0.85;0.11;-0.96;-0.26;5.06;-2.74;3.66;0.14;-0.10;1.03;-0.30;1.28;0.61;0.85;0.51;0.18;0.18;-0.49;-0.12;-0.06;0.45;-0.87;
-8.72;-3.17;2.93;0.72;0.64;0.41;-0.37;1.28;0.24;0.53;0.58;-0.56;-2.56;1.28;-3.05;-0.31;0.38;-0.84;-3.11;2.50;1.16;0.10;-0.97;-0.25;0.06;0.06;0.30;0.15;-0.08;1.04;9.63;1.59;-5.06;0.84;0.50;0.17;0.55;-0.30;0.18;-0.05;0.44;-0.90;
-4.21;-5.24;0.91;0.68;0.63;0.44;0.73;-0.37;-0.43;0.54;0.57;-0.57;6.46;-1.59;-2.68;-0.28;0.40;-0.84;0.98;0.43;0.79;0.12;-0.97;-0.27;0.61;-0.24;0.18;0.15;-0.08;1.04;-1.95;1.95;1.10;0.83;0.52;0.17;0.24;0.00;0.00;-0.07;0.45;-0.89;
-0.67;-2.44;1.71;0.72;0.61;0.42;1.52;-0.43;-2.62;0.53;0.59;-0.58;-2.07;0.98;-0.55;-0.29;0.41;-0.83;3.17;-1.71;-1.46;0.13;-0.94;-0.27;0.18;-0.12;0.24;0.15;-0.08;1.03;-5.37;2.50;2.93;0.83;0.52;0.18;-4.88;1.46;1.77;-0.05;0.47;-0.89;
6.46;2.44;-1.34;0.70;0.62;0.41;0.24;-0.24;0.37;0.53;0.58;-0.58;3.11;-0.67;-1.83;-0.27;0.38;-0.86;1.52;-0.55;0.91;0.11;-0.97;-0.29;-0.12;-0.43;0.55;0.14;-0.07;1.03;4.51;0.55;-0.67;0.84;0.52;0.18;0.55;-0.12;0.30;-0.05;0.46;-0.88;
15.98;-11.83;-13.72;0.67;0.68;0.31;-11.28;-6.95;4.57;0.61;0.55;-0.55;-0.06;2.62;-3.96;-0.27;0.38;-0.86;-18.23;1.04;-8.66;0.15;-0.94;-0.34;0.37;-0.24;0.12;0.14;-0.08;1.03;-14.09;-4.51;-4.76;0.79;0.54;0.20;-2.50;1.83;0.79;-0.05;0.45;-0.87;
7.80;5.30;-3.72;0.68;0.71;0.37;0.61;0.43;-2.68;0.56;0.58;-0.56;14.33;-0.79;-5.00;-0.30;0.35;-0.87;2.13;-1.34;0.12;0.15;-0.96;-0.28;0.06;-0.30;0.12;0.15;-0.08;1.03;-0.24;1.71;0.55;0.82;0.52;0.19;0.30;0.24;0.30;-0.06;0.45;-0.89;
1.16;1.22;1.59;0.67;0.66;0.40;0.98;0.55;-0.30;0.54;0.56;-0.57;-0.43;0.18;-0.55;-0.29;0.37;-0.85;-1.77;-0.43;2.26;0.14;-0.96;-0.30;-0.06;-0.55;0.24;0.15;-0.08;1.03;-0.79;0.43;0.73;0.83;0.51;0.19;0.37;0.12;-0.12;-0.06;0.46;-0.89;-0.06;0.30;-0.30;0.21;0.50;0.86;
1.28;0.85;1.10;0.67;0.66;0.39;0.91;0.85;-0.18;0.54;0.56;-0.57;-0.67;-0.37;-1.28;-0.29;0.36;-0.86;1.59;-1.83;0.06;0.12;-0.96;-0.30;0.37;-0.43;0.85;0.15;-0.08;1.03;1.28;1.28;0.55;0.84;0.51;0.19;0.43;-0.18;0.00;-0.05;0.46;-0.88;0.24;0.00;-0.37;0.22;0.51;0.87;
-36.10;-17.13;2.01;0.67;0.66;0.42;2.44;2.07;-1.77;0.51;0.57;-0.60;-74.63;22.99;5.00;-0.25;0.40;-0.86;-14.15;13.48;22.93;0.20;-0.96;-0.32;0.49;-0.67;0.43;0.15;-0.08;1.03;13.60;4.63;13.54;0.86;0.47;0.15;-1.95;0.55;0.43;-0.06;0.46;-0.89;
8.41;0.79;0.67;0.66;0.62;0.44;0.85;-0.55;2.07;0.53;0.57;-0.58;20.24;-7.32;-3.05;-0.27;0.45;-0.83;5.18;-2.99;-3.72;0.09;-0.96;-0.27;-0.12;-0.37;0.30;0.15;-0.08;1.03;-10.67;0.49;1.46;0.83;0.50;0.18;0.06;0.30;0.12;-0.07;0.46;-0.88;0.49;-0.12;-0.43;0.22;0.50;0.86;
-11.71;1.95;-0.61;0.71;0.64;0.43;0.37;1.46;-0.18;0.52;0.56;-0.59;-36.52;7.99;4.09;-0.29;0.43;-0.82;2.80;-0.18;-1.89;0.12;-0.97;-0.22;0.06;-0.18;0.37;0.15;-0.08;1.03;-11.16;0.91;5.06;0.87;0.49;0.19;0.12;0.06;0.12;-0.07;0.46;-0.89;
-20.18;-10.43;-6.28;0.61;0.75;0.40;9.94;-6.46;-1.46;0.49;0.54;-0.63;-20.30;-1.40;7.20;-0.27;0.38;-0.86;-0.85;4.57;4.15;0.14;-0.96;-0.31;0.49;-0.12;0.30;0.15;-0.08;1.04;-6.65;1.77;7.62;0.81;0.52;0.20;1.22;-0.67;-0.12;-0.06;0.45;-0.88;
7.13;3.60;-1.28;0.66;0.67;0.39;-2.01;0.24;1.95;0.55;0.55;-0.58;-2.68;0.24;-1.89;-0.28;0.38;-0.85;0.12;-0.61;0.24;0.14;-0.94;-0.31;0.43;-0.24;0.49;0.15;-0.08;1.03;3.78;0.98;-1.10;0.83;0.52;0.20;0.18;-0.12;-0.49;-0.05;0.46;-0.89;
-2.07;-2.50;0.24;0.67;0.67;0.40;0.12;-0.24;-0.55;0.54;0.57;-0.57;1.89;-0.61;-2.93;-0.29;0.38;-0.85;2.87;-0.55;-0.49;0.15;-0.96;-0.30;0.06;-0.12;0.49;0.15;-0.08;1.04;-3.11;1.28;2.13;0.82;0.52;0.20;0.30;-0.06;0.49;-0.06;0.46;-0.88;
6.65;4.27;2.32;0.68;0.68;0.39;1.71;1.10;0.91;0.54;0.57;-0.57;-2.01;-1.04;-0.79;-0.29;0.39;-0.86;0.91;-3.90;1.04;0.14;-0.95;-0.30;0.49;-0.55;0.30;0.15;-0.08;1.03;-2.62;0.55;2.32;0.83;0.52;0.18;0.37;0.30;-0.37;-0.06;0.45;-0.89;0.73;0.37;-0.61;0.21;0.50;0.86;
0.06;1.22;-0.24;0.65;0.67;0.38;0.00;-0.55;-0.43;0.55;0.57;-0.58;-2.20;-0.30;-1.28;-0.29;0.37;-0.86;1.46;-4.02;0.98;0.13;-0.97;-0.31;-0.24;0.00;-0.12;0.15;-0.08;1.03;-0.98;0.91;0.79;0.83;0.52;0.18;0.18;-0.06;0.18;-0.06;0.47;-0.89;
-2.99;0.55;0.49;0.67;0.68;0.39;0.24;-0.18;0.18;0.54;0.56;-0.58;0.00;0.24;-0.18;-0.28;0.37;-0.85;-0.67;0.61;0.00;0.13;-0.95;-0.29;0.12;-0.43;0.37;0.15;-0.08;1.04;0.73;0.55;1.16;0.83;0.51;0.20;0.00;0.37;0.61;-0.06;0.46;-0.89;-0.37;-0.06;-0.30;0.21;0.50;0.85;
