-1.89;-1.28;-0.98;0.64;0.69;0.37;0.12;-0.06;-0.43;0.53;0.56;-0.59;-0.18;0.12;-0.55;-0.36;0.17;-0.89;0.00;-0.79;0.37;0.05;-0.99;-0.26;0.30;-0.06;0.12;0.17;-0.14;1.02;0.67;0.61;1.28;0.82;0.52;0.20;0.49;-0.37;0.12;-0.10;0.29;-0.95;
-0.61;-1.10;0.18;0.65;0.69;0.37;0.18;0.30;-0.18;0.53;0.57;-0.59;0.43;0.18;-0.98;-0.36;0.16;-0.88;1.34;-0.79;-0.18;0.04;-0.97;-0.25;0.24;-0.30;0.18;0.16;-0.15;1.02;1.16;0.18;1.52;0.83;0.53;0.18;0.37;0.37;0.12;-0.10;0.29;-0.95;
0.18;-0.85;-0.98;0.64;0.69;0.38;1.40;-0.06;0.00;0.53;0.56;-0.60;0.85;-0.18;-0.30;-0.36;0.15;-0.88;-0.61;-0.30;0.61;0.05;-0.98;-0.25;0.00;-0.18;0.30;0.17;-0.15;1.03;-2.20;0.85;1.95;0.82;0.53;0.19;-0.12;0.30;-0.12;-0.10;0.30;-0.95;
2.50;-0.24;0.12;0.66;0.69;0.37;0.73;-0.98;-0.18;0.53;0.56;-0.60;1.10;-0.18;-0.73;-0.35;0.16;-0.89;0.06;-0.43;0.73;0.04;-0.98;-0.25;0.43;-0.30;0.49;0.17;-0.15;1.02;-0.30;0.30;1.52;0.83;0.52;0.19;0.37;0.00;0.37;-0.09;0.29;-0.96;
0.85;-0.37;0.06;0.65;0.70;0.37;0.55;-0.30;-0.18;0.53;0.56;-0.60;1.10;-0.55;-1.22;-0.36;0.16;-0.89;-0.85;-0.73;1.16;0.05;-0.98;-0.25;0.12;-0.12;0.24;0.17;-0.14;1.03;-0.79;-0.30;1.28;0.83;0.52;0.19;0.30;0.12;-0.37;-0.10;0.30;-0.95;
-1.71;-0.37;0.30;0.65;0.69;0.37;0.12;0.24;0.49;0.52;0.56;-0.59;0.61;-0.12;-0.73;-0.36;0.16;-0.89;0.98;-0.73;-0.55;0.04;-0.98;-0.25;0.49;-0.37;0.24;0.17;-0.15;1.01;0.61;0.73;0.98;0.83;0.52;0.19;0.37;-0.06;0.06;-0.10;0.29;-0.94;
-4.63;-1.77;-1.04;0.66;0.68;0.38;-0.12;0.43;0.06;0.52;0.56;-0.60;1.04;-0.73;-0.73;-0.36;0.16;-0.89;-1.04;0.12;1.83;0.04;-0.97;-0.25;0.00;-0.24;0.43;0.16;-0.14;1.03;0.00;0.91;1.46;0.82;0.53;0.18;0.18;0.12;0.12;-0.10;0.29;-0.95;
-0.24;-0.67;0.91;0.65;0.69;0.37;0.55;-0.06;0.43;0.52;0.57;-0.59;-0.12;0.18;-1.22;-0.35;0.15;-0.88;-0.98;-0.43;0.55;0.04;-0.98;-0.25;-0.18;-0.06;0.43;0.16;-0.15;1.03;-1.22;0.49;1.83;0.83;0.53;0.18;-0.24;-0.06;-0.24;-0.10;0.29;-0.95;
0.30;1.22;0.00;0.66;0.69;0.37;0.91;0.12;0.73;0.53;0.55;-0.60;0.79;-0.18;-1.16;-0.35;0.16;-0.88;0.00;-0.12;0.30;0.05;-0.98;-0.25;0.37;-0.24;0.06;0.16;-0.14;1.03;1.16;0.37;1.16;0.83;0.52;0.20;0.24;-0.37;-0.24;-0.09;0.30;-0.95;0.30;0.43;0.06;0.26;0.42;0.88;
-4.94;-3.41;1.52;0.65;0.68;0.39;0.18;0.30;-0.43;0.52;0.55;-0.60;-0.06;-0.24;-1.22;-0.36;0.16;-0.89;0.24;-1.10;1.22;0.04;-0.99;-0.24;0.24;-0.43;0.18;0.16;-0.14;1.03;-0.37;1.71;1.52;0.83;0.51;0.19;-0.24;-0.12;0.43;-0.10;0.29;-0.95;
-4.02;-2.38;-0.24;0.65;0.67;0.36;0.06;1.16;0.18;0.52;0.56;-0.60;-0.79;-1.16;-1.16;-0.35;0.15;-0.89;1.34;-0.55;0.61;0.04;-0.98;-0.25;0.06;-0.49;0.24;0.17;-0.14;1.02;1.52;0.43;0.55;0.83;0.52;0.19;-0.49;-0.12;0.12;-0.10;0.29;-0.96;
14.39;-0.37;-1.52;0.65;0.70;0.41;0.49;0.00;0.73;0.53;0.55;-0.60;-0.49;-0.55;-1.28;-0.37;0.17;-0.88;-0.30;-0.85;1.22;0.04;-0.97;-0.25;0.00;-0.30;0.61;0.16;-0.15;1.02;-0.24;1.04;1.22;0.83;0.53;0.19;0.18;0.00;0.00;-0.09;0.30;-0.95;
-3.60;-1.59;1.71;0.65;0.66;0.36;1.65;-0.06;-0.24;0.53;0.55;-0.60;-0.30;0.37;-1.10;-0.37;0.17;-0.88;-0.61;-0.67;0.79;0.05;-0.99;-0.25;0.37;-0.24;0.12;0.16;-0.15;1.02;-1.10;0.79;0.98;0.82;0.52;0.20;0.61;-0.18;0.18;-0.10;0.29;-0.94;
-0.30;-0.37;-0.06;0.65;0.68;0.38;0.67;-0.18;0.37;0.52;0.56;-0.60;-0.30;0.30;-1.46;-0.36;0.16;-0.88;-0.73;-0.49;0.61;0.04;-0.97;-0.26;-0.37;-0.24;0.43;0.17;-0.14;1.02;0.00;0.43;1.46;0.83;0.52;0.19;0.30;0.24;-0.12;-0.10;0.29;-0.94;
-0.61;-0.24;-0.24;0.65;0.69;0.38;0.55;0.06;0.00;0.52;0.56;-0.60;-0.24;-0.18;-0.67;-0.36;0.16;-0.88;0.00;-0.73;-0.24;0.05;-0.98;-0.25;0.24;-0.30;0.61;0.17;-0.15;1.01;0.00;1.16;1.34;0.83;0.53;0.19;0.00;-0.18;0.12;-0.10;0.30;-0.95;
-1.46;-1.34;0.12;0.65;0.69;0.37;0.30;-0.12;-0.12;0.53;0.57;-0.59;0.98;-1.16;-1.83;-0.35;0.16;-0.89;0.67;-0.30;0.49;0.04;-0.97;-0.25;-0.24;0.00;0.67;0.16;-0.14;1.02;0.67;0.85;1.22;0.83;0.52;0.19;0.00;-0.18;0.37;-0.10;0.29;-0.94;0.73;-0.24;-0.67;0.27;0.42;0.89;
1.28;0.12;-0.06;0.64;0.68;0.38;-0.12;0.12;0.24;0.52;0.55;-0.60;0.12;-0.79;-1.04;-0.36;0.16;-0.89;1.16;-0.24;0.37;0.04;-0.97;-0.25;0.37;-0.18;-0.06;0.17;-0.14;1.02;-0.43;0.67;1.46;0.83;0.52;0.19;0.18;0.00;0.18;-0.10;0.29;-0.96;0.30;0.00;-0.61;0.27;0.42;0.87;
-0.30;-0.30;1.10;0.64;0.69;0.37;0.30;0.43;0.37;0.52;0.55;-0.60;-0.30;-0.49;-1.16;-0.36;0.17;-0.89;0.79;-0.61;-0.30;0.05;-0.98;-0.26;0.49;-0.49;0.12;0.17;-0.15;1.02;-0.85;0.73;1.95;0.83;0.52;0.20;-0.24;0.18;-0.06;-0.11;0.30;-0.95;
-1.10;-0.30;-0.12;0.65;0.70;0.37;-0.12;0.55;0.18;0.53;0.56;-0.60;-0.06;-0.67;-1.28;-0.36;0.15;-0.89;1.04;-0.67;-0.49;0.05;-0.98;-0.25;0.49;0.30;0.12;0.17;-0.15;1.02;-0.43;0.49;1.46;0.83;0.52;0.19;-0.06;0.24;-0.73;-0.09;0.29;-0.94;
1.46;1.34;0.43;0.66;0.68;0.36;0.61;0.18;-0.24;0.53;0.55;-0.60;-0.43;-0.67;-1.04;-0.36;0.17;-0.89;1.04;0.18;-0.12;0.05;-0.98;-0.25;0.06;-0.37;0.43;0.17;-0.14;1.02;0.79;0.73;0.73;0.82;0.53;0.20;0.49;-0.06;0.12;-0.09;0.30;-0.95;0.37;0.18;-0.30;0.27;0.42;0.88;
-5.61;-4.27;0.37;0.65;0.69;0.39;0.67;0.55;0.30;0.52;0.56;-0.59;-1.22;-0.91;-2.13;-0.36;0.15;-0.89;0.55;-1.28;0.85;0.03;-0.97;-0.26;0.24;0.49;0.00;0.17;-0.15;1.03;0.55;1.10;1.34;0.82;0.52;0.19;0.24;-0.12;0.73;-0.10;0.29;-0.95;
1.71;1.46;0.98;0.65;0.68;0.37;1.16;0.37;0.37;0.52;0.56;-0.60;-0.43;-0.24;-1.34;-0.36;0.16;-0.89;0.55;-0.98;0.12;0.05;-0.98;-0.24;-0.49;-0.30;0.06;0.16;-0.14;1.02;-2.07;1.16;2.44;0.83;0.53;0.19;0.30;0.12;0.00;-0.09;0.29;-0.94;0.55;-0.12;-0.55;0.26;0.42;0.88;
0.61;0.37;0.24;0.64;0.69;0.36;0.37;0.00;-0.06;0.53;0.56;-0.60;-0.12;-0.30;-1.04;-0.36;0.16;-0.89;0.30;-0.49;0.00;0.04;-0.98;-0.24;-0.12;-0.67;0.49;0.16;-0.14;1.02;-0.49;0.85;1.46;0.83;0.52;0.20;0.24;0.00;-0.06;-0.10;0.30;-0.95;0.12;0.24;-0.12;0.26;0.43;0.88;
-0.30;0.30;1.65;0.64;0.68;0.38;0.30;0.18;0.12;0.53;0.56;-0.60;0.85;-0.24;-0.55;-0.35;0.16;-0.88;0.18;-0.06;-0.49;0.04;-0.97;-0.25;0.18;-0.37;0.49;0.17;-0.15;1.03;1.46;0.30;1.22;0.83;0.52;0.20;0.06;0.37;-0.12;-0.10;0.30;-0.94;0.24;-0.18;-0.79;0.26;0.41;0.87;
-3.60;-2.20;-0.55;0.65;0.69;0.37;0.37;0.55;-0.06;0.52;0.56;-0.59;-0.18;-0.37;-0.49;-0.36;0.17;-0.89;0.06;-0.12;0.30;0.04;-0.98;-0.25;0.61;-0.55;0.30;0.16;-0.14;1.02;0.55;0.24;0.79;0.82;0.53;0.19;0.06;-0.24;-0.06;-0.10;0.29;-0.95;
0.43;-0.49;0.43;0.65;0.69;0.37;0.79;0.43;0.24;0.52;0.56;-0.60;-0.30;-0.30;-0.98;-0.36;0.16;-0.90;-0.06;-0.98;1.04;0.04;-0.97;-0.25;0.12;-0.37;0.30;0.16;-0.15;1.03;-0.61;0.37;1.65;0.83;0.53;0.18;0.37;0.18;-0.43;-0.10;0.29;-0.93;
1.52;2.01;0.79;0.64;0.70;0.38;0.55;0.43;-0.06;0.53;0.56;-0.59;-0.79;-0.67;-1.71;-0.36;0.16;-0.89;0.61;-0.06;-0.30;0.04;-0.98;-0.24;0.37;-0.18;0.30;0.17;-0.14;1.03;-0.79;1.16;1.95;0.83;0.52;0.19;-0.30;-0.43;-0.18;-0.09;0.31;-0.94;
0.49;-0.85;1.16;0.65;0.69;0.37;0.18;0.06;0.06;0.53;0.55;-0.60;-0.12;-0.18;-0.67;-0.36;0.16;-0.88;-0.73;-0.37;0.91;0.04;-0.98;-0.25;0.43;-0.37;0.24;0.16;-0.14;1.03;-1.04;0.49;2.26;0.83;0.51;0.18;-0.24;0.12;-0.12;-0.10;0.29;-0.95;
-2.32;-0.85;-1.28;0.66;0.70;0.39;0.24;0.06;0.12;0.53;0.56;-0.60;0.55;0.37;-0.06;-0.36;0.17;-0.88;0.00;0.00;-0.12;0.04;-0.99;-0.25;0.30;-0.61;0.24;0.16;-0.14;1.03;-0.73;0.49;1.34;0.83;0.53;0.18;0.61;-0.06;0.18;-0.10;0.29;-0.95;
-0.67;1.34;-3.78;0.68;0.67;0.39;0.49;0.49;-0.37;0.52;0.56;-0.60;-0.73;-1.59;-3.23;-0.35;0.16;-0.90;2.26;-1.65;0.30;0.05;-0.97;-0.25;0.49;-0.06;0.30;0.17;-0.14;1.02;-0.91;1.10;0.98;0.82;0.52;0.18;0.37;-0.12;0.00;-0.10;0.30;-0.96;
