-5.67;3.90;-3.17;0.97;-0.19;-0.06;6.83;3.29;-1.71;0.05;0.85;-0.52;12.56;8.96;8.84;-0.44;-0.77;-0.40;13.96;2.62;0.49;0.51;-0.68;0.49;0.43;0.37;0.61;0.20;-0.23;1.00;3.17;7.87;-1.59;0.63;0.62;0.38;0.37;0.55;0.18;-0.12;0.20;-0.97;0.18;0.12;-0.18;0.27;0.44;0.88;
-3.48;0.98;-0.61;0.99;-0.17;-0.09;-1.04;-2.80;0.79;0.02;0.85;-0.50;6.52;4.02;9.21;-0.47;-0.62;-0.41;0.00;2.62;2.07;0.46;-0.66;0.57;0.37;-0.06;0.30;0.19;-0.23;1.00;-2.50;-0.24;1.16;0.67;0.61;0.40;
-0.98;-10.85;2.87;1.00;-0.18;-0.07;2.74;2.01;0.67;0.06;0.86;-0.50;4.51;-2.50;-3.11;-0.45;-0.72;-0.44;3.35;0.37;-0.73;0.48;-0.67;0.55;0.12;-0.55;0.30;0.20;-0.24;1.00;2.38;2.80;2.20;0.61;0.64;0.45;
-6.28;-7.44;-2.26;1.01;-0.14;-0.14;0.12;0.12;-1.65;0.03;0.84;-0.50;-2.32;0.30;-0.73;-0.40;-0.75;-0.46;1.77;-0.24;0.61;0.45;-0.63;0.65;0.43;-0.30;0.37;0.20;-0.23;1.00;-0.91;0.12;0.98;0.64;0.63;0.43;
0.00;3.29;1.83;1.00;-0.14;-0.13;0.37;0.24;0.73;0.05;0.85;-0.50;-0.18;-1.22;-1.46;-0.40;-0.77;-0.44;-4.51;-2.20;1.22;0.46;-0.65;0.63;0.30;-0.37;0.12;0.20;-0.23;0.99;-1.04;0.49;2.20;0.64;0.62;0.43;0.18;-0.18;-0.37;0.27;0.44;0.88;
0.61;1.52;-2.56;1.02;-0.15;-0.10;1.10;-0.98;0.79;0.06;0.84;-0.50;2.01;-0.61;-1.40;-0.39;-0.75;-0.47;0.00;0.49;0.43;0.48;-0.66;0.62;-0.24;-0.06;0.37;0.20;-0.23;0.99;-0.61;1.77;2.50;0.64;0.62;0.44;0.24;0.00;-0.43;0.26;0.44;0.88;
-0.91;-2.56;1.77;1.01;-0.15;-0.10;0.61;0.67;0.12;0.05;0.83;-0.49;0.43;-0.85;-1.10;-0.40;-0.76;-0.46;2.26;1.04;0.06;0.45;-0.64;0.64;0.49;0.06;0.61;0.20;-0.24;1.00;-0.49;0.67;1.16;0.63;0.64;0.43;-0.30;0.06;0.30;-0.11;0.20;-0.97;
0.73;3.54;-0.85;1.01;-0.14;-0.13;4.82;2.62;2.07;0.04;0.85;-0.49;-1.83;-0.06;0.00;-0.38;-0.76;-0.48;7.38;2.20;-1.22;0.47;-0.68;0.59;0.06;-0.30;0.24;0.20;-0.23;0.99;-1.40;0.24;2.44;0.64;0.63;0.41;0.55;0.18;0.37;-0.12;0.20;-0.96;-0.12;0.18;-0.06;0.26;0.43;0.87;
-2.87;-1.04;-0.37;1.00;-0.13;-0.10;-0.49;0.43;-0.98;0.05;0.84;-0.49;-2.80;1.28;-1.83;-0.38;-0.77;-0.48;-9.88;-8.23;-1.04;0.44;-0.73;0.62;0.43;0.37;0.18;0.21;-0.23;1.00;-1.77;0.12;-2.50;0.59;0.65;0.44;
0.98;-5.00;12.56;1.01;-0.12;-0.13;2.56;0.43;0.06;0.07;0.88;-0.48;1.52;0.79;-2.07;-0.42;-0.76;-0.46;0.43;-1.16;0.30;0.47;-0.71;0.55;0.00;-0.49;-0.06;0.19;-0.23;0.99;0.49;0.37;3.54;0.62;0.63;0.43;0.43;-0.37;0.49;-0.11;0.20;-0.97;
6.28;8.35;-4.76;1.00;-0.15;-0.11;1.34;0.55;1.28;0.03;0.83;-0.50;1.04;-5.12;-2.44;-0.40;-0.74;-0.45;6.04;5.55;-1.22;0.45;-0.68;0.61;0.24;-0.49;0.43;0.20;-0.23;1.00;0.85;1.46;1.71;0.63;0.64;0.42;-0.06;0.12;0.30;-0.11;0.20;-0.97;-0.06;-0.24;-0.30;0.26;0.44;0.88;
-2.26;-5.85;0.67;0.99;-0.13;-0.13;2.07;0.98;0.12;0.04;0.84;-0.49;-1.95;0.24;-0.91;-0.39;-0.78;-0.43;-9.27;-3.90;4.45;0.45;-0.64;0.68;0.61;-0.24;0.61;0.20;-0.23;0.99;-7.13;19.51;28.96;0.64;0.66;0.36;
-5.85;-5.00;-2.87;0.99;-0.03;-0.10;4.15;-2.74;4.45;0.04;0.88;-0.54;-22.87;16.77;0.37;-0.43;-0.89;-0.56;22.13;-3.05;-10.06;0.54;-0.57;0.59;0.30;-0.61;0.18;0.20;-0.24;1.00;25.00;0.85;4.70;0.53;0.69;0.35;0.49;-0.24;0.43;-0.11;0.20;-0.97;0.73;-0.12;-0.55;0.25;0.43;0.87;
9.76;4.76;10.12;1.05;-0.27;0.02;-3.84;2.13;-2.32;0.15;0.82;-0.46;-1.59;-1.77;0.49;-0.34;-0.69;-0.62;-6.04;-3.23;-2.99;0.46;-0.66;0.65;0.00;-0.55;0.49;0.20;-0.22;0.98;-0.73;-2.01;-1.59;0.58;0.67;0.41;
