
N1:
-0.06;0.06;0.61;0.21;0.04;1.01;0.91;0.79;0.00;0.11;0.17;-0.98;

N1:
0.12;0.06;0.18;0.21;0.03;1.02;0.30;0.06;0.24;0.12;0.17;-0.98;

N1:
-0.61;0.00;-0.12;0.20;0.03;1.01;0.24;-0.30;0.06;0.12;0.17;-0.98;

N1:
0.12;-0.30;0.43;0.21;0.02;1.02;0.67;-0.06;0.18;0.11;0.17;-0.98;

N1:
0.00;-0.18;-0.79;0.21;0.02;1.02;-0.06;-0.06;0.18;0.12;0.18;-0.98;

N1:
-0.79;-0.30;0.30;0.20;0.03;1.00;0.43;0.67;-0.12;0.12;0.18;-0.98;

N1:
0.00;-0.30;-0.06;0.21;0.03;1.01;0.12;0.85;0.24;0.12;0.18;-0.98;

N1:
0.00;0.24;0.18;0.21;0.03;1.01;-0.12;0.24;0.12;0.12;0.17;-0.97;

N1:
-0.30;0.24;-0.37;0.21;0.03;1.02;0.06;0.24;-0.06;0.12;0.17;-0.96;

N1:
-0.24;-0.12;0.24;0.20;0.03;1.02;0.18;-0.06;0.00;0.12;0.17;-0.98;

N1:
-0.61;-0.30;0.43;0.20;0.03;1.02;0.18;0.55;0.43;0.11;0.18;-0.98;

N1:
-0.73;-0.12;-0.12;0.22;0.03;1.01;0.61;-0.06;0.30;0.11;0.17;-0.98;

N1:
-0.43;-0.79;0.00;0.21;0.03;1.02;0.37;0.06;0.18;0.12;0.17;-0.98;

N1:
-0.67;0.67;0.00;0.20;0.03;1.01;0.18;0.18;0.18;0.12;0.17;-0.98;

N1:
0.18;-0.37;0.43;0.21;0.03;1.01;0.24;0.18;0.18;0.12;0.17;-0.98;

N1:
-0.43;0.00;0.30;0.21;0.03;1.01;0.43;0.30;0.00;0.11;0.17;-0.98;

N1:
0.00;0.00;-0.24;0.21;0.03;1.03;0.61;0.00;0.12;0.12;0.17;-0.99;

N1:
-0.18;-0.30;-0.79;0.21;0.02;1.01;0.30;-0.37;0.18;0.12;0.17;-0.97;

N1:
-0.73;-0.37;0.30;0.20;0.02;1.01;0.24;0.67;0.06;0.12;0.16;-0.98;

N1:
-0.43;-0.67;0.18;0.20;0.02;1.02;0.30;0.79;0.24;0.12;0.18;-0.98;

N1:
-0.55;-0.37;-0.06;0.20;0.03;1.01;0.37;0.37;0.67;0.12;0.17;-0.98;

N1:
-0.49;-0.24;0.79;0.20;0.03;1.01;0.55;-0.06;-0.06;0.11;0.17;-0.99;

N1:
-0.73;0.06;-0.06;0.21;0.02;1.01;0.61;0.12;0.61;0.13;0.16;-0.97;

N1:
0.37;-0.06;0.43;0.21;0.03;1.01;0.30;0.30;-0.18;0.12;0.18;-0.98;

N1:
-0.43;-0.37;-0.61;0.21;0.03;1.02;0.73;0.18;0.12;0.12;0.16;-0.97;

N1:
0.12;-0.12;-0.18;0.20;0.03;1.02;0.24;0.12;0.12;0.11;0.17;-0.97;

N1:
0.00;0.00;-0.06;0.21;0.03;1.01;0.49;0.18;0.30;0.12;0.17;-0.97;

N1:
-0.30;0.43;-0.30;0.20;0.03;1.01;-0.98;-0.06;0.12;0.12;0.16;-0.96;

N1:
0.00;-0.37;-0.12;0.20;0.03;1.02;253.35;32.74;155.67;0.49;0.42;-1.36;

N1:
-0.85;-0.06;0.18;0.20;0.03;1.00;-104.39;-219.15;-26.46;0.70;0.18;-0.96;

N1:
-0.61;-0.06;0.30;0.20;0.02;1.00;-602.56;-27.74;194.15;-0.80;0.07;-0.25;

N1:
-0.43;-0.43;0.06;0.21;0.02;1.02;145.79;231.22;19.27;-0.27;0.17;-0.37;

N1:
-0.06;-0.30;-0.12;0.21;0.03;1.01;51.22;78.05;78.48;-0.27;0.32;-1.21;

N1:
-0.49;0.00;-0.24;0.21;0.03;1.00;19.76;-10.00;-53.78;-0.35;-0.54;-0.93;

N1:
-0.18;-0.37;0.12;0.21;0.02;1.02;137.80;119.70;-209.76;0.16;-0.51;-0.85;

N1:
-0.85;-0.73;0.18;0.20;0.02;1.00;-15.30;-12.26;9.82;0.31;-0.55;-0.72;

N1:
-0.37;-0.06;0.24;0.20;0.03;1.01;-0.30;-0.24;0.00;0.28;-0.60;-0.78;

N1:
0.24;-0.18;-0.06;0.21;0.02;1.01;14.33;15.73;56.65;0.35;-0.79;-0.94;

N1:
0.30;-0.24;0.06;0.20;0.02;1.03;-29.02;-50.06;111.77;-0.51;-1.21;-1.63;

N1:
-0.37;-0.06;0.18;0.21;0.03;1.01;-19.88;-19.09;24.27;-0.67;0.13;-0.54;

N1:
-0.43;-0.12;0.24;0.20;0.02;1.01;-6.46;-4.02;23.60;-0.59;0.42;-0.59;

N1:
-0.43;-0.61;0.12;0.21;0.03;1.01;-0.98;4.15;2.68;-0.60;0.51;-0.65;

N1:
-0.37;-0.24;0.49;0.21;0.02;1.02;-4.51;-2.50;0.85;-0.60;0.54;-0.64;

N1:
-0.06;-0.18;0.00;0.21;0.02;1.01;-4.33;-3.11;0.00;-0.62;0.52;-0.59;

N1:
-0.24;-0.18;0.24;0.21;0.02;1.00;2.62;3.66;-1.83;-0.60;0.54;-0.62;

N1:
-0.61;-0.12;-0.12;0.20;0.03;1.02;-0.98;-2.01;-0.30;-0.60;0.54;-0.57;

N1:
-0.55;-0.49;-0.18;0.21;0.02;1.02;-4.02;-2.62;0.55;-0.61;0.56;-0.58;

N1:
-0.18;0.06;-0.06;0.21;0.03;1.01;-0.43;0.06;0.06;-0.60;0.56;-0.58;

N1:
-0.85;-0.06;-0.06;0.21;0.03;1.02;140.30;1.52;-303.05;-0.31;0.16;-0.73;

N1:
-0.43;-0.18;0.24;0.20;0.03;1.02;22.68;58.23;-88.23;-0.42;-0.73;-1.08;

N1:
-0.06;0.24;0.18;0.21;0.03;1.02;21.28;4.15;-17.44;0.28;-0.93;-0.38;

N1:
-0.06;-0.24;-0.30;0.20;0.03;1.01;91.89;-7.80;-63.90;0.33;-0.99;-0.30;

N1:
-0.06;-0.55;0.55;0.21;0.03;1.01;-3.84;-17.26;-20.18;0.46;-0.81;-0.27;

N1:
-0.61;-0.30;-0.12;0.20;0.02;1.02;7.26;-2.68;-8.35;0.47;-0.84;-0.21;

N1:
0.06;-0.18;-0.06;0.21;0.03;1.02;-104.33;-7.13;60.30;0.39;-0.95;-0.44;

N1:
-0.24;-0.18;-0.12;0.20;0.03;1.01;-23.54;-22.44;34.63;-0.10;-0.62;-0.76;

N1:
-1.59;-0.55;0.55;0.21;0.03;1.02;-58.23;-33.05;32.44;-0.31;-0.64;-0.96;

N1:
-0.30;0.00;0.00;0.21;0.02;1.01;24.02;-66.34;19.15;-1.01;-0.10;-0.51;

N1:
-0.61;-0.18;0.43;0.21;0.03;1.02;104.39;10.18;6.71;-1.01;-0.09;-0.25;

N1:
-0.49;-0.67;-0.12;0.20;0.03;1.02;2.74;-6.04;10.06;-1.00;-0.05;-0.05;

N1:
0.12;-0.30;0.49;0.20;0.02;1.02;2.44;-2.07;1.59;-1.02;-0.07;-0.06;

N1:
-0.37;-0.12;0.43;0.21;0.02;1.01;5.24;-5.24;1.16;-1.03;-0.08;-0.04;

N1:
-1.28;-0.30;-0.06;0.21;0.03;1.01;0.67;0.37;3.84;-1.03;-0.08;-0.02;

N1:
-0.24;0.06;0.55;0.21;0.02;1.02;-10.18;7.50;-15.91;-1.09;-0.11;-0.04;

N1:
-0.30;-0.55;0.12;0.21;0.03;1.00;-4.76;79.09;-181.77;-0.07;-0.85;-1.46;

N1:
-0.49;-0.49;0.49;0.21;0.03;1.02;69.88;443.29;-209.70;-0.22;-0.41;-1.00;

N1:
-0.49;-0.61;0.30;0.20;0.03;1.01;-29.39;-105.24;-109.27;-0.52;-0.21;-0.29;

N1:
-0.24;-0.67;-0.06;0.21;0.02;1.01;-343.96;-305.18;309.51;0.08;-0.15;-0.52;

N1:
0.24;-0.12;-0.43;0.21;0.03;1.01;-43.54;-60.30;10.43;-0.66;0.37;-0.86;

N1:
-0.37;-0.12;0.49;0.21;0.03;1.02;-267.13;-199.57;216.77;-0.39;-0.26;-0.93;

N1:
-0.24;-0.30;0.24;0.21;0.02;1.00;1.83;380.61;244.88;0.10;0.16;-0.05;

N1:
-0.85;-0.61;0.37;0.20;0.01;1.02;-1.46;0.06;0.61;0.14;0.08;-0.99;

N1:
-0.55;-0.61;0.06;0.20;0.02;1.01;-0.67;0.30;0.06;0.14;0.08;-0.99;

N1:
7.13;3.60;-61.65;0.26;0.12;1.02;-0.55;0.43;-0.30;0.15;0.09;-0.99;

N1:
-236.65;15.43;-34.57;-0.06;-0.29;0.55;0.00;0.37;-0.06;0.14;0.10;-0.97;

N1:
85.43;197.99;-56.95;0.09;-0.54;0.73;-0.24;0.37;-0.12;0.14;0.10;-0.99;

N1:
-111.65;-243.41;256.65;-0.61;0.72;0.39;0.00;0.73;0.30;0.14;0.10;-0.99;

N1:
-11.46;-154.27;190.49;-0.86;-0.31;-0.16;-0.37;0.18;0.18;0.13;0.11;-0.98;

N1:
5.67;-131.22;243.41;-0.40;-0.01;0.38;-3.54;0.55;0.61;0.13;0.10;-0.98;

N1:
0.37;8.60;-1.22;-0.27;-0.04;0.98;5.30;25.67;-71.65;0.24;0.24;-1.14;

N1:
-41.46;-99.21;19.76;0.02;-0.15;1.09;394.57;367.20;148.23;0.63;-0.40;-0.84;

N1:
-22.93;-37.20;-4.33;0.34;-0.32;0.87;-186.52;-303.96;-123.60;0.07;-0.83;-1.36;

N1:
-0.73;-3.29;1.34;0.40;-0.33;0.91;-12.32;-49.94;1.04;-0.43;-0.28;-0.74;

N1:
-4.02;-6.28;0.00;0.43;-0.34;0.91;157.01;264.57;99.02;0.10;-0.47;-1.68;

N1:
-20.91;-0.67;10.24;0.32;-0.36;0.97;-43.84;-12.87;5.18;-0.27;-0.32;-0.79;

N1:
-131.59;-217.07;34.45;0.58;-0.21;0.48;64.21;174.63;161.04;0.16;0.05;-1.34;

N1:
280.37;555.85;-42.07;1.30;-0.79;2.00;-132.74;-270.49;-107.74;-0.33;-0.64;-0.28;

N1:
100.00;190.37;-43.78;0.40;-0.26;0.46;48.05;48.41;-24.51;-0.03;-0.23;-1.33;

N1:
-237.32;-437.07;-67.38;0.93;-0.68;1.89;189.45;420.55;159.82;0.47;-0.08;-2.00;

N1:
73.23;123.35;37.20;0.27;-0.49;0.59;175.61;98.17;-29.21;-0.20;-0.99;1.50;

N1:
-27.20;-72.93;-11.10;0.59;-0.55;1.73;69.88;-12.68;-36.83;0.17;-0.20;-1.25;

N1:
173.96;369.45;-65.79;0.82;-0.78;1.57;262.62;270.12;115.67;-1.03;-1.05;2.00;

N1:
-121.40;-205.37;36.46;0.50;-0.50;1.05;-40.55;-49.45;-15.91;-0.13;-0.62;-0.29;

N1:
14.51;7.62;25.79;-0.64;-0.36;-0.47;-92.62;-242.32;-94.27;0.16;-0.41;-0.55;

N1:
312.38;829.15;-226.71;1.31;-0.52;0.85;106.59;326.59;386.65;0.13;-0.58;0.15;

N1:
-157.01;-344.51;44.27;0.52;-0.41;0.86;-120.49;-257.99;-116.59;-0.23;-0.90;0.39;

N1:
-48.60;-24.57;43.78;-0.44;-0.18;-0.40;198.29;389.27;137.38;0.50;-0.69;-2.00;

N1:
61.65;124.21;-8.72;0.42;-0.48;0.97;-18.41;-11.04;-29.09;-0.16;-0.33;0.20;

N1:
-1.89;4.51;1.95;0.37;-0.38;0.92;1.77;2.87;-8.84;-0.03;-0.42;-0.91;

N1:
5.98;22.93;-4.63;0.38;-0.43;0.92;-0.24;5.67;-1.77;-0.00;-0.34;-0.92;

N1:
-6.83;-27.07;1.40;0.42;-0.38;0.84;-20.06;-11.89;-1.22;0.03;-0.40;-0.90;

N1:
-18.23;-5.85;-2.07;0.34;-0.28;0.80;7.87;18.78;-4.57;0.06;-0.33;-0.95;

N1:
5.24;-1.28;3.66;0.42;-0.32;0.91;-2.62;2.38;-6.65;0.09;-0.32;-0.96;

N1:
13.78;-2.07;16.28;0.41;-0.26;0.87;-372.38;-76.59;-106.04;-0.32;-0.05;0.02;

N1:
-0.49;6.77;2.50;0.22;-0.00;1.01;-1.71;0.06;1.22;0.13;0.10;-0.99;

N1:
-0.79;-0.12;0.06;0.22;-0.00;1.01;-0.98;-0.24;-0.30;0.13;0.11;-0.97;

N1:
-0.12;0.12;0.55;0.22;0.00;1.01;-0.67;0.00;-0.06;0.13;0.12;-0.98;

N1:
-0.37;-0.91;0.18;0.21;0.00;1.02;0.24;0.30;-0.06;0.13;0.12;-0.99;

N1:
-0.55;-0.12;-0.24;0.22;0.00;1.01;-0.30;-0.18;0.12;0.13;0.11;-0.99;

N1:
0.06;-0.06;0.18;0.22;-0.00;1.01;0.24;0.30;0.00;0.13;0.12;-0.99;

N1:
-0.37;-0.43;0.00;0.22;-0.00;1.01;-0.12;0.18;0.24;0.12;0.12;-0.98;

N1:
0.18;0.12;-0.06;0.22;0.00;1.01;0.24;0.37;0.18;0.13;0.12;-0.99;

N1:
-0.12;-0.49;0.49;0.22;0.00;1.01;0.30;0.12;0.12;0.12;0.13;-0.98;

N1:
17.13;6.46;-3.78;0.22;0.01;1.02;0.67;0.49;0.24;0.12;0.12;-0.98;

N1:
-1.52;-0.43;0.49;0.22;-0.01;1.01;0.12;0.24;0.06;0.13;0.13;-0.98;

N1:
-0.43;0.30;-0.55;0.22;0.01;1.00;0.43;0.55;-0.30;0.12;0.12;-0.98;

N1:
-0.49;0.18;-0.67;0.21;0.00;1.02;0.55;0.85;0.18;0.14;0.13;-0.98;

N1:
0.00;-0.30;-0.49;0.22;-0.00;1.01;0.55;0.30;0.12;0.12;0.12;-0.98;

N1:
-0.37;-0.61;0.00;0.22;0.00;1.02;0.73;0.37;0.24;0.13;0.13;-0.98;

N1:
-0.24;-0.06;-0.24;0.21;-0.00;1.01;0.43;0.18;0.30;0.13;0.13;-0.99;

N1:
0.18;-0.12;0.61;0.22;0.01;1.01;0.00;0.12;0.24;0.12;0.13;-0.98;

N1:
0.12;-0.06;0.49;0.21;-0.00;1.01;0.18;0.12;0.18;0.13;0.13;-0.99;

N1:
-0.55;0.55;0.00;0.21;0.00;1.01;0.18;0.37;0.49;0.13;0.13;-0.99;

N1:
-0.43;-0.12;0.06;0.21;0.01;1.01;0.85;0.12;0.37;0.13;0.13;-0.99;

N1:
0.06;-0.12;0.37;0.21;0.00;1.00;0.61;0.24;0.18;0.13;0.13;-0.98;

N1:
-0.24;-0.18;-0.37;0.22;0.00;1.02;-0.12;0.24;0.55;0.12;0.13;-0.98;

N1:
0.00;-0.24;0.18;0.22;0.01;1.00;0.43;0.30;0.18;0.12;0.12;-0.98;

N1:
0.00;0.12;-0.06;0.21;0.01;1.01;0.06;0.18;0.00;0.13;0.13;-0.99;

N1:
-0.43;-0.18;-0.24;0.21;0.00;1.01;0.37;-0.24;-0.06;0.12;0.13;-0.99;

N1:
-0.30;-0.37;0.06;0.21;0.01;1.00;0.30;0.12;0.12;0.13;0.13;-0.98;

N1:
-0.06;-0.06;0.18;0.22;0.01;1.01;0.30;0.00;0.30;0.12;0.12;-0.99;

N1:
-0.06;0.00;0.24;0.22;0.01;1.01;0.24;0.06;0.06;0.13;0.13;-0.98;

N1:
-0.24;-0.49;0.12;0.23;0.01;1.02;0.49;0.24;0.61;0.12;0.13;-0.98;
