-3.05;0.00;0.98;0.67;0.68;0.39;0.55;-0.12;-0.37;0.55;0.55;-0.58;-0.79;-0.79;-0.49;-0.28;0.38;-0.86;-1.16;-0.30;-0.06;0.13;-0.96;-0.30;0.61;-0.55;0.24;0.15;-0.08;1.03;-0.49;0.24;1.34;0.84;0.52;0.19;0.18;0.00;0.00;-0.06;0.46;-0.89;
-5.98;-1.71;5.73;0.66;0.73;0.43;-1.10;0.00;-0.12;0.55;0.54;-0.60;4.21;-1.10;-0.67;-0.28;0.38;-0.85;0.91;-2.20;-3.66;0.12;-0.96;-0.30;0.18;0.00;0.43;0.14;-0.08;1.03;0.06;-0.12;1.89;0.82;0.52;0.19;0.24;0.00;0.00;-0.06;0.46;-0.88;
-6.28;-4.70;-0.55;0.65;0.68;0.36;-0.12;0.18;0.73;0.55;0.54;-0.59;-0.43;-0.06;-0.55;-0.28;0.38;-0.85;0.24;0.79;0.67;0.12;-0.96;-0.31;-0.30;-0.49;0.43;0.15;-0.09;1.04;0.12;0.49;2.01;0.82;0.52;0.20;0.06;-0.37;-0.43;-0.07;0.45;-0.88;
3.54;1.16;0.85;0.67;0.68;0.36;-0.06;0.06;-0.43;0.54;0.55;-0.58;-3.60;-0.24;-0.85;-0.28;0.36;-0.85;0.73;-0.85;0.37;0.12;-0.96;-0.32;0.30;0.06;0.49;0.14;-0.08;1.03;1.59;-0.67;1.83;0.82;0.53;0.19;0.06;0.24;0.06;-0.06;0.45;-0.89;0.43;-0.24;0.12;0.21;0.50;0.85;
0.85;0.43;0.18;0.66;0.67;0.39;1.16;1.40;0.91;0.54;0.55;-0.58;-1.95;-0.12;-1.40;-0.28;0.37;-0.85;0.18;-1.65;0.55;0.12;-0.94;-0.31;-0.18;-0.24;0.24;0.14;-0.08;1.03;1.34;-0.18;1.95;0.84;0.52;0.18;0.06;-0.06;-0.24;-0.06;0.45;-0.89;0.30;0.06;-0.24;0.22;0.50;0.85;
-5.98;-2.56;6.89;0.68;0.68;0.38;0.12;1.83;-0.06;0.55;0.54;-0.58;-3.11;-1.16;-1.40;-0.28;0.39;-0.85;1.89;-2.07;-0.67;0.12;-0.95;-0.30;-0.06;-0.43;0.18;0.14;-0.07;1.04;1.83;0.79;1.04;0.85;0.50;0.19;0.24;0.24;0.00;-0.07;0.46;-0.89;
-8.90;-3.48;3.96;0.66;0.68;0.39;-0.30;1.10;-0.30;0.55;0.54;-0.58;-4.76;-0.06;-1.65;-0.28;0.39;-0.84;1.95;-0.24;-0.67;0.11;-0.96;-0.29;0.43;-0.06;-0.49;0.14;-0.08;1.03;2.32;0.91;0.43;0.85;0.53;0.18;-0.49;0.37;0.00;-0.09;0.44;-0.90;0.61;-0.06;-0.37;0.21;0.50;0.86;
0.61;5.06;10.73;0.68;0.68;0.41;-3.29;4.02;0.06;0.55;0.51;-0.56;-4.82;-0.73;-0.18;-0.29;0.39;-0.84;3.05;-1.28;0.67;0.12;-0.96;-0.30;0.49;-0.30;0.55;0.14;-0.08;1.04;-0.61;2.13;2.62;0.84;0.52;0.18;0.37;-0.06;-0.24;-0.07;0.46;-0.89;
-9.82;-4.51;11.04;0.68;0.66;0.37;-1.28;1.28;-1.22;0.56;0.56;-0.56;-5.30;-0.91;-0.67;-0.30;0.40;-0.84;2.13;-1.46;1.34;0.10;-0.96;-0.29;0.18;-0.06;0.30;0.15;-0.08;1.03;-2.07;1.22;1.40;0.85;0.52;0.17;-0.18;0.55;0.67;-0.07;0.45;-0.90;
-6.89;-1.22;6.16;0.69;0.66;0.37;0.91;1.71;-0.85;0.55;0.55;-0.58;-6.22;-0.91;-1.16;-0.29;0.40;-0.85;3.17;-1.95;-0.73;0.11;-0.95;-0.29;0.06;-0.61;0.55;0.15;-0.08;1.03;-1.46;1.04;0.73;0.85;0.51;0.18;0.00;-0.43;-0.12;-0.06;0.45;-0.89;
-5.37;0.73;0.91;0.67;0.68;0.38;-0.18;0.43;0.24;0.55;0.55;-0.58;0.43;-1.22;-0.06;-0.29;0.40;-0.84;0.43;2.87;0.00;0.11;-0.96;-0.30;0.24;-0.30;0.18;0.15;-0.08;1.03;1.34;0.85;-0.18;0.83;0.51;0.19;-0.24;0.12;-0.24;-0.06;0.45;-0.89;0.37;0.12;-0.12;0.22;0.50;0.85;
-2.87;-2.13;-5.00;0.67;0.69;0.36;0.06;-0.24;0.61;0.54;0.56;-0.59;2.44;1.16;-3.29;-0.29;0.37;-0.84;-1.40;1.89;-0.18;0.13;-0.95;-0.32;0.30;-0.37;0.79;0.15;-0.08;1.03;1.95;0.98;2.74;0.81;0.52;0.18;0.37;-0.06;0.12;-0.07;0.46;-0.90;
3.54;0.85;-1.59;0.68;0.66;0.39;0.67;-0.24;0.43;0.53;0.55;-0.59;-2.68;0.30;-1.10;-0.28;0.38;-0.86;2.13;-2.20;-1.71;0.13;-0.95;-0.31;0.55;-0.12;0.12;0.15;-0.08;1.03;3.54;0.00;3.11;0.82;0.52;0.20;0.06;0.00;0.24;-0.06;0.46;-0.88;0.18;0.37;-0.49;0.21;0.50;0.85;
5.79;-1.46;-3.72;0.68;0.64;0.38;0.98;-2.07;0.06;0.53;0.55;-0.59;3.54;-0.67;-0.55;-0.27;0.39;-0.87;-0.37;0.61;-0.30;0.13;-0.95;-0.33;-0.06;-0.43;0.18;0.14;-0.08;1.04;-0.12;0.06;4.94;0.82;0.52;0.21;0.37;0.55;0.06;-0.06;0.46;-0.89;
5.55;-1.40;-2.07;0.68;0.66;0.38;0.37;-1.59;0.30;0.53;0.55;-0.60;-1.10;0.55;-0.24;-0.27;0.37;-0.86;-1.16;-1.04;-1.28;0.12;-0.95;-0.33;0.30;-0.24;0.43;0.15;-0.07;1.03;6.28;-1.22;3.41;0.81;0.53;0.17;-0.06;0.30;0.43;-0.06;0.45;-0.89;
-6.89;1.16;2.99;0.67;0.67;0.39;-0.55;2.07;-0.12;0.54;0.54;-0.59;-8.17;1.16;-1.95;-0.29;0.38;-0.85;0.73;-1.65;-0.91;0.12;-0.96;-0.30;-0.06;-0.24;0.37;0.15;-0.08;1.04;-1.65;1.10;2.26;0.84;0.52;0.17;0.24;-0.18;0.06;-0.07;0.45;-0.90;
0.24;-2.80;-1.16;0.66;0.67;0.39;-0.24;-0.79;-0.24;0.55;0.56;-0.57;7.32;-1.04;0.79;-0.29;0.39;-0.84;-3.54;3.41;3.48;0.13;-0.95;-0.30;0.37;-0.18;-0.18;0.14;-0.09;1.04;-0.67;0.73;0.61;0.82;0.53;0.20;-0.12;0.00;0.00;-0.08;0.45;-0.89;0.24;-0.24;-0.85;0.22;0.50;0.86;
11.77;3.66;-3.48;0.70;0.64;0.38;0.85;-0.30;1.52;0.52;0.57;-0.58;1.65;0.06;-0.55;-0.27;0.39;-0.86;2.38;-3.29;-1.04;0.14;-0.95;-0.33;0.55;-0.30;0.06;0.15;-0.08;1.04;-4.51;0.55;2.99;0.82;0.53;0.17;0.06;-0.12;0.00;-0.06;0.46;-0.89;
7.38;5.18;-3.60;0.68;0.65;0.36;0.55;0.06;-0.55;0.52;0.58;-0.59;-1.83;0.85;-1.22;-0.28;0.37;-0.86;-0.73;-0.30;0.49;0.14;-0.95;-0.30;0.18;-0.49;0.30;0.15;-0.08;1.03;-0.98;0.30;2.13;0.83;0.52;0.18;-0.24;0.06;-0.06;-0.07;0.46;-0.89;
0.79;1.28;-5.55;0.68;0.68;0.39;-0.73;0.61;-0.06;0.53;0.56;-0.59;-4.82;0.98;-2.44;-0.28;0.37;-0.85;-1.28;2.93;-0.85;0.13;-0.95;-0.30;0.24;-0.18;0.43;0.15;-0.08;1.03;2.80;0.30;0.49;0.84;0.53;0.17;0.00;0.06;0.18;-0.06;0.46;-0.89;
-8.05;-5.49;-4.51;0.67;0.67;0.39;-0.18;0.18;0.00;0.54;0.56;-0.58;2.74;-0.85;-3.72;-0.27;0.40;-0.86;1.46;2.56;-0.49;0.14;-0.95;-0.31;0.61;-0.61;0.18;0.15;-0.09;1.04;2.32;0.30;0.91;0.81;0.53;0.19;0.06;-0.06;0.06;-0.06;0.46;-0.90;
6.28;3.35;4.33;0.67;0.65;0.38;0.55;0.49;0.43;0.55;0.55;-0.58;0.00;-0.61;0.00;-0.28;0.40;-0.84;1.89;-2.38;0.91;0.12;-0.95;-0.32;0.55;-0.49;0.37;0.15;-0.08;1.02;-3.96;1.34;2.50;0.82;0.52;0.18;-0.12;0.49;-0.06;-0.06;0.45;-0.89;0.49;0.43;-0.12;0.21;0.51;0.86;
-2.01;-0.91;4.63;0.69;0.65;0.38;-2.20;1.10;-1.59;0.54;0.54;-0.58;-3.41;-0.30;-0.85;-0.28;0.41;-0.83;2.38;-2.80;0.00;0.11;-0.96;-0.30;0.91;-0.24;0.30;0.15;-0.08;1.03;-6.04;2.13;1.40;0.85;0.51;0.17;0.73;0.00;0.18;-0.07;0.46;-0.89;
-11.95;-5.00;8.72;0.68;0.67;0.38;0.06;0.49;-0.24;0.54;0.55;-0.58;-2.74;0.24;0.12;-0.29;0.39;-0.84;-0.55;-0.37;0.37;0.11;-0.96;-0.30;0.24;-0.12;0.30;0.15;-0.08;1.04;-1.95;1.40;1.04;0.83;0.52;0.18;-0.67;0.73;0.30;-0.06;0.45;-0.90;
-6.46;-0.12;-0.55;0.69;0.67;0.39;0.06;0.67;-0.67;0.55;0.57;-0.58;-0.06;-0.91;-2.38;-0.28;0.40;-0.84;1.40;0.30;-0.67;0.14;-0.95;-0.31;0.37;-0.37;0.30;0.15;-0.08;1.03;-1.46;0.73;1.77;0.84;0.53;0.17;-0.12;-0.18;0.00;-0.07;0.45;-0.88;
-1.89;-0.79;-0.06;0.67;0.67;0.39;0.91;-0.18;0.49;0.53;0.57;-0.58;-6.83;1.59;0.24;-0.28;0.39;-0.85;-1.22;0.85;-0.37;0.14;-0.96;-0.32;0.61;-0.37;0.12;0.14;-0.08;1.03;-0.91;0.24;1.89;0.83;0.53;0.17;0.24;-0.12;0.18;-0.07;0.46;-0.88;
-0.18;-0.24;-0.24;0.66;0.70;0.39;-0.55;-0.24;0.06;0.54;0.56;-0.58;2.62;-1.52;-0.79;-0.27;0.41;-0.85;1.04;0.61;-0.18;0.14;-0.95;-0.30;0.37;-0.24;0.18;0.14;-0.08;1.03;-0.61;-0.12;0.73;0.83;0.52;0.19;0.06;0.37;0.30;-0.06;0.45;-0.89;
-1.59;-0.98;-0.43;0.67;0.68;0.39;0.61;-0.06;0.67;0.54;0.57;-0.59;-0.12;0.06;0.00;-0.28;0.39;-0.84;0.18;-1.16;0.73;0.13;-0.95;-0.31;0.73;-0.30;-0.06;0.15;-0.08;1.04;-0.55;1.04;1.28;0.83;0.52;0.19;0.12;-0.12;-0.30;-0.07;0.45;-0.89;0.73;-0.06;-0.24;0.22;0.50;0.85;
-5.91;-3.48;0.06;0.66;0.68;0.39;-0.12;0.37;0.24;0.54;0.55;-0.58;-1.04;-0.67;-1.59;-0.27;0.40;-0.85;0.49;0.55;-0.37;0.13;-0.96;-0.31;0.49;-0.30;0.67;0.15;-0.09;1.04;0.49;0.79;1.10;0.82;0.52;0.19;0.18;0.18;-0.30;-0.07;0.45;-0.88;
-2.32;-1.95;-1.16;0.68;0.67;0.39;-0.18;-1.22;0.98;0.55;0.55;-0.60;8.54;-2.32;-1.28;-0.29;0.39;-0.85;-0.37;3.41;-0.06;0.12;-0.96;-0.29;0.37;-0.61;0.30;0.15;-0.09;1.03;-7.20;-0.67;0.67;0.83;0.52;0.18;0.49;-0.06;0.18;-0.06;0.45;-0.89;
-3.54;1.77;0.67;0.67;0.67;0.39;-6.04;13.29;3.78;0.52;0.55;-0.61;6.22;-0.18;-3.90;-0.29;0.35;-0.86;-9.76;0.67;6.22;0.13;-0.94;-0.33;0.43;-0.49;0.12;0.15;-0.08;1.03;9.45;-0.49;-0.55;0.83;0.53;0.15;-0.12;0.85;0.06;-0.07;0.46;-0.89;
-0.55;-0.06;1.95;0.67;0.68;0.39;2.56;1.52;0.18;0.55;0.53;-0.61;1.40;-1.83;-1.40;-0.28;0.38;-0.85;3.72;0.37;-1.28;0.11;-0.95;-0.31;0.30;-0.24;-0.12;0.15;-0.08;1.02;-1.16;0.98;2.68;0.82;0.52;0.20;0.43;0.06;-0.06;-0.06;0.46;-0.89;0.79;0.12;-0.24;0.22;0.51;0.85;
-0.73;-0.18;-0.06;0.66;0.69;0.38;1.28;0.37;0.12;0.56;0.53;-0.60;-1.22;-0.18;-1.10;-0.28;0.37;-0.85;1.34;-1.22;-0.12;0.11;-0.96;-0.31;0.00;-0.37;0.37;0.15;-0.08;1.04;1.04;0.61;0.67;0.84;0.51;0.20;0.18;-0.18;0.24;-0.07;0.45;-0.89;
