-2.68;-2.26;0.18;0.96;0.34;0.02;0.18;-0.67;0.43;0.68;0.68;-0.08;0.79;-0.30;-0.85;-0.92;-0.30;0.12;0.18;-0.67;0.43;0.94;-0.39;-0.06;0.06;-0.37;0.37;-0.14;-0.22;1.01;0.67;0.12;1.10;0.96;-0.30;0.22;0.12;0.06;-0.43;0.24;0.60;-0.77;0.61;0.30;-0.24;0.10;0.72;0.71;
-0.37;-0.79;-0.12;0.97;0.34;0.01;-0.49;2.56;0.24;0.69;0.69;-0.07;-0.06;-0.06;-0.79;-0.91;-0.30;0.12;0.12;-0.37;-0.24;0.93;-0.40;-0.06;-0.06;-0.24;0.49;-0.15;-0.23;1.01;0.98;0.30;1.40;0.96;-0.30;0.21;0.30;0.06;-0.55;0.24;0.59;-0.77;
-2.20;-2.62;-0.61;0.96;0.35;0.01;1.89;-7.74;0.85;0.69;0.69;-0.08;-0.24;-0.43;-0.98;-0.91;-0.29;0.11;0.49;-0.73;-0.06;0.94;-0.40;-0.05;0.00;-0.61;0.12;-0.14;-0.23;1.00;-0.67;0.43;1.95;0.96;-0.30;0.21;-0.06;0.00;0.18;0.24;0.59;-0.78;
-0.12;0.67;0.06;0.96;0.34;0.02;0.12;-6.10;1.71;0.69;0.68;-0.09;0.18;-0.12;-0.43;-0.92;-0.30;0.12;0.00;-0.43;0.06;0.94;-0.39;-0.06;0.12;-0.18;0.67;-0.14;-0.23;1.01;0.79;-0.37;2.44;0.96;-0.31;0.22;0.18;0.49;-0.18;0.25;0.59;-0.77;0.30;0.06;-0.30;0.09;0.71;0.72;
0.73;0.00;1.10;0.97;0.35;0.01;-1.59;2.62;0.73;0.69;0.68;-0.10;0.55;-0.43;-1.22;-0.90;-0.29;0.12;0.30;-0.30;-0.24;0.93;-0.40;-0.06;0.24;-0.49;0.30;-0.15;-0.23;1.01;1.40;1.28;0.24;0.97;-0.31;0.21;0.24;-0.18;0.00;0.25;0.59;-0.77;0.30;0.06;-0.18;0.09;0.72;0.71;
-1.04;0.12;-0.12;0.96;0.35;0.01;-1.52;3.60;0.00;0.69;0.68;-0.08;0.37;-0.61;-1.16;-0.91;-0.30;0.12;-0.06;-0.49;-0.06;0.93;-0.40;-0.06;0.30;3.54;2.26;-0.14;-0.23;1.02;3.29;-0.67;2.20;0.95;-0.31;0.20;21.65;-91.10;-74.57;0.29;0.81;-1.09;2.13;0.85;-2.62;0.09;0.72;0.70;
0.24;-0.30;0.06;0.96;0.35;0.01;0.37;0.85;-0.24;0.69;0.69;-0.07;0.24;-0.49;-1.16;-0.92;-0.30;0.12;0.24;0.06;-0.55;0.95;-0.40;-0.07;-4.76;4.15;1.34;-0.14;-0.22;1.02;1.77;-1.10;0.98;0.95;-0.33;0.22;27.07;-156.71;40.73;-0.41;1.02;-0.14;1.16;5.37;-1.71;0.09;0.73;0.70;
-0.79;-0.06;-0.43;0.96;0.35;0.02;0.61;-0.30;0.79;0.69;0.68;-0.07;-0.49;0.49;-0.79;-0.91;-0.29;0.12;0.06;-1.40;0.24;0.93;-0.40;-0.06;-4.39;-6.89;-1.83;-0.15;-0.22;1.03;3.48;-0.73;-0.85;0.96;-0.33;0.22;-67.56;418.35;287.26;0.56;1.02;-0.20;2.44;5.30;1.65;-0.00;0.81;0.65;
0.06;0.30;0.18;0.96;0.36;0.02;1.46;-2.07;0.85;0.70;0.68;-0.08;-0.12;-0.37;-1.04;-0.91;-0.29;0.12;0.12;-0.79;0.49;0.94;-0.39;-0.07;1.04;-0.43;0.24;-0.15;-0.23;1.01;0.12;0.98;2.07;0.96;-0.31;0.20;-50.24;57.26;48.78;-0.31;-0.02;0.58;
-0.85;0.24;0.06;0.96;0.34;0.01;0.37;-7.93;1.59;0.68;0.68;-0.11;0.12;-0.61;-0.91;-0.91;-0.29;0.11;-0.06;0.00;-0.18;0.94;-0.40;-0.06;0.67;-0.61;0.06;-0.14;-0.24;1.02;-1.34;0.73;0.98;0.96;-0.30;0.21;-59.15;-405.79;-190.12;-0.47;1.24;-0.80;0.06;0.67;-1.46;-0.06;0.85;0.55;
-2.01;-3.11;-0.30;0.97;0.35;0.01;-2.68;2.62;-1.10;0.70;0.68;-0.11;0.37;-0.30;-1.16;-0.91;-0.29;0.11;0.37;-0.43;-0.06;0.95;-0.40;-0.08;-0.30;0.00;0.12;-0.15;-0.23;1.01;-0.43;0.18;1.34;0.95;-0.31;0.21;98.41;139.27;68.78;-0.85;0.09;0.34;-4.09;-2.87;0.61;-0.05;0.85;0.55;
-2.44;-3.72;-0.79;0.95;0.34;0.02;0.61;13.23;-0.91;0.69;0.69;-0.09;0.12;-0.24;-0.55;-0.90;-0.29;0.12;0.06;0.06;-0.06;0.93;-0.40;-0.06;0.85;-1.28;0.24;-0.14;-0.23;1.01;0.43;1.04;1.59;0.97;-0.31;0.21;39.82;-315.00;-148.48;-0.69;1.00;-1.60;-1.71;-0.73;0.06;-0.06;0.85;0.54;
-0.91;-1.71;0.61;0.96;0.35;0.03;-1.89;5.18;0.37;0.69;0.68;-0.11;-0.24;0.06;-1.40;-0.92;-0.30;0.12;0.73;-0.61;0.06;0.93;-0.39;-0.07;1.34;-0.49;2.26;-0.14;-0.23;1.00;1.04;0.61;0.91;0.95;-0.30;0.21;36.34;54.02;25.18;-0.99;-0.02;0.32;-0.37;0.06;0.18;-0.05;0.85;0.52;
-0.12;-0.55;-0.06;0.96;0.35;0.02;0.85;-3.11;-0.12;0.70;0.68;-0.08;-0.24;-0.61;-1.71;-0.92;-0.29;0.12;0.49;-0.37;-0.06;0.94;-0.40;-0.07;2.50;-2.62;-0.49;-0.15;-0.22;1.03;-8.41;4.51;3.84;0.95;-0.30;0.23;42.44;295.24;140.30;-0.11;0.22;0.11;
0.18;0.12;0.43;0.96;0.35;0.01;1.10;-0.61;0.43;0.69;0.69;-0.08;-0.30;0.00;-1.46;-0.92;-0.29;0.12;0.12;-0.73;-0.30;0.93;-0.40;-0.07;0.91;-0.30;0.43;-0.14;-0.23;1.01;1.22;0.73;2.38;0.94;-0.31;0.23;1.65;-0.67;-0.06;0.07;0.52;-0.86;0.24;-0.30;-0.49;-0.05;0.84;0.57;
-0.12;-0.24;-0.49;0.96;0.35;0.02;0.30;0.85;0.00;0.69;0.68;-0.08;-0.18;-0.12;-0.49;-0.91;-0.29;0.12;0.18;-0.91;0.37;0.95;-0.40;-0.06;0.00;-0.24;0.12;-0.14;-0.23;1.02;1.83;0.55;3.05;0.96;-0.33;0.23;0.37;0.12;-0.18;0.07;0.51;-0.86;
-0.67;-0.18;0.49;0.96;0.35;0.02;0.43;1.28;-0.24;0.69;0.68;-0.07;-0.12;-0.61;-1.22;-0.91;-0.29;0.13;0.24;-0.18;0.24;0.93;-0.40;-0.07;0.55;-0.37;0.37;-0.13;-0.22;1.01;-3.35;2.50;2.74;0.95;-0.33;0.23;0.67;-0.43;0.37;0.08;0.50;-0.86;
0.00;-0.12;0.73;0.96;0.35;0.01;0.67;0.85;0.91;0.70;0.69;-0.08;-0.37;-0.12;-0.37;-0.91;-0.30;0.12;0.79;-1.22;0.12;0.93;-0.40;-0.07;0.55;-0.18;0.30;-0.13;-0.23;1.00;12.56;9.15;-0.61;1.06;-0.18;0.30;0.55;0.43;-0.06;0.08;0.50;-0.85;
18.05;-11.52;-57.99;0.98;0.49;0.01;49.76;26.16;-4.51;0.59;0.66;-0.12;-2.68;4.82;-1.10;-0.91;-0.29;0.12;-33.60;-46.16;-11.89;1.00;-0.36;-0.06;0.24;-0.85;0.73;-0.14;-0.23;1.01;37.93;7.38;-14.88;0.99;-0.17;0.37;0.49;0.06;0.06;0.07;0.51;-0.86;0.30;0.49;-0.43;-0.04;0.84;0.57;
7.38;-8.96;-52.44;0.76;0.64;-0.06;-15.98;-16.52;-17.50;0.59;0.74;-0.44;-4.21;9.57;-0.49;-0.92;-0.27;0.10;-5.61;-49.63;3.29;0.82;-0.16;-0.57;0.85;-0.30;0.18;-0.14;-0.22;1.01;-19.94;-18.60;-44.39;0.95;0.35;0.25;0.43;0.06;0.00;0.07;0.51;-0.86;-0.06;0.18;-0.06;-0.04;0.83;0.58;
36.89;34.76;13.72;0.69;0.49;-0.13;26.52;46.04;-2.93;0.51;0.57;-0.58;-15.37;4.09;5.37;-0.81;-0.24;-0.06;5.98;7.32;1.95;0.47;-0.12;-1.06;-0.06;-0.67;0.91;-0.14;-0.22;1.01;30.43;-1.34;5.73;1.06;0.48;-0.06;0.37;0.24;-0.06;0.08;0.50;-0.86;
2.01;2.32;0.98;0.65;0.74;-0.11;-14.39;-21.22;1.28;0.50;0.59;-0.56;-4.09;6.89;7.13;-0.93;-0.18;-0.13;0.85;-2.44;5.30;0.84;-0.35;-0.47;0.43;0.00;0.30;-0.14;-0.23;1.01;-0.91;2.74;-0.43;0.84;0.45;-0.09;0.43;-0.30;0.18;0.07;0.50;-0.87;
7.62;8.05;-0.24;0.70;0.72;-0.14;-5.55;-8.11;0.00;0.48;0.60;-0.56;-3.72;10.85;5.49;-0.94;-0.14;-0.13;0.49;0.67;0.00;0.81;-0.33;-0.52;0.00;-0.12;0.12;-0.14;-0.23;1.01;0.85;1.40;2.68;0.89;0.43;-0.06;0.49;-0.30;-0.12;0.08;0.50;-0.86;
3.29;0.55;-0.85;0.73;0.76;-0.15;-5.37;-1.95;-0.12;0.52;0.59;-0.58;2.93;-4.15;-6.28;-0.95;-0.12;-0.18;-4.51;-0.98;-5.79;0.83;-0.31;-0.50;0.24;0.18;0.24;-0.14;-0.22;1.01;20.18;25.00;2.87;0.80;0.42;-0.15;0.37;0.06;0.24;0.08;0.50;-0.86;
-3.78;-8.29;3.35;0.73;0.64;-0.04;-66.46;-74.21;-33.96;0.70;0.36;-0.37;25.12;-28.90;-36.65;-0.99;-0.15;-0.13;-25.91;-5.06;-4.09;0.47;-0.31;-0.57;-0.06;-0.37;0.61;-0.14;-0.22;1.00;-23.84;-23.35;-20.73;0.72;0.42;-0.06;
0.24;8.84;-13.11;0.80;0.79;0.09;-77.26;-23.17;54.09;0.51;0.57;-0.22;-20.06;36.52;15.24;-0.88;-0.22;0.00;24.57;11.40;4.76;0.72;-0.40;-0.53;0.37;-1.04;0.49;-0.14;-0.23;1.01;-73.84;17.01;84.21;1.38;0.22;0.30;4.39;-0.85;-0.85;0.08;0.50;-0.86;0.18;-0.43;-0.12;-0.03;0.84;0.57;
-1.77;17.26;51.40;0.94;0.36;-0.01;59.45;25.73;-6.71;0.49;0.76;-0.46;14.39;-18.17;-12.38;-0.90;-0.36;-0.02;-3.66;-42.50;-6.71;0.91;-0.45;-0.37;2.26;0.43;0.55;-0.14;-0.23;1.01;0.43;0.00;0.37;0.08;0.50;-0.87;
8.72;5.06;0.91;0.72;0.71;-0.03;-16.22;-24.70;-0.98;0.65;0.58;-0.50;-3.84;-2.50;-5.73;-0.94;-0.20;-0.12;6.71;-2.87;-11.28;0.78;-0.37;-0.47;0.49;-0.06;0.24;-0.15;-0.22;1.00;7.44;1.59;0.12;0.89;0.39;0.06;0.06;-0.12;-0.24;0.08;0.50;-0.86;
4.57;0.61;2.50;0.73;0.71;-0.02;-13.96;-15.12;1.10;0.54;0.68;-0.40;-0.06;3.35;0.43;-0.93;-0.21;-0.10;2.44;-6.40;-5.98;0.82;-0.41;-0.46;0.30;-0.49;0.30;-0.14;-0.23;1.01;1.16;1.46;2.38;0.94;0.36;0.07;-0.18;-0.12;0.00;0.07;0.49;-0.86;
-0.12;1.83;-0.18;0.72;0.71;-0.01;0.67;2.01;1.16;0.56;0.65;-0.44;1.10;-1.34;-3.23;-0.94;-0.20;-0.10;0.43;0.24;0.18;0.82;-0.39;-0.46;0.43;-0.12;0.24;-0.14;-0.23;1.01;-1.22;0.98;1.28;0.93;0.37;0.06;-0.12;0.67;-0.98;0.08;0.50;-0.86;
0.18;1.04;0.00;0.72;0.71;-0.01;-0.18;-0.12;-0.12;0.56;0.65;-0.47;-0.79;-0.18;-0.12;-0.93;-0.21;-0.08;0.91;0.61;-1.04;0.82;-0.39;-0.46;0.37;0.18;-0.12;-0.14;-0.23;1.02;0.43;0.43;1.10;0.92;0.37;0.07;0.24;-0.06;-0.18;0.08;0.50;-0.86;
-0.55;-1.83;-0.61;0.72;0.71;-0.01;2.32;0.79;0.12;0.55;0.65;-0.46;-3.90;6.65;4.76;-0.94;-0.18;-0.13;0.73;-1.59;-2.01;0.84;-0.39;-0.44;0.61;-0.30;0.55;-0.13;-0.23;1.01;-0.24;0.61;1.22;0.93;0.37;0.07;-0.12;0.24;0.43;0.07;0.51;-0.86;
0.49;0.37;0.43;0.72;0.72;-0.02;-1.71;-1.46;-0.12;0.56;0.64;-0.45;1.16;-0.98;-1.34;-0.94;-0.16;-0.14;0.91;0.12;1.59;0.83;-0.38;-0.46;-0.18;-0.49;0.24;-0.14;-0.22;1.01;-0.73;0.73;1.77;0.93;0.36;0.07;0.43;0.37;-0.06;0.07;0.51;-0.87;
-1.34;-2.87;1.16;0.72;0.70;-0.03;-1.52;-0.30;1.34;0.58;0.63;-0.45;2.68;-14.21;-10.30;-0.94;-0.20;-0.11;2.93;18.66;9.57;0.84;-0.43;-0.41;0.30;0.00;0.30;-0.14;-0.23;1.01;-1.22;-0.06;-2.68;0.92;0.37;0.05;0.73;1.83;0.24;0.09;0.50;-0.87;
7.80;26.89;-6.34;0.77;0.74;0.01;-2.01;-5.06;-7.62;0.56;0.64;-0.45;4.45;7.80;7.01;-0.93;-0.20;-0.14;-7.62;-13.78;-18.41;0.82;-0.35;-0.48;0.12;-0.67;0.18;-0.13;-0.23;1.00;0.24;1.89;7.87;0.86;0.37;0.05;1.34;-0.55;-0.91;0.07;0.50;-0.87;
13.84;-4.82;12.56;0.76;0.70;0.01;11.52;7.44;0.79;0.53;0.65;-0.51;-8.41;19.39;18.17;-0.93;-0.00;-0.31;0.49;-0.24;0.73;0.83;-0.33;-0.49;0.37;-0.79;0.18;-0.14;-0.22;1.02;-0.49;0.73;1.52;0.95;0.32;0.08;-1.10;0.67;0.06;0.08;0.50;-0.86;
8.17;4.02;5.79;0.73;0.72;0.02;2.80;1.22;2.01;0.54;0.63;-0.50;-8.72;-5.30;-2.38;-0.89;0.03;-0.33;2.32;-4.76;-4.51;0.84;-0.33;-0.47;0.30;0.18;0.43;-0.14;-0.23;1.01;3.54;0.24;-1.04;0.93;0.34;0.07;1.28;-0.37;-0.73;0.07;0.50;-0.86;0.67;-0.06;-0.12;-0.02;0.84;0.58;
7.07;1.34;-0.85;0.74;0.69;-0.04;-7.99;-5.85;-2.26;0.55;0.71;-0.43;4.94;-29.57;-21.04;-0.96;-0.15;-0.21;9.33;12.93;-2.87;0.89;-0.40;-0.35;0.24;-0.37;0.67;-0.14;-0.22;1.01;9.21;0.73;-1.34;0.93;0.39;0.06;0.43;0.00;-0.06;0.08;0.50;-0.86;
4.39;-6.40;1.52;0.74;0.66;0.03;-6.22;-2.62;-1.40;0.52;0.71;-0.38;-0.12;1.40;-0.73;-1.00;-0.23;-0.11;1.65;4.21;5.06;0.90;-0.43;-0.29;0.06;-0.18;-0.12;-0.14;-0.23;1.02;0.06;0.79;1.34;0.92;0.37;0.10;0.67;0.00;-0.37;0.08;0.50;-0.86;
-3.60;-0.55;1.34;0.77;0.66;-0.04;3.05;2.74;2.56;0.53;0.69;-0.42;-0.30;-0.18;-0.61;-0.92;-0.25;-0.09;2.74;0.61;-1.59;0.88;-0.45;-0.27;0.67;-0.24;0.37;-0.14;-0.22;1.01;4.15;-0.30;-2.26;0.93;0.37;0.09;0.06;-0.18;-0.30;0.07;0.50;-0.87;
-8.35;-4.70;-0.18;0.79;0.69;-0.02;-17.62;-10.98;-7.32;0.51;0.70;-0.41;0.12;0.30;-1.46;-0.93;-0.25;-0.09;4.82;1.71;-7.20;0.86;-0.44;-0.29;0.30;-0.49;0.37;-0.15;-0.23;1.00;9.82;1.52;-0.43;0.91;0.38;0.09;0.24;0.30;0.30;0.08;0.50;-0.86;
-5.43;9.88;-19.45;0.73;0.62;-0.10;1.04;-1.04;-10.43;0.54;0.70;-0.45;1.10;4.33;1.28;-0.93;-0.25;-0.10;-2.74;-17.07;-9.57;0.87;-0.46;-0.25;0.30;-0.55;0.79;-0.14;-0.23;1.02;-14.21;2.38;7.87;0.95;0.40;0.06;0.30;-0.43;-0.30;0.07;0.51;-0.87;
17.07;0.06;9.76;0.75;0.66;-0.03;5.98;5.91;14.39;0.54;0.68;-0.46;-4.02;5.61;2.44;-0.91;-0.27;-0.10;-7.56;-5.98;17.62;0.86;-0.45;-0.27;0.37;-0.12;0.24;-0.14;-0.23;1.01;-2.26;-9.63;-10.85;0.97;0.30;0.18;0.43;-0.18;-0.49;0.08;0.49;-0.87;
-7.01;-3.96;3.29;0.83;0.78;-0.08;-5.06;-29.45;-4.15;0.58;0.73;-0.53;1.71;-7.74;-8.48;-0.95;-0.28;-0.08;-15.67;-7.20;15.85;0.80;-0.43;-0.35;-0.12;0.12;0.18;-0.14;-0.23;1.01;1.34;5.98;19.57;0.99;0.37;0.12;0.37;-0.12;0.06;0.08;0.50;-0.87;
