-0.43;-0.55;0.00;0.67;0.63;0.46;0.85;0.37;0.06;0.50;0.57;-0.61;-0.67;-0.30;-0.06;-0.41;0.12;-0.87;0.12;-0.30;0.91;0.08;-0.99;-0.23;0.18;-0.85;0.37;0.16;-0.15;1.02;-0.79;0.85;1.89;0.80;0.57;0.12;0.12;0.12;0.43;-0.11;0.21;-0.95;
0.49;0.73;-0.18;0.65;0.63;0.47;0.00;0.18;0.06;0.51;0.56;-0.61;2.07;-0.79;-1.52;-0.41;0.12;-0.88;1.52;-0.98;-0.30;0.08;-0.98;-0.22;0.06;-0.18;0.24;0.18;-0.15;1.03;-0.30;1.04;1.52;0.81;0.57;0.14;-0.18;0.06;0.18;-0.11;0.20;-0.97;0.43;0.06;-0.49;0.27;0.41;0.88;
-0.73;0.12;0.18;0.65;0.64;0.46;0.37;-0.18;0.37;0.51;0.56;-0.62;0.12;-0.37;-0.43;-0.41;0.12;-0.87;0.67;-0.85;-0.18;0.08;-0.98;-0.23;0.61;-0.30;0.12;0.17;-0.15;1.02;-0.06;0.24;1.34;0.81;0.56;0.14;0.00;0.12;-0.18;-0.11;0.21;-0.95;
0.06;-0.73;0.61;0.67;0.63;0.44;0.67;0.49;-0.06;0.50;0.56;-0.61;-0.18;-0.12;-1.28;-0.40;0.12;-0.88;1.10;-0.12;-0.55;0.08;-0.97;-0.21;0.37;-0.37;0.43;0.17;-0.15;1.02;1.10;0.06;1.22;0.81;0.56;0.14;0.06;-0.06;0.37;-0.12;0.21;-0.97;
0.79;0.91;0.06;0.67;0.63;0.45;0.79;0.06;-0.12;0.51;0.57;-0.60;0.79;0.00;-0.61;-0.40;0.11;-0.87;0.55;-0.43;-0.79;0.08;-0.98;-0.22;0.55;-0.30;0.24;0.17;-0.15;1.02;-0.55;0.61;1.28;0.81;0.57;0.12;0.61;0.06;0.18;-0.11;0.22;-0.96;0.06;0.18;-0.18;0.27;0.42;0.88;
0.12;0.30;-0.06;0.67;0.63;0.46;0.49;-0.18;0.00;0.51;0.57;-0.60;1.77;-0.37;-1.77;-0.40;0.12;-0.88;1.34;-1.34;0.06;0.08;-0.99;-0.22;0.18;-0.24;0.00;0.17;-0.15;1.02;-0.85;1.22;1.89;0.81;0.56;0.13;0.55;0.12;-0.18;-0.11;0.21;-0.96;
0.49;0.98;-0.30;0.66;0.63;0.46;1.04;0.43;0.12;0.51;0.56;-0.60;0.73;-0.06;-1.89;-0.41;0.12;-0.88;0.43;-0.67;0.37;0.07;-0.98;-0.22;0.06;-0.30;0.43;0.17;-0.15;1.02;0.73;0.98;1.10;0.81;0.57;0.13;0.06;0.06;-0.43;-0.12;0.22;-0.96;-0.12;-0.18;-0.49;0.27;0.41;0.88;
0.00;-0.18;0.12;0.66;0.63;0.45;-0.24;0.49;0.37;0.50;0.55;-0.61;-1.04;0.06;-1.34;-0.41;0.12;-0.88;0.06;-0.55;-1.40;0.09;-0.98;-0.23;0.67;-0.30;0.24;0.18;-0.15;1.01;0.79;0.67;1.77;0.80;0.57;0.13;-0.67;-0.18;-0.18;-0.11;0.21;-0.96;
-1.40;-2.44;0.30;0.67;0.63;0.45;0.37;0.55;0.61;0.50;0.57;-0.61;-0.18;0.37;-0.67;-0.40;0.13;-0.87;0.12;-0.12;-0.12;0.08;-0.98;-0.22;0.67;-0.79;0.12;0.18;-0.15;1.02;-0.85;0.98;1.95;0.80;0.56;0.12;0.55;0.00;-0.24;-0.11;0.21;-0.97;
-0.12;-0.12;-0.37;0.66;0.62;0.44;-0.18;0.12;0.24;0.51;0.57;-0.60;0.18;-0.55;-1.04;-0.41;0.13;-0.87;0.24;-0.55;0.98;0.08;-0.98;-0.22;0.49;-0.18;0.24;0.18;-0.15;1.02;-1.28;0.98;2.32;0.80;0.57;0.13;0.18;0.37;0.18;-0.11;0.22;-0.96;
5.12;4.63;-0.06;0.67;0.64;0.44;0.00;-0.18;-0.06;0.51;0.56;-0.61;-0.55;0.24;-0.55;-0.41;0.12;-0.86;0.49;-0.37;-0.18;0.08;-0.98;-0.22;0.24;0.00;0.06;0.17;-0.15;1.03;-1.10;0.49;2.01;0.81;0.55;0.13;-0.12;1.16;-0.24;-0.11;0.21;-0.96;
-2.07;-1.34;0.73;0.65;0.63;0.45;-0.85;-0.37;0.00;0.51;0.57;-0.61;-2.50;0.49;1.65;-0.41;0.11;-0.87;0.30;0.37;-0.85;0.08;-0.98;-0.22;0.18;0.00;0.24;0.17;-0.14;1.02;-0.79;0.98;1.28;0.80;0.56;0.12;0.24;0.43;0.06;-0.12;0.22;-0.98;
-1.65;-1.59;-0.49;0.66;0.63;0.44;0.79;0.61;0.06;0.51;0.57;-0.61;1.28;-1.40;-1.10;-0.41;0.13;-0.87;-0.55;0.55;-0.49;0.07;-0.98;-0.22;-0.12;-0.49;0.85;0.18;-0.15;1.02;0.06;0.67;1.77;0.79;0.57;0.11;0.30;-0.06;-0.67;-0.11;0.20;-0.97;
-1.40;-1.28;0.24;0.65;0.64;0.45;0.30;0.06;0.12;0.51;0.56;-0.61;0.24;-0.43;-0.91;-0.41;0.11;-0.87;-0.12;-0.85;0.37;0.08;-0.98;-0.22;0.43;-0.18;0.61;0.18;-0.15;1.01;-1.16;0.30;1.77;0.81;0.56;0.13;0.00;0.18;-0.24;-0.12;0.21;-0.97;
-0.85;-0.12;0.30;0.65;0.65;0.45;0.91;0.24;0.18;0.51;0.56;-0.62;-0.37;-0.30;-0.79;-0.41;0.12;-0.87;1.04;0.37;-0.24;0.07;-0.99;-0.20;0.24;-0.43;0.30;0.18;-0.15;1.02;-1.40;0.85;2.38;0.81;0.56;0.12;0.12;-0.24;0.12;-0.11;0.22;-0.98;
-0.49;0.30;-0.12;0.67;0.66;0.44;0.61;0.37;0.67;0.51;0.56;-0.62;0.79;-0.18;-0.73;-0.42;0.12;-0.87;2.38;-1.71;-0.73;0.08;-0.98;-0.22;0.06;-0.43;0.49;0.17;-0.16;1.02;-0.55;1.16;1.83;0.82;0.56;0.13;0.67;0.00;-0.06;-0.12;0.21;-0.97;
-3.05;-1.52;1.28;0.67;0.65;0.45;0.06;0.43;0.06;0.50;0.57;-0.60;-0.79;-0.30;-0.49;-0.40;0.12;-0.86;-0.91;0.00;-0.30;0.09;-0.98;-0.21;0.06;-0.61;0.49;0.18;-0.15;1.02;1.46;0.61;0.61;0.81;0.56;0.13;-0.12;-0.06;0.12;-0.11;0.21;-0.97;
0.18;0.85;0.79;0.67;0.64;0.44;0.79;0.55;0.06;0.51;0.56;-0.60;0.18;-0.67;-1.22;-0.40;0.13;-0.88;1.04;-0.12;0.30;0.09;-0.99;-0.21;0.24;-0.55;-0.18;0.17;-0.15;1.01;-0.06;0.61;1.40;0.81;0.56;0.14;0.43;0.06;-0.30;-0.12;0.22;-0.97;0.24;0.06;-0.30;0.28;0.41;0.88;
0.18;2.07;-0.06;0.66;0.65;0.45;-0.18;0.06;1.40;0.50;0.55;-0.61;1.04;-0.85;-2.32;-0.40;0.12;-0.89;0.06;-0.73;0.24;0.09;-0.98;-0.20;0.00;-0.67;0.12;0.17;-0.15;1.02;0.43;0.12;0.67;0.81;0.56;0.14;0.30;0.18;0.37;-0.11;0.20;-0.97;0.55;0.30;-0.61;0.27;0.41;0.89;
6.28;4.21;-0.43;0.63;0.65;0.44;0.85;0.06;0.06;0.51;0.56;-0.61;1.71;0.18;-2.56;-0.40;0.12;-0.86;1.83;-1.71;-0.37;0.09;-0.98;-0.21;0.24;-0.73;0.30;0.18;-0.15;1.02;0.30;0.37;1.22;0.81;0.56;0.14;0.12;0.43;-0.49;-0.11;0.21;-0.96;0.30;0.37;-0.43;0.27;0.42;0.89;
-4.51;-3.35;1.65;0.65;0.66;0.43;-0.06;-0.49;-0.18;0.51;0.55;-0.61;0.73;-0.18;-0.30;-0.41;0.12;-0.86;-0.37;0.61;0.79;0.09;-0.98;-0.21;0.43;0.06;0.37;0.17;-0.15;1.02;1.10;0.30;0.67;0.81;0.56;0.14;0.06;0.18;-0.24;-0.12;0.21;-0.96;
-2.50;-2.01;-0.61;0.66;0.65;0.45;0.98;0.49;0.18;0.50;0.57;-0.61;-0.24;-0.24;-0.55;-0.41;0.12;-0.87;-0.55;0.37;-0.12;0.09;-0.98;-0.21;0.06;-0.43;0.06;0.16;-0.14;1.02;1.34;0.61;0.85;0.81;0.56;0.14;0.06;0.49;0.12;-0.12;0.21;-0.97;
-0.73;0.24;0.06;0.65;0.65;0.42;0.30;0.49;0.61;0.51;0.56;-0.62;-1.04;-0.67;-0.61;-0.41;0.12;-0.87;0.85;-0.73;0.06;0.09;-0.98;-0.21;0.98;-0.61;0.30;0.18;-0.15;1.02;-1.10;0.91;1.95;0.81;0.56;0.13;0.24;0.30;0.12;-0.11;0.21;-0.96;0.61;0.06;-0.18;0.27;0.41;0.88;
-1.83;-0.85;1.28;0.65;0.65;0.44;0.61;-0.12;0.55;0.51;0.57;-0.61;0.49;-0.12;-1.46;-0.41;0.13;-0.87;0.61;-0.18;0.24;0.09;-0.99;-0.20;0.37;-0.43;0.73;0.18;-0.15;1.02;0.37;0.18;0.73;0.81;0.56;0.14;0.43;-0.18;0.24;-0.11;0.21;-0.97;
-0.67;-1.22;0.85;0.66;0.65;0.44;0.37;0.37;-0.30;0.50;0.55;-0.62;0.12;-0.49;-0.91;-0.41;0.12;-0.87;0.18;0.06;0.79;0.09;-0.99;-0.20;0.30;-0.30;-0.24;0.17;-0.15;1.01;0.00;0.67;1.34;0.81;0.56;0.13;-0.12;0.30;-0.37;-0.11;0.22;-0.97;0.06;-0.12;-0.61;0.28;0.41;0.89;
-3.90;-0.43;-1.34;0.68;0.65;0.46;0.91;1.10;0.37;0.50;0.57;-0.61;-1.16;-0.43;-1.40;-0.41;0.13;-0.87;1.71;0.37;0.00;0.09;-0.98;-0.22;0.37;-0.73;0.73;0.18;-0.15;1.01;3.29;0.91;0.67;0.81;0.56;0.13;0.12;0.43;-0.49;-0.12;0.21;-0.96;
-2.13;0.43;0.55;0.67;0.65;0.43;0.91;0.85;0.67;0.51;0.56;-0.61;1.16;-0.98;-1.28;-0.41;0.12;-0.87;0.06;-0.73;0.24;0.08;-0.98;-0.22;0.30;-0.24;0.24;0.17;-0.15;1.03;-0.06;0.06;0.61;0.81;0.57;0.12;0.00;0.30;0.24;-0.12;0.21;-0.97;0.30;0.06;-0.24;0.27;0.41;0.87;
-0.91;-0.06;-0.12;0.66;0.64;0.45;0.55;0.00;-0.24;0.50;0.55;-0.62;0.73;-0.67;-1.46;-0.41;0.13;-0.87;0.43;-1.22;-0.37;0.08;-0.98;-0.23;0.24;0.12;0.00;0.17;-0.15;1.03;-0.37;1.16;1.65;0.81;0.57;0.13;0.00;0.06;0.12;-0.11;0.21;-0.96;
-2.68;-0.37;0.12;0.66;0.64;0.44;0.79;0.12;0.49;0.51;0.56;-0.61;-0.73;-0.18;-0.24;-0.41;0.13;-0.87;-0.49;-0.06;-0.37;0.08;-0.98;-0.22;-0.12;0.06;0.12;0.18;-0.15;1.02;0.73;0.24;1.59;0.81;0.57;0.14;0.73;0.18;-0.12;-0.11;0.21;-0.97;0.30;0.30;-0.49;0.28;0.41;0.88;
-0.91;-1.04;0.49;0.66;0.64;0.45;-0.18;0.37;-0.18;0.51;0.56;-0.61;-0.79;-0.24;-0.24;-0.42;0.12;-0.86;0.12;0.49;-0.91;0.08;-0.99;-0.22;0.18;-0.43;0.24;0.18;-0.15;1.03;0.55;1.04;1.52;0.80;0.57;0.12;0.55;0.37;0.24;-0.11;0.21;-0.96;
-1.22;-0.67;0.18;0.68;0.63;0.44;0.55;0.37;0.37;0.50;0.57;-0.60;-2.62;-0.37;-0.79;-0.40;0.13;-0.86;-0.43;0.06;1.10;0.08;-0.98;-0.21;0.55;-0.67;0.12;0.17;-0.15;1.02;0.12;0.43;1.40;0.81;0.57;0.13;0.06;0.43;0.06;-0.12;0.22;-0.97;
-0.98;-0.98;0.37;0.67;0.64;0.44;0.18;0.00;0.43;0.52;0.56;-0.61;1.16;-0.55;-1.77;-0.41;0.13;-0.85;1.28;-0.67;0.24;0.08;-0.98;-0.22;0.37;-0.61;0.24;0.18;-0.15;1.02;-0.98;0.55;2.01;0.80;0.56;0.13;-0.18;0.12;0.06;-0.11;0.22;-0.96;
-0.37;-0.24;-0.37;0.67;0.63;0.45;0.67;-0.06;-0.06;0.50;0.56;-0.60;0.61;-0.49;-1.28;-0.41;0.11;-0.87;0.18;-0.55;0.12;0.09;-0.99;-0.21;0.43;-0.18;0.37;0.18;-0.15;1.02;-0.73;0.30;1.77;0.80;0.57;0.11;-0.24;0.06;-0.12;-0.11;0.21;-0.97;
-0.06;0.61;0.55;0.67;0.63;0.45;0.79;0.85;0.49;0.51;0.57;-0.61;0.24;0.24;-0.73;-0.41;0.12;-0.87;1.59;-0.79;-0.37;0.08;-0.98;-0.23;0.37;-0.30;0.18;0.17;-0.15;1.02;0.37;0.67;0.67;0.80;0.57;0.14;0.43;0.30;0.30;-0.12;0.21;-0.96;0.06;-0.06;-0.30;0.27;0.41;0.88;
0.98;0.49;0.00;0.67;0.63;0.44;-0.24;0.30;-0.06;0.51;0.56;-0.61;0.85;0.00;-1.65;-0.41;0.11;-0.86;0.30;-0.18;-0.12;0.08;-0.99;-0.21;0.12;0.00;0.24;0.18;-0.15;1.02;-0.30;0.61;0.79;0.80;0.57;0.12;-0.18;0.06;0.18;-0.11;0.21;-0.96;0.12;-0.49;-0.49;0.27;0.41;0.89;
-1.10;-0.06;-0.18;0.68;0.63;0.45;0.49;0.30;0.24;0.51;0.57;-0.61;1.46;-0.49;-0.79;-0.42;0.12;-0.87;-0.37;-1.04;1.89;0.08;-0.98;-0.21;0.12;-0.49;0.55;0.17;-0.16;1.02;-0.85;0.37;1.89;0.80;0.57;0.13;-0.24;0.00;0.24;-0.12;0.21;-0.96;
2.20;-0.49;0.43;0.67;0.64;0.45;0.67;-0.12;0.12;0.50;0.57;-0.61;1.34;-0.12;-1.04;-0.41;0.12;-0.88;0.43;-0.49;0.30;0.08;-0.98;-0.22;0.37;-0.30;0.24;0.17;-0.15;1.02;-0.12;0.18;1.71;0.81;0.57;0.12;0.12;0.37;-0.12;-0.12;0.21;-0.98;0.73;0.06;-0.85;0.28;0.41;0.89;
-1.34;-1.28;0.67;0.67;0.63;0.45;-0.73;0.18;0.37;0.50;0.56;-0.61;-0.73;-0.30;0.12;-0.41;0.12;-0.87;-0.49;-0.24;0.18;0.08;-0.99;-0.23;0.06;-0.37;0.24;0.17;-0.15;1.01;0.55;0.79;1.34;0.80;0.57;0.12;0.37;0.24;0.18;-0.11;0.22;-0.97;
-1.40;-0.06;-0.67;0.68;0.63;0.46;-0.37;0.61;0.43;0.50;0.57;-0.61;0.67;0.06;-2.50;-0.41;0.13;-0.87;2.38;0.18;-0.55;0.09;-0.99;-0.22;0.37;-0.49;0.67;0.17;-0.15;1.02;1.34;0.79;1.22;0.81;0.57;0.13;0.43;0.43;-0.24;-0.11;0.22;-0.96;
0.37;1.40;-0.85;0.69;0.62;0.46;1.89;0.12;-0.85;0.50;0.56;-0.61;-0.37;0.00;-1.52;-0.42;0.12;-0.88;-3.66;-0.91;4.39;0.08;-0.98;-0.21;0.18;-0.37;0.55;0.18;-0.15;1.02;-0.61;1.46;2.20;0.80;0.57;0.12;0.12;0.18;0.24;-0.11;0.21;-0.97;
0.18;0.24;0.00;0.67;0.63;0.46;0.37;0.12;0.24;0.51;0.57;-0.60;0.43;-0.67;-1.52;-0.41;0.12;-0.87;-0.18;-0.12;0.85;0.08;-0.99;-0.21;0.00;-0.30;0.24;0.17;-0.15;1.03;0.12;0.98;1.89;0.81;0.56;0.13;0.00;-0.12;0.06;-0.11;0.21;-0.97;0.24;-0.37;-0.61;0.27;0.41;0.88;
-1.22;-1.22;-0.55;0.67;0.63;0.46;0.98;-0.06;0.30;0.50;0.57;-0.60;-0.37;-0.30;0.24;-0.41;0.11;-0.87;0.00;-0.49;0.61;0.08;-0.98;-0.23;0.18;-0.43;0.49;0.17;-0.15;1.02;0.24;0.49;1.71;0.81;0.58;0.13;0.18;-0.43;0.30;-0.11;0.22;-0.97;
-1.52;0.00;0.85;0.68;0.62;0.43;0.67;0.85;-0.49;0.51;0.57;-0.60;-0.06;-0.73;-1.59;-0.41;0.13;-0.87;0.91;-0.37;0.43;0.08;-0.98;-0.24;0.61;-0.67;0.37;0.18;-0.15;1.02;-0.30;0.91;1.71;0.81;0.58;0.13;0.18;-0.12;0.18;-0.11;0.21;-0.97;
-0.24;-0.43;-0.49;0.68;0.62;0.45;0.67;0.18;0.67;0.51;0.57;-0.60;-0.67;-0.67;-0.85;-0.41;0.12;-0.87;0.43;-0.67;0.49;0.08;-0.98;-0.22;-0.18;-1.10;0.43;0.18;-0.15;1.02;-1.22;0.49;1.77;0.80;0.57;0.12;0.43;-0.18;0.00;-0.11;0.21;-0.98;
-0.12;-1.10;0.49;0.67;0.62;0.45;-0.98;0.30;-0.30;0.49;0.57;-0.60;-0.43;-0.43;-1.77;-0.40;0.12;-0.86;1.83;-0.98;-1.52;0.08;-0.98;-0.22;0.06;-0.37;0.24;0.17;-0.15;1.01;-4.15;1.59;1.77;0.81;0.56;0.12;-0.12;0.30;0.06;-0.11;0.21;-0.97;
-2.20;0.55;-0.55;0.68;0.63;0.45;-0.12;0.00;0.98;0.52;0.56;-0.61;1.28;-0.18;-0.37;-0.41;0.12;-0.87;-0.55;-0.24;0.37;0.07;-0.98;-0.24;0.55;-0.49;-0.06;0.17;-0.15;1.01;0.37;0.55;0.91;0.80;0.57;0.12;-0.12;0.37;-0.49;-0.11;0.21;-0.97;0.24;-0.06;-0.73;0.27;0.41;0.88;
2.50;1.71;-0.55;0.67;0.63;0.45;-0.12;0.06;0.12;0.51;0.55;-0.61;-2.50;-0.30;0.18;-0.41;0.13;-0.87;-0.67;0.12;0.55;0.08;-0.99;-0.22;0.43;-0.12;0.24;0.17;-0.14;1.02;-0.24;0.91;1.46;0.81;0.57;0.12;0.00;-0.12;1.04;-0.11;0.21;-0.97;0.55;0.24;-0.30;0.28;0.41;0.88;
-0.55;0.12;0.18;0.68;0.62;0.45;-0.12;-0.30;0.18;0.51;0.57;-0.61;-0.55;-0.55;-1.10;-0.41;0.13;-0.87;0.85;-0.18;0.12;0.07;-0.98;-0.22;0.24;-0.24;-0.37;0.18;-0.15;1.02;-0.43;0.73;1.65;0.80;0.58;0.12;0.49;0.18;0.00;-0.10;0.21;-0.96;0.00;-0.30;-0.37;0.27;0.40;0.88;
1.04;0.61;0.43;0.68;0.62;0.46;1.71;0.49;0.73;0.51;0.55;-0.60;1.10;-0.49;-2.87;-0.42;0.12;-0.86;0.37;-1.10;0.79;0.07;-0.99;-0.23;0.30;-0.37;0.37;0.18;-0.15;1.02;-0.18;0.55;2.74;0.80;0.57;0.13;-0.18;0.24;-0.06;-0.10;0.21;-0.97;0.61;0.12;-0.49;0.28;0.41;0.88;
-0.18;-0.98;-0.43;0.67;0.63;0.46;-0.37;-0.37;0.06;0.52;0.56;-0.61;0.18;-0.67;-0.55;-0.41;0.12;-0.86;-0.49;-0.73;0.00;0.07;-0.98;-0.23;0.43;0.00;0.06;0.17;-0.15;1.02;-2.20;1.16;1.46;0.80;0.57;0.13;0.24;0.06;-0.18;-0.11;0.21;-0.96;
