-1.46;-1.95;0.06;0.53;0.61;0.65;1.10;0.91;0.06;0.38;0.50;-0.75;-0.55;-0.18;-0.43;-0.05;0.54;-0.80;-0.12;-0.55;-0.30;0.28;-0.97;-0.02;0.30;-0.37;0.06;0.20;-0.20;1.00;0.06;0.98;1.59;0.73;0.61;0.27;
0.98;0.85;-0.43;0.53;0.61;0.65;0.91;-0.06;0.37;0.37;0.51;-0.76;0.55;-0.37;-1.22;-0.06;0.56;-0.83;0.91;0.06;-0.55;0.28;-0.97;-0.02;0.18;-0.67;0.37;0.20;-0.20;0.99;0.12;0.67;1.10;0.73;0.62;0.27;-0.12;-0.12;0.61;-0.11;0.23;-0.97;
-0.61;-1.65;-0.73;0.53;0.59;0.63;1.10;0.30;-0.49;0.38;0.51;-0.75;-0.18;0.49;-1.16;-0.07;0.56;-0.82;0.12;-1.28;-0.18;0.28;-0.97;-0.02;0.18;0.00;0.43;0.19;-0.20;1.01;0.12;-0.12;1.28;0.73;0.61;0.27;
-1.10;0.24;-0.24;0.53;0.60;0.63;-1.34;0.49;0.12;0.38;0.50;-0.75;-0.73;-0.55;-0.91;-0.06;0.55;-0.82;0.30;-0.37;0.00;0.28;-0.97;-0.03;0.37;-0.37;0.73;0.20;-0.20;1.01;-0.49;0.43;0.98;0.74;0.62;0.26;
-0.37;-1.22;-0.49;0.54;0.60;0.65;0.79;0.43;-0.30;0.37;0.50;-0.75;0.73;0.18;-1.40;-0.06;0.55;-0.82;0.37;-0.55;0.30;0.28;-0.98;-0.03;-0.12;-0.37;0.55;0.18;-0.21;1.01;-0.37;0.30;1.83;0.74;0.61;0.27;
-0.91;-0.06;1.59;0.51;0.60;0.63;0.37;-0.12;0.12;0.38;0.50;-0.74;0.30;-0.24;-1.04;-0.07;0.56;-0.82;0.55;-0.06;-0.37;0.29;-0.97;-0.03;0.18;-0.37;0.49;0.20;-0.21;1.01;0.00;0.85;1.04;0.73;0.61;0.27;
0.49;0.73;-2.01;0.54;0.60;0.64;0.91;0.49;-0.06;0.38;0.50;-0.75;0.85;-0.79;-1.46;-0.05;0.55;-0.82;-0.24;-0.30;0.85;0.28;-0.98;-0.03;0.00;-0.06;0.30;0.19;-0.21;1.00;0.30;-0.61;0.98;0.73;0.62;0.27;0.67;0.18;-0.30;0.28;0.40;0.88;
5.85;5.55;5.06;0.54;0.63;0.68;0.61;0.91;-0.37;0.39;0.50;-0.74;-0.91;1.65;-0.30;-0.06;0.56;-0.81;-2.13;-1.28;-8.11;0.27;-1.01;-0.08;-0.55;-0.24;0.43;0.20;-0.20;1.00;10.37;7.56;1.40;0.72;0.61;0.28;0.61;-0.30;-0.37;-0.11;0.23;-0.97;
-1.34;-0.98;3.29;0.47;0.68;0.64;0.73;-3.96;3.72;0.38;0.50;-0.73;5.85;-1.04;4.63;-0.03;0.57;-0.79;-1.10;4.70;1.04;0.30;-0.98;-0.08;0.12;-0.43;0.24;0.20;-0.20;1.00;-0.67;-1.52;1.28;0.72;0.64;0.25;
-1.83;-0.43;-0.91;0.44;0.67;0.65;0.49;-0.49;0.12;0.36;0.51;-0.76;-2.01;1.28;-2.99;-0.06;0.57;-0.79;-3.05;-2.44;0.00;0.29;-0.96;-0.08;0.18;-0.30;0.06;0.19;-0.20;1.00;-0.30;0.61;2.07;0.72;0.64;0.26;
-3.41;-0.18;1.52;0.42;0.69;0.63;-0.06;0.06;1.52;0.37;0.50;-0.74;-2.56;-1.16;0.79;-0.05;0.58;-0.78;0.43;0.18;0.24;0.30;-0.96;-0.08;0.24;-0.30;0.49;0.19;-0.20;1.00;0.00;0.18;1.59;0.72;0.65;0.24;0.12;0.30;-0.37;-0.11;0.23;-0.97;
10.43;2.99;-4.94;0.42;0.69;0.58;0.55;-0.43;0.91;0.34;0.50;-0.76;2.20;-3.11;-1.28;-0.04;0.57;-0.81;3.05;0.67;-1.34;0.29;-0.96;-0.08;0.49;-0.06;0.73;0.20;-0.21;1.01;-1.34;1.04;0.85;0.72;0.64;0.25;
-0.73;-0.43;-0.06;0.42;0.69;0.63;-0.12;0.55;0.37;0.36;0.50;-0.75;-1.10;-0.30;-0.98;-0.05;0.57;-0.81;1.16;-0.49;0.00;0.28;-0.97;-0.08;0.43;-0.30;-0.12;0.19;-0.21;1.00;0.00;0.91;1.83;0.72;0.63;0.25;-0.18;-0.24;0.18;-0.10;0.23;-0.97;
0.06;-0.18;-0.12;0.42;0.70;0.63;0.79;-0.67;0.37;0.35;0.50;-0.76;-0.30;-0.55;-0.67;-0.04;0.57;-0.81;0.91;-0.98;-0.06;0.29;-0.97;-0.08;-0.06;-0.18;0.18;0.20;-0.20;1.00;0.43;0.98;1.59;0.72;0.64;0.24;
-0.73;-0.37;0.00;0.41;0.69;0.61;0.24;0.00;0.24;0.36;0.50;-0.76;-2.20;-0.06;-1.65;-0.04;0.57;-0.79;3.66;0.18;0.24;0.29;-0.98;-0.08;-0.24;-0.30;0.12;0.20;-0.20;1.01;0.24;1.34;1.89;0.72;0.64;0.24;0.18;0.18;0.12;-0.10;0.23;-0.97;
-0.91;-0.30;-0.30;0.41;0.67;0.62;4.02;1.22;1.71;0.36;0.54;-0.75;-3.35;-2.32;-0.49;-0.01;0.56;-0.74;5.12;-0.49;3.48;0.27;-0.98;-0.08;0.24;-0.30;0.55;0.20;-0.21;1.00;-0.43;0.49;2.07;0.72;0.63;0.25;
-1.22;0.37;0.06;0.42;0.70;0.63;-0.18;0.49;0.85;0.37;0.49;-0.76;1.10;-0.67;-0.61;-0.05;0.57;-0.79;0.12;-0.49;-0.24;0.30;-0.97;-0.07;0.61;-0.43;0.49;0.20;-0.20;1.02;0.06;0.55;1.59;0.72;0.64;0.26;0.12;0.18;0.12;-0.11;0.22;-0.97;
-1.40;-0.91;-0.43;0.41;0.70;0.62;0.24;-0.12;0.73;0.36;0.49;-0.75;0.00;-0.49;-0.61;-0.05;0.57;-0.80;1.04;-0.61;0.12;0.29;-0.97;-0.08;0.18;-0.24;0.12;0.20;-0.21;1.01;-0.30;0.85;1.34;0.71;0.64;0.25;
-0.49;-0.43;0.12;0.42;0.69;0.62;0.91;0.24;0.43;0.35;0.50;-0.76;0.00;-0.43;-0.91;-0.05;0.57;-0.80;0.18;-0.24;0.12;0.29;-0.97;-0.08;0.06;-0.24;0.30;0.20;-0.21;1.01;0.06;0.61;1.40;0.72;0.64;0.24;0.18;0.30;-0.06;-0.10;0.22;-0.96;
-0.18;-0.49;0.61;0.42;0.70;0.62;1.52;1.10;0.61;0.36;0.50;-0.75;0.37;0.06;-1.22;-0.05;0.57;-0.79;0.91;-0.18;0.18;0.29;-0.97;-0.08;0.30;-0.55;0.18;0.20;-0.21;1.00;-0.55;0.55;1.34;0.72;0.63;0.24;0.30;0.30;0.06;-0.10;0.23;-0.98;
-0.49;-0.18;0.37;0.41;0.69;0.62;1.22;-0.91;-2.93;0.35;0.51;-0.79;-1.16;0.98;-2.20;-0.07;0.58;-0.79;-2.13;-1.22;0.55;0.28;-0.98;-0.11;-0.49;-0.30;0.24;0.20;-0.20;1.01;-12.93;7.50;5.12;0.71;0.63;0.26;
-1.59;-5.61;4.70;0.49;0.58;0.70;-0.30;-0.61;0.12;0.38;0.54;-0.74;-0.67;-0.61;1.28;-0.07;0.58;-0.80;-1.40;1.95;-2.74;0.31;-0.97;-0.03;4.63;0.49;0.00;0.19;-0.20;1.01;2.01;1.52;3.23;0.73;0.60;0.31;
-1.89;-1.28;2.20;0.49;0.60;0.67;0.73;-0.06;0.73;0.36;0.52;-0.75;-0.24;0.00;-0.49;-0.04;0.58;-0.79;0.43;0.00;0.43;0.30;-0.96;-0.04;0.37;-0.43;0.55;0.20;-0.22;1.01;-0.18;1.04;1.59;0.73;0.60;0.31;1.40;0.79;-1.40;0.26;0.44;0.87;
-6.28;-5.12;-1.71;0.50;0.61;0.66;-0.24;-0.06;-0.30;0.35;0.51;-0.75;-0.91;-0.49;-1.71;-0.05;0.59;-0.80;0.30;0.30;0.73;0.30;-0.97;-0.04;-1.22;-3.78;-1.83;0.26;-0.23;1.01;0.30;0.73;0.43;0.74;0.60;0.30;
-0.18;-0.73;1.16;0.51;0.60;0.66;-0.12;0.18;0.61;0.35;0.52;-0.75;-0.12;-0.67;-1.40;-0.05;0.58;-0.80;0.73;-0.12;0.43;0.30;-0.97;-0.05;-0.06;-0.49;0.49;0.19;-0.20;1.01;0.24;1.10;0.98;0.73;0.60;0.30;
-0.67;0.91;-1.16;0.52;0.60;0.66;0.98;-0.30;-0.18;0.35;0.52;-0.76;-0.85;-0.61;0.37;-0.04;0.58;-0.80;-0.61;0.06;-0.37;0.29;-0.96;-0.05;1.28;2.26;0.67;0.20;-0.19;1.01;1.22;0.67;0.98;0.73;0.60;0.30;
0.24;-0.12;0.73;0.54;0.58;0.67;0.24;0.18;0.55;0.36;0.51;-0.75;0.61;-1.04;-0.61;-0.05;0.58;-0.79;0.43;0.73;-0.37;0.28;-0.97;-0.04;0.43;-0.24;0.00;0.20;-0.20;1.00;0.79;0.24;1.10;0.73;0.60;0.30;0.12;0.06;-0.12;-0.11;0.22;-0.97;
5.55;6.71;-3.05;0.52;0.60;0.67;-1.52;-2.26;2.56;0.36;0.51;-0.76;-2.80;1.77;3.96;-0.05;0.58;-0.80;-13.72;1.71;1.34;0.32;-1.00;-0.06;0.18;-0.24;0.12;0.20;-0.18;1.01;19.94;-3.23;-2.38;0.73;0.65;0.19;-0.12;0.06;0.06;-0.11;0.22;-0.97;0.61;-0.43;-0.67;0.28;0.41;0.88;
