-0.18;0.18;-0.06;-0.30;0.06;-0.94;0.12;-1.89;-2.07;-0.31;0.05;-0.95;-0.30;1.28;1.16;-0.31;0.06;-0.95;-0.06;1.04;1.22;-0.30;0.06;-0.95;-0.55;-1.04;-0.12;-0.31;0.06;-0.94;
-0.30;-0.30;0.24;-0.30;0.05;-0.95;-1.16;-0.18;0.12;-0.31;0.05;-0.95;-0.30;0.06;0.06;-0.30;0.06;-0.95;-0.85;-0.55;-0.06;-0.30;0.06;-0.94;-0.30;-0.18;0.12;-0.30;0.06;-0.95;
-0.06;-0.24;0.06;-0.30;0.06;-0.95;-0.49;-0.30;0.12;-0.31;0.06;-0.94;0.18;-0.18;0.37;-0.30;0.05;-0.95;-0.24;0.06;-0.06;-0.31;0.06;-0.95;-0.06;-0.06;-0.18;-0.30;0.06;-0.95;
-0.18;-0.49;-0.06;-0.29;0.06;-0.94;-0.24;-0.43;-0.55;-0.30;0.06;-0.94;-0.18;-0.24;0.18;-0.30;0.05;-0.94;-0.79;-0.30;0.24;-0.31;0.05;-0.94;-0.61;-0.24;0.12;-0.30;0.05;-0.95;
-0.67;0.18;0.12;-0.30;0.06;-0.94;-0.49;0.12;-0.06;-0.31;0.06;-0.95;-0.73;-0.61;0.06;-0.31;0.05;-0.94;-0.43;-0.43;0.06;-0.30;0.05;-0.95;-0.24;-0.49;-0.49;-0.30;0.06;-0.95;
-0.06;0.37;0.73;-0.30;0.06;-0.94;-0.67;-0.06;0.12;-0.31;0.06;-0.94;-0.30;-0.24;-0.24;-0.30;0.06;-0.95;-0.37;-0.24;-0.24;-0.31;0.06;-0.95;-0.18;-0.18;0.18;-0.30;0.06;-0.95;
-0.30;-0.24;0.12;-0.31;0.05;-0.95;0.30;-0.37;0.55;-0.30;0.05;-0.96;-0.18;0.00;0.18;-0.31;0.05;-0.93;0.06;0.00;-0.18;-0.30;0.05;-0.94;-0.61;-0.06;0.12;-0.30;0.06;-0.94;
-0.37;-0.24;-0.06;-0.31;0.06;-0.94;-0.49;-1.04;0.43;-0.30;0.06;-0.94;-0.24;-0.12;0.24;-0.30;0.06;-0.94;-0.06;-0.30;-0.18;-0.31;0.06;-0.95;-0.49;-0.24;-0.06;-0.30;0.06;-0.94;
-0.24;-0.18;-0.12;-0.30;0.06;-0.95;-0.67;-0.30;0.79;-0.30;0.06;-0.94;-0.24;0.12;0.06;-0.31;0.06;-0.94;-0.61;-0.06;-0.06;-0.31;0.06;-0.94;-0.49;0.00;0.12;-0.31;0.06;-0.95;
-0.30;-0.24;0.18;-0.31;0.05;-0.95;-0.43;-0.43;0.55;-0.30;0.05;-0.95;-0.30;-0.06;-0.06;-0.30;0.06;-0.94;0.18;-0.06;-0.61;-0.30;0.06;-0.95;-0.30;-0.06;0.24;-0.31;0.05;-0.95;
0.24;-0.24;0.00;-0.30;0.06;-0.94;0.00;-0.30;0.06;-0.31;0.06;-0.94;0.12;-0.37;-0.12;-0.30;0.06;-0.95;0.18;-0.55;0.00;-0.30;0.06;-0.94;-0.43;-0.30;0.12;-0.31;0.06;-0.95;
-0.49;0.24;0.30;-0.31;0.06;-0.95;0.12;0.24;-0.12;-0.30;0.06;-0.95;-0.30;-0.30;-0.06;-0.31;0.06;-0.95;-0.12;-0.30;-0.06;-0.29;0.06;-0.95;-0.49;0.06;-0.12;-0.31;0.06;-0.95;
-0.49;-0.12;0.30;-0.30;0.05;-0.94;-0.43;-0.06;-0.24;-0.30;0.05;-0.94;-0.24;-0.06;0.43;-0.31;0.05;-0.94;-0.55;-0.24;-0.30;-0.31;0.05;-0.94;-0.30;-0.37;0.00;-0.31;0.06;-0.94;
-0.24;-0.18;0.24;-0.30;0.05;-0.96;-0.12;-0.18;0.24;-0.30;0.06;-0.95;-0.18;-0.61;-0.37;-0.31;0.06;-0.94;-0.24;-0.30;-0.37;-0.31;0.05;-0.94;-0.12;-0.55;-0.24;-0.31;0.05;-0.95;
-0.55;-0.30;-0.12;-0.31;0.06;-0.95;-0.73;-0.30;-0.06;-0.30;0.06;-0.95;-0.18;0.12;-0.12;-0.31;0.06;-0.94;-0.55;-0.12;-0.30;-0.30;0.05;-0.95;-0.30;-0.30;0.18;-0.30;0.06;-0.94;
-1.04;-0.91;0.73;-0.29;0.06;-0.94;-0.98;-0.18;0.00;-0.30;0.05;-0.94;-0.61;-0.73;0.37;-0.30;0.05;-0.95;-0.30;-0.18;0.49;-0.30;0.06;-0.94;-0.18;-0.24;0.06;-0.31;0.06;-0.95;
-0.18;-0.06;0.79;-0.30;0.05;-0.94;-0.55;-0.37;0.61;-0.30;0.06;-0.94;-0.67;0.12;-0.98;-0.30;0.05;-0.94;-0.06;-0.12;0.30;-0.31;0.06;-0.95;-0.37;-0.24;0.18;-0.31;0.05;-0.96;
-0.12;-0.37;0.18;-0.30;0.06;-0.95;-0.55;-0.24;-0.06;-0.31;0.05;-0.96;-0.37;-0.18;-0.43;-0.30;0.06;-0.95;-0.37;-0.06;-0.06;-0.30;0.06;-0.95;-0.37;-0.24;-0.12;-0.31;0.05;-0.95;
-0.30;-0.37;-0.12;-0.30;0.06;-0.94;-0.55;-0.12;0.06;-0.30;0.06;-0.95;-0.49;-0.30;0.18;-0.30;0.07;-0.95;-0.12;0.06;0.24;-0.30;0.05;-0.95;-0.24;-0.18;-0.55;-0.30;0.06;-0.95;
-0.43;-0.37;-0.06;-0.30;0.06;-0.94;-0.30;-0.85;-0.06;-0.31;0.06;-0.94;0.18;0.00;0.06;-0.30;0.06;-0.95;-0.12;0.06;0.18;-0.30;0.05;-0.94;-0.30;0.06;0.91;-0.31;0.06;-0.94;
-0.30;-0.06;-0.06;-0.30;0.05;-0.95;-0.37;-0.30;-0.06;-0.31;0.06;-0.94;-0.37;-0.37;0.18;-0.30;0.06;-0.95;-0.43;-0.12;0.30;-0.30;0.06;-0.94;-0.49;-0.24;-0.18;-0.30;0.06;-0.95;
-0.37;-0.24;-0.24;-0.30;0.06;-0.95;-0.30;-0.24;0.00;-0.31;0.06;-0.95;-0.12;-0.67;-0.12;-0.30;0.05;-0.94;-0.30;0.49;-0.30;-0.30;0.05;-0.95;0.18;0.06;0.00;-0.30;0.05;-0.95;
0.37;-0.18;0.61;-0.31;0.06;-0.95;-0.18;-0.06;0.37;-0.30;0.06;-0.94;0.00;-0.30;0.18;-0.30;0.05;-0.95;-0.55;0.06;0.00;-0.31;0.06;-0.94;-0.98;0.06;-0.12;-0.30;0.05;-0.95;
-0.49;0.18;-0.37;-0.30;0.06;-0.94;-0.30;-0.30;-0.12;-0.30;0.06;-0.95;-0.67;-0.24;0.06;-0.31;0.06;-0.94;-0.49;-0.12;-0.30;-0.31;0.05;-0.94;0.18;-0.24;0.30;-0.30;0.06;-0.94;
-0.49;0.00;0.00;-0.30;0.06;-0.95;-0.55;-0.18;0.06;-0.30;0.06;-0.95;-0.24;-0.43;0.24;-0.30;0.06;-0.94;-0.18;-0.06;0.18;-0.31;0.06;-0.95;-0.18;-0.18;-0.24;-0.31;0.06;-0.95;
-1.71;-0.18;0.43;-0.31;0.06;-0.95;-0.12;-0.30;0.18;-0.31;0.05;-0.95;-0.37;0.00;0.55;-0.30;0.06;-0.94;-0.43;-0.18;0.12;-0.31;0.06;-0.94;-0.30;0.18;0.43;-0.31;0.06;-0.94;
-0.43;-0.06;0.00;-0.30;0.06;-0.94;0.24;0.06;-0.24;-0.29;0.05;-0.94;0.06;0.30;0.79;-0.30;0.06;-0.95;-0.18;-0.30;0.30;-0.30;0.06;-0.94;-0.18;-0.18;0.06;-0.30;0.05;-0.95;
-0.61;0.00;0.12;-0.30;0.05;-0.95;-0.79;-0.30;-0.12;-0.30;0.05;-0.93;-0.43;-0.85;0.18;-0.30;0.05;-0.93;-0.43;0.06;0.00;-0.30;0.06;-0.94;-0.49;-0.30;0.30;-0.30;0.05;-0.94;
-0.12;-0.24;-0.24;-0.30;0.06;-0.95;-0.06;-0.18;-0.30;-0.30;0.05;-0.95;-0.55;-0.43;0.06;-0.31;0.06;-0.95;0.24;-0.49;-0.37;-0.30;0.06;-0.95;-0.06;-0.49;0.18;-0.30;0.06;-0.95;
-0.18;-0.37;0.12;-0.30;0.05;-0.94;-0.24;0.00;0.00;-0.31;0.06;-0.94;0.00;0.06;0.24;-0.30;0.06;-0.94;-0.06;0.12;0.43;-0.31;0.06;-0.95;-0.30;0.12;-0.30;-0.30;0.05;-0.94;
-0.61;-0.49;-0.12;-0.31;0.05;-0.94;-0.12;0.00;0.18;-0.30;0.05;-0.95;0.00;-0.61;0.30;-0.30;0.05;-0.95;-0.49;-0.12;-0.12;-0.31;0.05;-0.95;-0.18;-0.37;-0.12;-0.30;0.05;-0.94;
-0.49;-0.49;-0.18;-0.30;0.05;-0.95;-0.49;-0.37;0.24;-0.31;0.05;-0.94;-0.37;-0.18;-0.06;-0.31;0.06;-0.95;-0.30;0.30;0.37;-0.31;0.06;-0.95;-0.12;-0.43;0.06;-0.30;0.06;-0.95;
-0.12;0.00;-0.12;-0.30;0.06;-0.94;-0.12;-0.24;-0.43;-0.31;0.06;-0.94;0.00;-0.30;0.30;-0.30;0.05;-0.94;-0.30;-0.06;0.06;-0.30;0.06;-0.95;-0.43;-0.61;0.18;-0.30;0.06;-0.95;
-0.18;0.00;0.06;-0.30;0.06;-0.95;-0.30;-0.55;0.00;-0.30;0.05;-0.94;-0.30;0.00;0.24;-0.30;0.05;-0.95;-0.18;-0.12;0.24;-0.31;0.06;-0.94;-0.06;-0.37;-0.18;-0.30;0.05;-0.95;
-0.12;-0.18;0.37;-0.31;0.05;-0.94;-0.30;-0.43;-0.12;-0.31;0.06;-0.95;0.24;0.06;0.06;-0.31;0.05;-0.94;-0.49;-0.24;-0.61;-0.30;0.05;-0.94;-0.30;-0.12;-0.12;-0.30;0.06;-0.95;
-0.43;-0.06;-0.06;-0.30;0.06;-0.94;-0.37;0.43;0.18;-0.31;0.06;-0.94;-0.06;0.12;0.30;-0.30;0.06;-0.94;-0.30;-0.06;0.12;-0.30;0.05;-0.96;0.18;0.49;0.55;-0.31;0.06;-0.95;
-0.55;-0.24;-0.18;-0.30;0.05;-0.95;-0.37;-0.37;0.18;-0.31;0.06;-0.95;-0.37;-0.06;-0.30;-0.31;0.06;-0.94;-0.43;-0.37;0.12;-0.30;0.06;-0.95;-0.49;-0.30;-0.12;-0.30;0.05;-0.95;
-0.12;-0.12;-0.12;-0.31;0.05;-0.94;-0.79;-0.12;0.24;-0.31;0.06;-0.94;-0.24;-0.49;0.06;-0.31;0.05;-0.94;-0.49;-0.12;0.00;-0.30;0.05;-0.95;-0.30;-0.30;-0.18;-0.30;0.06;-0.95;
-0.91;-0.24;0.30;-0.31;0.06;-0.94;-0.98;-0.49;0.18;-0.31;0.06;-0.94;-0.37;-0.49;-0.18;-0.31;0.05;-0.95;-0.37;-0.67;0.18;-0.30;0.06;-0.95;-0.43;-0.37;-0.49;-0.30;0.06;-0.95;
-0.12;-0.49;0.43;-0.30;0.06;-0.95;-0.30;-0.18;-0.24;-0.31;0.06;-0.95;-0.49;-0.06;0.37;-0.30;0.06;-0.95;-0.18;-0.37;0.43;-0.30;0.06;-0.93;-0.55;-0.18;0.37;-0.31;0.05;-0.95;
-0.43;-0.12;-0.18;-0.30;0.05;-0.94;-0.55;-0.12;0.24;-0.30;0.06;-0.95;-0.18;-0.24;0.49;-0.30;0.06;-0.94;0.30;0.06;-0.06;-0.30;0.07;-0.94;-0.67;-0.43;0.06;-0.30;0.06;-0.94;
-0.12;0.06;0.30;-0.31;0.05;-0.95;-0.18;-0.12;0.06;-0.31;0.05;-0.95;-0.24;-0.06;-0.30;-0.31;0.06;-0.95;-0.91;-0.12;0.18;-0.30;0.06;-0.95;-0.37;-0.49;0.30;-0.30;0.06;-0.94;
0.37;-0.06;-0.12;-0.30;0.06;-0.94;1.28;-0.30;-0.12;-0.31;0.05;-0.94;-0.61;0.00;0.24;-0.30;0.06;-0.95;0.06;0.12;0.43;-0.30;0.06;-0.95;-0.06;-0.55;-0.12;-0.30;0.06;-0.95;
-0.67;0.12;0.18;-0.31;0.06;-0.94;-0.85;-0.18;0.00;-0.31;0.06;-0.94;-0.37;-0.24;-0.43;-0.31;0.05;-0.95;0.24;-0.37;-0.24;-0.30;0.06;-0.94;-0.67;-0.43;0.06;-0.30;0.05;-0.95;
-0.24;-0.73;-0.18;-0.31;0.06;-0.94;-0.06;0.00;0.06;-0.30;0.05;-0.95;-0.30;0.00;0.12;-0.30;0.05;-0.94;-0.24;-0.06;-0.18;-0.31;0.06;-0.95;-0.24;-0.49;0.00;-0.31;0.06;-0.95;
0.06;0.00;0.00;-0.31;0.05;-0.94;-0.61;0.12;0.37;-0.31;0.06;-0.95;-0.24;0.00;-0.24;-0.31;0.06;-0.95;-0.73;-0.24;0.49;-0.30;0.06;-0.95;-0.43;-0.43;-0.30;-0.31;0.05;-0.94;
-0.61;-0.30;0.61;-0.30;0.05;-0.95;-1.52;0.18;0.43;-0.31;0.06;-0.95;0.24;-0.06;0.30;-0.30;0.06;-0.94;-0.30;-0.06;-0.24;-0.30;0.06;-0.95;-0.30;-0.24;-0.24;-0.30;0.06;-0.94;
-0.24;-0.18;0.18;-0.30;0.06;-0.95;-0.24;-0.24;0.18;-0.31;0.05;-0.94;0.00;-0.24;0.00;-0.31;0.06;-0.95;-0.12;0.00;0.18;-0.31;0.05;-0.96;-0.49;-0.18;-0.24;-0.30;0.05;-0.94;
-0.73;-0.61;0.12;-0.30;0.06;-0.95;-0.24;0.30;0.12;-0.30;0.06;-0.95;-0.18;-0.85;0.37;-0.31;0.06;-0.95;-0.91;0.06;0.18;-0.30;0.05;-0.95;-0.06;-0.37;0.24;-0.30;0.06;-0.95;
-0.67;-0.55;0.00;-0.30;0.05;-0.93;-0.24;0.24;0.43;-0.30;0.05;-0.95;-0.37;-0.18;0.06;-0.30;0.06;-0.95;-0.18;-0.12;-0.18;-0.31;0.05;-0.94;-1.52;-0.37;0.37;-0.31;0.06;-0.95;
-0.24;-0.49;0.00;-0.31;0.05;-0.94;-0.12;0.12;0.43;-0.30;0.05;-0.95;-0.73;-0.18;0.37;-0.30;0.06;-0.94;-0.55;-0.18;0.06;-0.31;0.06;-0.95;0.00;0.24;0.30;-0.31;0.05;-0.94;
-0.18;-0.18;-0.12;-0.30;0.05;-0.93;-0.30;-0.06;-0.12;-0.31;0.06;-0.95;-0.49;-0.37;0.43;-0.31;0.05;-0.94;-0.43;-0.37;-0.24;-0.30;0.05;-0.94;-1.04;0.12;-0.37;-0.31;0.06;-0.95;
0.18;0.06;0.18;-0.31;0.06;-0.94;0.00;-0.55;-0.06;-0.30;0.05;-0.94;-0.55;0.12;0.37;-0.31;0.06;-0.94;-0.24;-0.30;0.55;-0.31;0.05;-0.94;-0.49;0.37;0.43;-0.30;0.06;-0.95;
-0.12;-0.12;0.00;-0.30;0.06;-0.95;0.12;-0.30;0.30;-0.30;0.05;-0.94;-0.12;-0.30;0.06;-0.31;0.07;-0.94;-0.12;-0.12;0.37;-0.30;0.06;-0.94;-0.67;-0.55;-0.12;-0.31;0.05;-0.95;
0.49;-0.91;-0.12;-0.30;0.06;-0.95;-32.01;23.35;-30.49;-0.57;0.31;-0.86;20.18;19.76;-0.30;-0.32;0.06;-0.94;2.56;-1.40;0.55;-0.30;0.03;-0.95;-7.62;-3.29;2.07;-0.31;0.04;-0.96;
10.61;2.13;-3.54;-0.30;0.04;-0.93;0.49;-0.06;0.06;-0.31;0.05;-0.96;-0.37;-0.24;0.55;-0.30;0.04;-0.95;-0.24;-0.06;0.18;-0.31;0.04;-0.95;-0.37;0.12;0.49;-0.29;0.05;-0.94;
-0.37;0.12;0.18;-0.31;0.05;-0.95;-12.01;-0.30;5.55;-0.30;0.05;-0.92;7.74;46.10;12.20;-0.27;0.06;-0.95;63.72;104.57;6.10;-0.20;-0.01;-0.89;8.60;16.04;2.87;-0.34;-0.04;-1.00;
-7.68;-23.29;-3.90;-0.16;0.01;-0.89;-6.59;27.93;6.04;0.01;-0.03;-0.83;7.74;23.11;17.13;-0.17;-0.10;-0.89;-1.34;13.41;9.39;-0.22;0.02;-0.95;-3.66;11.83;5.85;0.04;0.02;-1.05;
-31.28;17.13;25.06;-0.15;-0.02;-0.93;13.05;-5.85;2.68;-0.06;0.04;-0.97;-47.80;-44.76;11.83;-0.14;-0.01;-1.02;-9.15;-6.89;7.13;-0.16;0.01;-0.99;30.61;36.95;-1.10;-0.15;0.02;-1.01;
5.61;15.37;-1.71;-0.20;0.03;-0.99;-17.56;-16.10;8.11;-0.18;0.04;-0.90;24.82;29.94;2.99;-0.11;0.08;-0.99;15.06;37.26;-8.41;-0.25;0.00;-1.00;-18.78;-28.60;-3.17;-0.24;0.01;-1.10;
19.70;-10.12;-4.15;-0.24;0.09;-0.98;-7.07;-1.95;-7.07;-0.29;0.06;-0.98;3.96;0.73;-5.18;-0.24;0.09;-0.94;10.06;1.28;-4.09;-0.25;0.08;-0.95;10.85;1.34;-5.06;-0.24;0.07;-0.96;
1.04;-0.06;-0.30;-0.25;0.08;-0.97;-2.44;1.65;-4.88;-0.23;0.08;-0.98;2.50;2.01;-6.83;-0.24;0.07;-0.97;-3.05;-1.10;0.85;-0.25;0.06;-0.98;1.10;-0.37;-0.49;-0.24;0.06;-0.96;
0.18;1.04;-5.30;-0.25;0.06;-0.95;1.28;0.73;-1.71;-0.24;0.07;-0.97;3.60;0.37;-1.28;-0.23;0.07;-0.97;0.73;-0.18;-0.98;-0.25;0.06;-0.96;14.51;1.95;1.46;-0.23;0.05;-0.98;
-4.63;-1.16;0.55;-0.23;0.07;-0.94;-6.46;-4.21;2.13;-0.25;0.07;-0.96;-0.79;1.22;0.18;-0.24;0.07;-0.97;-0.30;-2.20;-0.12;-0.26;0.05;-0.98;0.30;-0.61;0.18;-0.25;0.07;-0.97;
5.24;1.89;8.96;-0.19;0.03;-0.98;38.17;4.02;25.67;-0.12;0.13;-0.98;18.54;13.17;14.70;-0.35;-0.14;-0.96;-2.56;-2.07;18.29;-0.42;0.04;-0.94;2.93;-1.10;-4.33;-0.20;0.07;-0.98;
40.00;29.63;-15.79;-0.23;-0.02;-0.99;-60.85;-56.28;33.17;-0.26;-0.03;-1.10;25.67;27.62;-10.73;-0.22;0.04;-0.85;-4.02;-1.83;0.91;-0.24;-0.01;-1.02;-9.51;-9.21;3.35;-0.23;0.01;-0.93;
-0.12;-0.67;-0.24;-0.24;0.01;-0.96;-1.10;-0.12;0.06;-0.24;0.01;-0.97;-0.91;-0.79;-0.12;-0.24;0.01;-0.97;-0.91;-0.06;-0.12;-0.23;0.01;-0.97;-0.43;-0.06;-0.24;-0.23;0.01;-0.98;
12.07;-189.76;40.79;-0.26;0.02;-0.83;30.30;23.35;79.76;-1.17;0.09;-0.80;0.85;4.45;3.66;-0.39;-0.00;-0.89;-26.46;5.18;-35.37;-0.29;0.38;-0.95;-10.85;-11.22;-65.06;-0.40;-0.10;-1.08;
0.49;-0.85;2.01;-0.36;-0.02;-0.94;0.30;66.16;-7.80;-0.35;0.16;-0.93;-36.83;8.90;16.04;-0.29;-0.10;-0.89;5.73;14.27;-4.94;-0.30;-0.01;-0.95;0.06;4.94;-1.28;-0.29;0.00;-0.93;
-17.44;-7.07;2.38;-0.32;0.00;-0.98;-2.93;0.98;7.07;-0.25;-0.00;-0.97;-28.90;19.27;27.99;-0.01;0.05;-1.04;22.62;87.07;41.59;-0.27;-0.09;-0.90;59.76;79.02;28.17;-0.23;0.06;-0.93;
64.15;-19.21;103.35;-0.17;-0.43;-0.85;-157.32;-52.07;59.94;-0.38;-0.45;-0.94;-104.45;-52.56;32.26;-0.42;-0.33;-0.89;-7.38;-85.67;-18.78;-0.00;0.18;-0.80;21.22;7.56;-6.95;-0.22;-0.07;-0.97;
-0.55;1.40;-0.12;-0.23;-0.06;-0.96;-2.20;-8.23;1.52;-0.23;-0.09;-0.98;-1.52;-5.73;0.85;-0.23;-0.08;-0.97;0.00;0.67;0.55;-0.23;-0.08;-0.96;-0.49;-0.67;0.24;-0.23;-0.08;-0.97;
-0.30;-0.12;0.06;-0.23;-0.07;-0.96;0.43;1.04;-0.49;-0.23;-0.08;-0.97;-0.73;-2.13;0.30;-0.23;-0.08;-0.97;-0.37;1.71;-0.24;-0.23;-0.08;-0.97;-0.24;-2.26;0.18;-0.23;-0.07;-0.97;
-0.49;-0.91;-0.06;-0.24;-0.09;-0.97;-0.61;-0.85;0.18;-0.23;-0.08;-0.97;-0.61;-0.85;-0.06;-0.22;-0.08;-0.97;-0.06;-0.91;0.06;-0.23;-0.07;-0.96;-0.12;0.55;0.24;-0.23;-0.07;-0.97;
5.37;1.46;1.83;-0.23;-0.04;-0.93;-6.65;-6.46;0.79;-0.24;-0.08;-0.97;-2.93;-3.48;0.18;-0.24;-0.05;-0.95;33.78;17.68;-10.43;-0.22;-0.07;-0.96;-2.74;-9.51;-0.55;-0.23;-0.08;-0.97;
-0.30;0.06;-0.06;-0.23;-0.08;-0.96;-0.24;0.06;0.06;-0.22;-0.07;-0.97;-0.85;-0.43;0.00;-0.23;-0.07;-0.97;-0.79;-0.91;-0.06;-0.23;-0.08;-0.97;-0.37;0.30;0.43;-0.22;-0.08;-0.97;
-1.95;-1.46;0.79;-0.22;-0.07;-0.95;-0.12;1.04;-0.18;-0.22;-0.08;-0.97;-0.61;-0.67;0.12;-0.23;-0.07;-0.96;-0.24;-0.18;-0.37;-0.23;-0.08;-0.98;-0.18;1.52;-0.06;-0.24;-0.07;-0.96;
0.18;1.77;0.49;-0.23;-0.07;-0.96;-0.49;-0.24;0.43;-0.22;-0.08;-0.96;-0.24;-1.83;-0.12;-0.23;-0.07;-0.97;-1.16;-0.61;0.37;-0.23;-0.07;-0.97;0.91;0.30;-0.12;-0.23;-0.07;-0.96;
-0.55;0.61;0.30;-0.23;-0.07;-0.97;-1.28;-0.55;0.55;-0.23;-0.08;-0.97;-1.52;-0.85;0.43;-0.23;-0.07;-0.97;1.40;-0.30;-0.79;-0.22;-0.08;-0.97;-0.85;0.18;-0.67;-0.23;-0.07;-0.97;
-0.43;0.18;-0.06;-0.22;-0.08;-0.97;0.43;0.43;0.49;-0.23;-0.07;-0.97;-3.05;-3.41;0.67;-0.23;-0.08;-0.97;8.60;3.78;-2.38;-0.23;-0.07;-0.95;-6.04;-2.62;1.52;-0.23;-0.07;-0.96;
-0.49;-0.61;-0.18;-0.23;-0.07;-0.96;-0.49;-0.61;0.55;-0.23;-0.07;-0.95;2.56;1.40;-0.85;-0.22;-0.08;-0.97;-2.13;-1.40;0.30;-0.23;-0.07;-0.98;-1.10;0.55;0.55;-0.22;-0.07;-0.98;
-1.22;-0.18;0.43;-0.23;-0.08;-0.96;1.71;0.06;-0.55;-0.22;-0.07;-0.97;-1.34;-0.79;0.61;-0.22;-0.07;-0.97;-0.73;-0.37;-0.24;-0.21;-0.07;-0.96;1.04;0.61;-0.30;-0.22;-0.08;-0.97;
-77.87;-51.83;20.43;-0.50;-0.35;-1.28;-13.66;-28.72;4.63;-0.40;-0.01;-1.02;11.46;-55.73;-28.96;-0.36;0.08;-1.11;12.74;-72.38;-61.52;-0.36;-0.09;-1.09;105.73;-60.06;-51.83;-0.28;-0.30;-0.89;
-16.71;-27.44;-28.60;-0.35;-0.32;-0.94;-9.02;-29.70;-11.34;-0.48;-0.26;-0.83;60.85;-36.52;-79.51;-0.32;-0.40;-0.88;111.16;57.32;-7.50;-0.32;-0.61;-0.52;270.73;223.60;0.18;-0.34;-0.47;-0.78;
-7.56;-38.84;-42.01;-0.54;-0.40;-1.15;48.60;42.68;-79.88;-0.23;-0.46;-0.66;124.70;93.11;-49.88;-0.10;-0.57;-0.49;6.89;-36.71;65.18;-0.26;-0.99;-0.98;-6.65;-5.00;-7.62;-0.04;-0.60;-0.16;
-236.40;-272.50;-173.35;-0.25;-0.27;-0.97;-198.11;-255.73;-216.40;-0.49;-0.33;-1.08;-199.88;-278.29;-172.93;-0.54;-0.85;-0.87;-86.71;-102.68;-73.72;-0.57;-0.29;-0.41;-2.01;22.56;-32.07;-0.54;-0.78;-0.31;
406.89;-189.39;68.48;-1.34;2.00;-2.00;-219.15;-337.80;-317.01;0.02;-1.60;-0.12;-120.24;-207.07;-104.15;-0.43;0.01;-0.47;-55.67;-90.85;-25.49;-0.50;-0.82;-0.17;11.34;22.68;9.94;-0.55;-0.54;-0.36;
-94.27;-153.48;-51.34;-0.63;-0.72;-0.36;-41.34;-88.23;-41.95;-0.73;-0.22;-0.56;-20.98;-22.01;-25.79;-0.76;-0.42;-0.59;50.49;37.74;31.77;-0.67;-0.76;-0.39;192.32;189.70;222.68;-0.50;-1.15;-0.39;
-31.22;-42.93;-21.34;-0.67;-0.65;-0.25;18.29;38.29;11.40;-0.71;-0.52;-0.44;26.71;56.22;14.63;-0.65;-0.47;-0.43;118.48;182.32;131.71;-0.57;-0.77;-0.41;202.44;290.43;287.44;-0.30;-0.43;-0.42;
-52.32;-23.35;-62.87;-0.55;-0.58;0.04;30.85;65.30;20.73;-0.67;-0.71;-0.31;119.45;167.99;152.87;-0.55;-0.72;-0.45;166.28;300.12;222.26;-0.36;-0.52;-0.44;190.24;340.24;164.02;-0.43;-0.15;-0.92;
-1.52;14.45;-0.06;-0.43;-0.56;-0.34;26.65;110.12;65.18;-0.42;-0.71;-0.45;116.34;254.21;203.11;-0.23;-0.67;-0.57;163.96;290.24;169.21;-0.30;-0.03;-1.14;85.12;125.67;62.20;-0.45;-0.07;-1.43;
41.83;83.90;26.22;-0.45;-0.38;-0.30;83.90;212.44;101.65;-0.44;-0.65;-0.64;113.90;276.59;188.90;-0.29;-0.41;-0.85;140.00;231.71;129.82;-0.37;-0.20;-1.20;105.37;137.93;80.06;-0.32;-0.26;-0.93;
12.56;-0.73;-4.57;-0.56;-0.46;-0.51;88.66;99.09;62.68;-0.49;-0.65;-0.54;118.54;175.43;187.13;-0.36;-0.74;-0.62;173.48;287.01;226.65;-0.19;-0.08;-0.64;147.62;278.23;82.07;-0.27;-0.14;-0.97;
137.62;167.80;175.61;-0.38;-0.69;-0.66;193.41;273.96;278.11;-0.13;-0.37;-0.52;273.35;419.09;102.56;-0.26;0.02;-1.37;6.77;17.32;25.12;-0.41;-0.22;-1.39;-52.38;-7.50;46.22;-0.22;-0.52;-0.68;
261.10;378.54;270.30;0.17;-0.11;-0.62;95.00;195.67;89.33;-0.61;0.44;-2.00;-65.85;-76.16;33.17;-0.28;-0.54;-0.71;-3.35;23.66;37.26;-0.37;-0.18;-1.09;-24.63;-29.09;20.91;-0.31;-0.16;-0.82;
136.22;186.59;91.95;-0.43;0.23;-1.41;-2.80;29.45;8.60;-0.25;-0.35;-0.98;-5.85;21.40;9.51;-0.23;-0.33;-0.94;-76.77;-36.10;9.21;-0.34;-0.48;-1.31;-94.94;-286.59;-163.84;0.27;2.00;-0.85;
76.77;95.12;31.89;-0.37;0.05;-1.12;44.33;48.78;19.88;-0.36;-0.28;-0.97;26.22;26.28;2.44;-0.36;-0.27;-1.06;51.52;28.05;6.22;-0.26;-0.32;-0.81;109.02;75.79;-0.55;-0.21;-0.37;-0.85;
106.71;160.98;147.26;-0.38;-0.39;-0.79;120.85;196.59;159.51;-0.26;-0.22;-0.98;12.50;17.32;3.05;-0.41;-0.18;-1.20;-19.82;2.07;30.06;-0.34;-0.20;-1.00;-58.11;-63.60;9.02;-0.33;-0.32;-0.97;
51.16;94.94;30.73;-0.62;0.34;-1.77;7.01;20.06;5.55;-0.36;-0.32;-0.65;-0.06;-243.17;-185.30;-0.62;2.00;-2.00;-115.30;-176.46;-235.30;-0.44;0.28;-1.27;-171.65;-223.96;-235.18;-0.14;-1.24;-0.13;
26.16;32.26;13.41;-0.37;-0.20;-1.00;15.00;22.93;6.59;-0.28;-0.28;-0.81;2.01;21.46;6.46;-0.33;-0.20;-1.03;-47.07;-40.67;2.62;-0.34;-0.28;-0.97;-160.61;-149.27;-94.09;-0.36;0.25;-1.39;
107.26;178.96;47.20;-0.22;0.08;-0.59;78.23;119.76;20.18;-0.46;-0.15;-1.29;-7.26;-11.65;5.49;-0.35;-0.36;-0.97;32.07;33.72;5.37;-0.25;-0.25;-0.85;4.09;8.29;5.98;-0.18;-0.33;-1.08;
114.94;128.11;142.26;-0.41;0.14;-0.98;153.96;246.95;-28.17;-0.34;-0.36;-0.91;57.13;69.82;22.32;-0.42;0.03;-1.24;-6.34;-19.02;-31.71;-0.42;0.05;-1.21;-62.13;-109.45;-46.40;-0.29;-0.20;-0.87;
-10.00;-0.79;5.12;-0.49;0.08;-0.89;-116.40;-106.71;-197.56;-0.57;0.29;-1.34;-106.16;-164.82;-90.91;-0.61;-0.26;-0.85;-90.12;-150.24;-57.13;-0.62;-0.07;-0.68;18.54;-53.35;16.65;-0.65;-0.17;-0.50;
-219.09;-228.60;-141.83;-0.44;-0.65;-0.70;-215.12;-190.43;-183.11;-0.48;-0.51;-0.65;-100.98;-99.94;-75.24;-0.68;-0.13;-0.72;-7.32;-7.20;-17.38;-0.68;-0.27;-0.57;81.65;64.76;39.88;-0.61;-0.36;-0.54;
-56.10;-56.34;-33.17;-0.64;-0.17;-0.38;34.09;35.73;28.17;-0.70;-0.19;-0.53;108.90;97.44;78.35;-0.69;-0.25;-0.65;144.94;122.13;153.60;-0.62;-0.05;-0.79;123.41;109.45;126.52;-0.55;0.04;-0.76;
30.18;19.33;25.30;-0.58;-0.22;-0.75;108.54;113.48;145.43;-0.50;-0.45;-0.73;150.12;150.49;218.41;-0.55;0.19;-1.10;-53.66;-57.99;-8.35;-0.51;-0.17;-0.91;22.99;21.46;12.20;-0.46;-0.04;-0.80;
86.77;93.54;70.79;-0.64;-0.12;-0.72;94.94;93.54;117.07;-0.61;-0.24;-0.75;141.40;139.88;183.11;-0.45;0.01;-0.66;120.61;193.90;-0.73;-0.87;-0.27;-2.00;-24.94;-24.94;10.18;-0.31;-0.03;-0.43;
116.10;93.60;159.45;-0.55;-0.26;-0.71;130.79;127.07;122.68;-0.50;0.07;-0.77;225.43;218.48;-4.76;-0.06;0.20;-0.16;81.40;77.62;41.52;-0.65;-0.06;-1.66;24.88;30.12;3.35;-0.28;-0.30;-0.69;
31.95;36.16;0.61;-0.11;-0.51;-0.70;85.91;99.63;4.88;-0.08;-0.54;-0.77;-25.06;-16.59;-25.00;-0.55;-0.14;-1.21;-81.71;-87.62;16.22;-0.10;-0.46;-0.62;-5.67;36.10;-27.50;-0.11;-0.36;-0.76;
76.22;107.74;31.65;0.39;-0.11;-1.23;-33.96;-13.66;30.43;-0.04;-0.62;-0.79;-119.57;5.61;41.65;0.20;0.14;-0.23;-273.29;-155.67;65.79;0.42;0.11;0.29;45.00;44.45;-2.50;-0.23;-0.06;-0.89;
-1.16;-1.40;-0.06;-0.13;-0.06;-0.98;0.43;0.18;0.43;-0.13;-0.07;-0.99;-2.56;-1.22;1.22;-0.13;-0.06;-0.99;-0.06;-0.67;0.06;-0.14;-0.06;-0.98;-0.73;-0.37;0.49;-0.13;-0.07;-0.97;
-0.61;-0.79;-0.55;-0.14;-0.06;-0.99;-0.91;-0.18;0.37;-0.13;-0.07;-0.98;2.87;1.46;-0.91;-0.13;-0.05;-0.98;-4.39;-1.04;1.10;-0.13;-0.06;-0.99;2.01;1.71;-0.12;-0.13;-0.06;-0.99;
1.10;0.61;-0.67;-0.14;-0.06;-0.98;-0.49;-0.43;1.10;-0.13;-0.06;-0.99;-2.07;-1.10;0.67;-0.13;-0.06;-0.99;0.61;0.79;0.12;-0.14;-0.07;-0.98;-4.70;-2.93;1.10;-0.12;-0.07;-0.98;
1.28;2.01;-1.04;-0.13;-0.07;-0.98;1.40;1.22;-0.73;-0.13;-0.06;-0.98;2.20;0.61;0.61;-0.15;-0.06;-0.96;-6.04;0.91;2.01;-0.14;-0.06;-0.98;-2.80;-1.34;0.73;-0.13;-0.07;-0.98;
1.40;1.22;0.18;-0.13;-0.07;-0.97;-3.78;-2.50;0.55;-0.13;-0.07;-0.99;-7.38;-5.91;1.46;-0.13;-0.07;-0.99;1.59;0.79;-0.18;-0.14;-0.06;-0.98;-2.20;0.12;0.06;-0.14;-0.07;-0.98;
-0.73;-0.79;0.06;-0.15;-0.06;-0.98;6.40;3.96;-1.71;-0.14;-0.06;-0.97;-6.95;-4.70;-1.22;-0.12;-0.07;-1.01;1.22;-19.88;-4.39;-0.15;0.05;-0.87;72.44;44.51;-18.96;-0.14;-0.06;-0.99;
-37.38;-20.67;13.41;-0.17;-0.12;-0.94;-18.84;-10.37;27.99;-0.18;0.08;-1.07;-9.88;-1.28;23.54;-0.16;-0.13;-0.97;18.41;-38.23;41.83;-0.02;-0.05;-0.92;14.39;3.48;41.89;-0.17;0.00;-0.99;
-0.98;3.96;0.06;-0.23;-0.01;-0.97;-1.52;2.01;0.37;-0.23;-0.02;-0.97;0.67;14.51;2.44;-0.22;-0.02;-0.98;37.80;45.30;-7.68;-0.21;-0.04;-0.94;61.59;7.44;-8.84;-0.15;-0.03;-1.05;
32.44;28.90;-6.10;-0.20;-0.07;-1.04;-0.06;-0.55;-0.55;-0.19;-0.05;-0.98;-28.48;-30.43;6.95;-0.20;-0.02;-0.97;-16.46;-16.16;4.39;-0.22;-0.00;-0.95;-0.43;-9.82;0.12;-0.22;-0.02;-0.97;
-21.10;-17.62;4.33;-0.23;-0.00;-0.93;0.00;-6.83;0.55;-0.23;-0.02;-0.97;-0.37;0.91;0.24;-0.24;-0.01;-0.98;0.30;1.46;0.55;-0.23;-0.01;-0.97;-0.79;-0.85;-0.12;-0.23;-0.01;-0.96;
18.05;6.28;-6.89;-0.18;-0.04;-1.01;-23.84;-9.57;3.84;-0.16;-0.06;-0.94;40.61;31.77;-15.30;-0.14;-0.02;-1.00;12.93;29.39;-18.41;-0.03;-0.10;-0.90;-8.35;-9.63;0.06;-0.14;-0.10;-0.98;
1.59;2.32;0.12;-0.15;-0.09;-0.98;-0.43;-1.65;0.18;-0.15;-0.09;-0.98;-0.43;-0.49;0.00;-0.15;-0.10;-0.97;-0.30;-0.67;0.43;-0.16;-0.10;-0.98;-0.06;1.16;0.61;-0.15;-0.08;-0.98;
-1.77;-1.95;0.30;-0.15;-0.09;-0.98;-2.74;-1.89;0.18;-0.15;-0.10;-0.98;-0.24;-0.37;0.30;-0.16;-0.09;-0.98;0.00;1.95;0.30;-0.16;-0.10;-0.97;22.13;-213.72;42.13;-0.19;-0.20;-0.87;
4.57;4.57;0.06;-0.16;-0.07;-0.98;12.01;-467.32;63.17;-0.63;-0.40;-1.50;194.15;243.17;25.06;-1.26;1.50;-2.00;-73.84;2.20;-149.63;-0.30;0.49;-1.24;-79.02;-4.51;-154.27;-0.52;-0.83;-1.36;
-44.21;-15.06;-43.66;-0.36;0.07;-0.95;-3.96;11.77;-17.56;-0.26;-0.02;-0.90;8.96;-9.70;-13.41;-0.56;0.21;-0.93;12.01;19.09;-18.60;-0.02;0.10;-0.90;-22.87;4.09;-37.32;-0.24;0.13;-0.96;
-8.29;-11.77;60.98;-0.21;0.15;-0.95;26.34;5.73;35.37;-0.15;-0.13;-0.84;32.13;-18.48;33.11;-0.21;-0.07;-0.82;0.18;-23.90;0.67;-0.62;0.05;-1.17;0.24;9.76;1.65;-0.23;-0.02;-0.96;
-0.49;-0.37;0.06;-0.22;-0.01;-0.98;-0.43;0.18;0.18;-0.21;-0.01;-0.98;-0.43;0.24;-0.06;-0.21;-0.01;-0.98;0.00;-0.30;-0.12;-0.22;-0.00;-0.97;-0.49;0.55;0.24;-0.22;-0.01;-0.97;
-0.18;0.00;0.00;-0.21;-0.01;-0.97;-0.37;-0.55;0.12;-0.23;-0.02;-0.98;-0.06;0.30;-0.30;-0.21;-0.01;-0.97;-0.37;0.61;0.06;-0.23;-0.01;-0.97;-0.91;-84.76;0.67;-0.12;0.02;-0.76;
29.88;57.93;55.00;-0.37;-0.05;-1.13;3.60;-14.33;17.56;-0.26;-0.02;-0.86;-14.15;-1.16;8.60;-0.20;-0.07;-0.97;5.98;-3.66;0.79;-0.17;-0.12;-0.96;9.27;34.76;1.71;-0.18;-0.08;-0.98;
-0.06;1.65;1.34;-0.18;-0.10;-1.00;-4.39;-15.12;-1.46;-0.18;-0.09;-0.98;2.13;8.84;0.91;-0.17;-0.09;-0.98;0.30;2.26;0.49;-0.17;-0.09;-0.98;0.73;4.88;-0.43;-0.18;-0.09;-0.97;
-0.37;0.55;0.43;-0.17;-0.09;-0.98;0.37;0.79;-0.12;-0.15;-0.09;-0.98;-0.73;-1.89;-0.12;-0.17;-0.08;-0.98;0.24;2.99;0.37;-0.17;-0.09;-0.97;-0.79;-0.67;0.00;-0.16;-0.10;-0.98;
0.30;1.22;0.12;-0.17;-0.09;-0.98;-0.73;-0.12;0.24;-0.16;-0.09;-0.98;-0.61;-0.55;0.49;-0.17;-0.09;-0.98;-0.43;0.55;0.12;-0.16;-0.09;-0.98;-0.61;0.79;-0.06;-0.16;-0.09;-0.98;
0.06;3.05;-0.49;-0.16;-0.10;-0.98;-0.98;-3.54;-0.43;-0.16;-0.10;-0.98;0.61;4.27;0.61;-0.16;-0.09;-0.98;-1.34;-3.41;-0.49;-0.15;-0.09;-0.98;0.61;2.74;0.43;-0.16;-0.09;-0.99;
-0.06;0.06;0.12;-0.16;-0.10;-0.97;-0.30;0.43;0.37;-0.16;-0.10;-0.98;-0.06;1.34;0.24;-0.16;-0.09;-0.97;-0.37;0.37;0.37;-0.17;-0.09;-0.98;-0.61;-0.49;0.06;-0.16;-0.09;-0.97;
-0.06;1.16;-0.06;-0.15;-0.09;-0.98;-10.37;-36.40;-2.87;-0.15;-0.09;-0.96;-34.02;-23.60;9.51;-0.17;-0.09;-0.97;-29.15;-17.26;11.71;-0.13;-0.17;-0.93;-0.67;2.93;10.12;-0.20;-0.09;-0.93;
1.22;5.37;1.40;-0.16;-0.10;-0.99;-0.73;-1.71;-0.98;-0.15;-0.08;-0.96;0.30;0.85;0.00;-0.15;-0.09;-0.98;-0.37;0.49;0.12;-0.16;-0.09;-0.99;0.30;0.12;0.30;-0.16;-0.09;-0.97;
-21.22;18.23;-38.05;-0.35;-0.17;-1.31;-43.17;8.96;-87.01;-0.44;-0.09;-0.88;-25.30;-5.30;-77.99;-0.61;-0.12;-0.97;-71.22;9.45;-39.57;-0.12;-0.14;-0.96;-39.94;-4.76;-32.26;-0.53;-0.05;-0.90;
-86.46;-5.55;-11.40;-0.28;0.38;-0.84;-35.67;-2.20;11.22;-0.32;0.56;-0.72;157.87;-58.60;-73.78;-0.53;0.02;-1.21;199.51;38.84;-57.99;-1.15;0.33;-1.56;-5.12;2.38;-1.10;-0.32;0.42;-0.76;
-25.43;3.17;25.73;-0.33;0.36;-0.76;20.30;3.66;-7.38;-0.35;0.32;-0.87;-32.01;-5.00;11.77;-0.36;0.31;-0.88;-6.46;-1.40;1.83;-0.34;0.33;-0.85;1.46;0.61;-1.28;-0.35;0.33;-0.86;
25.12;0.98;-5.43;-0.27;0.31;-0.63;-7.74;-1.95;3.96;-0.32;0.21;-0.88;15.85;2.13;-5.37;-0.35;0.18;-0.94;12.32;1.52;-4.33;-0.34;0.18;-0.91;64.45;2.99;-43.41;-0.36;0.10;-0.98;
-6.95;-9.70;-14.82;-0.39;-0.04;-0.97;-9.57;17.74;7.20;-0.44;0.02;-0.87;3.90;2.01;-1.95;-0.33;0.09;-0.96;4.02;0.61;-1.28;-0.33;0.08;-0.95;4.27;8.29;5.18;-0.31;0.09;-0.87;
18.60;8.54;16.04;-0.10;0.31;-0.96;14.33;-0.06;-0.67;-0.29;0.11;-0.77;8.78;2.56;-1.46;-0.30;0.13;-0.89;18.05;-12.87;34.21;-0.39;0.13;-0.88;-6.16;-2.26;2.13;-0.35;0.11;-0.93;
-3.17;-4.27;4.94;-0.32;0.09;-0.91;4.27;1.04;-1.89;-0.33;0.08;-0.94;0.61;0.06;-0.30;-0.34;0.09;-0.93;1.34;-0.30;-0.73;-0.34;0.08;-0.94;2.13;0.49;-0.55;-0.34;0.09;-0.94;
18.35;11.52;-12.50;-0.34;-0.14;-0.95;-0.18;-0.43;-1.16;-0.32;0.05;-0.95;6.71;11.22;-9.02;-0.31;0.06;-0.90;3.35;6.10;-6.04;-0.32;0.04;-0.94;-24.88;-18.35;12.62;-0.30;0.06;-0.94;
-0.12;-0.06;0.00;-0.32;0.05;-0.94;-0.30;-0.43;-0.12;-0.32;0.04;-0.94;-0.12;0.06;0.00;-0.32;0.05;-0.93;-0.73;0.30;0.18;-0.32;0.05;-0.94;-0.49;0.12;-0.37;-0.32;0.04;-0.95;
0.18;-0.30;-0.18;-0.33;0.04;-0.93;-0.55;-0.18;0.00;-0.33;0.04;-0.95;-0.24;-0.06;0.24;-0.32;0.04;-0.95;-0.67;0.00;0.06;-0.32;0.04;-0.95;-0.24;0.00;0.12;-0.32;0.05;-0.94;
-0.18;-0.30;0.00;-0.32;0.04;-0.94;-0.18;-0.06;0.43;-0.32;0.04;-0.94;0.18;-0.06;-0.30;-0.32;0.04;-0.94;0.06;-0.12;0.06;-0.33;0.04;-0.93;0.30;-0.67;0.79;-0.32;0.04;-0.95;
0.49;0.18;-0.06;-0.32;0.05;-0.94;-0.12;-0.43;-0.12;-0.33;0.04;-0.93;0.30;-0.37;-0.12;-0.31;0.04;-0.94;-0.55;-0.43;0.24;-0.32;0.04;-0.94;-0.55;-0.06;0.06;-0.32;0.04;-0.94;
