-0.49;-0.30;0.43;-0.46;0.19;-0.86;0.43;0.06;0.18;0.18;-0.34;-0.93;-0.18;-0.12;-0.85;0.23;-0.63;0.78;0.24;-0.91;0.06;0.37;0.13;0.93;0.43;0.18;0.18;0.23;0.00;1.02;0.67;0.00;1.10;0.24;-0.12;0.98;-0.06;0.24;-0.43;-0.20;0.04;-0.97;0.37;0.00;-0.30;0.25;0.49;0.85;
0.00;-0.30;0.12;-0.47;0.20;-0.85;0.18;0.12;-0.12;0.18;-0.33;-0.93;-0.12;0.00;-1.04;0.23;-0.62;0.79;0.98;-0.49;-0.12;0.36;0.13;0.91;0.49;-2.13;0.18;0.22;0.01;1.03;-0.18;-0.18;0.61;0.25;-0.11;0.97;-6.89;2.99;2.26;-0.19;0.04;-0.98;-3.96;-3.23;-0.30;0.27;0.48;0.84;
-0.49;0.00;0.24;-0.46;0.20;-0.86;0.24;0.06;0.18;0.18;-0.33;-0.92;0.55;-0.12;-1.22;0.23;-0.62;0.78;0.12;0.24;0.18;0.37;0.12;0.93;-0.30;-0.06;0.37;0.24;-0.07;1.01;-0.73;3.90;3.23;0.26;-0.13;0.98;-0.49;1.04;0.24;-0.14;0.14;-0.98;0.24;0.12;-0.30;0.25;0.50;0.85;
-0.18;0.24;0.00;-0.46;0.20;-0.86;0.43;0.37;0.18;0.18;-0.33;-0.93;-0.18;-0.67;-1.22;0.23;-0.63;0.79;0.30;-0.49;0.24;0.37;0.13;0.92;-0.06;-0.43;1.10;0.25;-0.07;1.02;0.98;2.13;1.65;0.25;-0.12;0.99;-0.43;0.43;0.18;-0.13;0.14;-0.98;0.61;0.43;0.06;0.24;0.50;0.84;
0.18;-0.12;0.55;-0.45;0.20;-0.86;-0.06;0.37;0.30;0.18;-0.33;-0.93;0.85;-0.79;-1.22;0.22;-0.62;0.77;0.55;-0.43;0.00;0.36;0.12;0.93;0.61;-0.12;0.37;0.23;-0.07;1.01;0.73;-0.49;0.85;0.23;-0.12;0.97;-0.24;0.24;0.06;-0.13;0.14;-0.98;1.04;-0.06;-0.43;0.25;0.50;0.84;
-0.24;-0.06;-0.06;-0.45;0.20;-0.87;0.12;0.12;-0.18;0.17;-0.33;-0.93;0.12;-0.06;-0.85;0.22;-0.63;0.79;0.18;-0.43;0.37;0.38;0.12;0.92;0.79;-0.37;0.24;0.23;-0.07;1.01;-0.55;2.13;3.72;0.25;-0.12;0.98;-0.37;0.24;0.18;-0.12;0.14;-0.99;0.18;0.06;-0.24;0.25;0.50;0.84;
-0.24;0.00;0.18;-0.45;0.20;-0.87;0.43;0.43;0.43;0.18;-0.33;-0.93;0.30;-0.18;-1.22;0.22;-0.63;0.78;0.67;-0.55;0.12;0.38;0.12;0.93;0.12;-0.24;0.18;0.24;-0.07;1.01;-0.43;-0.30;0.98;0.25;-0.11;0.99;0.18;-0.43;-0.30;-0.13;0.15;-0.98;-0.06;0.00;-0.67;0.24;0.50;0.84;
0.06;0.06;0.30;-0.45;0.20;-0.86;0.24;0.37;-0.24;0.18;-0.33;-0.92;-0.30;-0.43;-0.49;0.22;-0.63;0.78;0.30;-0.12;-0.12;0.38;0.13;0.92;0.12;-0.43;0.00;0.23;-0.07;1.01;-2.50;1.59;3.29;0.26;-0.16;0.94;0.12;-0.37;0.00;-0.13;0.13;-0.97;0.55;0.12;-0.43;0.25;0.51;0.84;
0.18;0.00;0.49;-0.46;0.20;-0.87;0.73;0.06;0.55;0.18;-0.33;-0.91;0.61;-0.73;-1.95;0.23;-0.62;0.79;0.61;0.06;0.12;0.37;0.12;0.92;-0.18;-0.49;0.18;0.24;-0.07;1.01;-0.43;2.01;1.10;0.27;-0.12;0.98;0.12;0.00;0.00;-0.12;0.15;-0.98;0.55;0.30;-0.61;0.23;0.53;0.83;
0.55;0.37;-0.24;-0.45;0.19;-0.84;0.91;0.00;0.49;0.18;-0.32;-0.92;-0.61;-0.43;-0.61;0.23;-0.63;0.78;-0.06;-0.49;-0.24;0.37;0.12;0.92;0.18;-0.67;0.00;0.24;-0.07;0.99;-5.00;3.41;5.00;0.25;-0.15;0.98;-0.67;0.37;0.12;-0.12;0.15;-0.98;0.18;-0.37;-0.24;0.22;0.53;0.84;
-0.06;-0.98;0.12;-0.45;0.20;-0.87;0.00;0.12;0.61;0.17;-0.33;-0.93;-0.12;-0.12;-1.40;0.22;-0.63;0.78;0.12;-0.12;-0.12;0.37;0.12;0.91;0.30;-0.12;0.49;0.23;-0.08;1.01;1.59;-0.91;-0.49;0.25;-0.13;0.98;-0.37;0.12;0.18;-0.11;0.16;-0.98;0.24;0.18;-0.37;0.22;0.53;0.84;
0.67;-0.79;0.06;-0.45;0.20;-0.86;0.49;0.00;0.49;0.18;-0.33;-0.92;0.55;2.13;-1.52;0.22;-0.68;0.77;-0.06;-0.43;0.00;0.37;0.12;0.92;0.43;-0.55;0.55;0.24;-0.07;1.01;0.61;0.91;1.22;0.25;-0.11;0.98;0.67;0.43;0.43;-0.12;0.15;-0.98;0.37;-0.24;-0.49;0.23;0.53;0.83;
0.00;-0.61;0.12;-0.46;0.20;-0.85;0.30;0.43;0.30;0.17;-0.33;-0.93;-0.37;-0.73;-0.85;0.23;-0.64;0.78;0.43;-0.43;0.06;0.36;0.13;0.94;0.37;-0.85;0.67;0.24;-0.07;1.01;0.12;-0.12;1.52;0.25;-0.12;0.97;-0.12;0.18;-0.30;-0.12;0.15;-0.98;0.55;-0.43;-0.43;0.23;0.52;0.83;
-0.49;-0.24;0.43;-0.46;0.20;-0.86;0.61;0.43;0.37;0.18;-0.32;-0.93;0.12;-0.43;-1.22;0.23;-0.63;0.77;0.61;-0.30;0.49;0.37;0.13;0.93;0.06;-0.37;0.55;0.23;-0.08;1.00;-0.18;0.61;1.04;0.25;-0.12;0.98;0.18;-0.24;0.18;-0.12;0.15;-0.99;-0.49;0.00;-0.37;0.22;0.53;0.83;
0.00;-0.43;-0.43;-0.45;0.20;-0.86;0.98;0.24;0.43;0.17;-0.33;-0.93;-0.18;-0.12;-0.91;0.22;-0.63;0.78;0.24;-0.30;0.30;0.37;0.13;0.92;0.24;-0.24;0.18;0.24;-0.08;1.01;-0.12;0.00;1.34;0.25;-0.12;0.98;0.55;0.06;0.12;-0.11;0.15;-0.98;0.61;0.37;-0.18;0.22;0.52;0.84;
0.37;-0.12;-0.24;-0.45;0.19;-0.86;0.12;0.18;-0.06;0.17;-0.32;-0.92;0.12;-0.18;-1.28;0.21;-0.63;0.77;0.43;0.00;0.18;0.37;0.13;0.92;0.12;-0.43;0.49;0.24;-0.07;1.01;0.00;-0.06;0.18;0.25;-0.12;0.98;-0.06;-0.06;0.30;-0.12;0.16;-0.98;0.37;0.79;-0.37;0.23;0.53;0.84;
0.12;-0.43;0.00;-0.46;0.20;-0.86;0.12;0.37;0.06;0.17;-0.33;-0.93;-0.18;-0.61;-1.46;0.22;-0.64;0.78;0.67;-0.49;0.00;0.37;0.12;0.93;0.55;-0.37;0.18;0.25;-0.08;1.01;4.21;-4.21;-2.20;0.25;-0.12;0.98;-0.12;0.24;-0.18;-0.12;0.15;-0.98;0.55;0.61;-0.49;0.22;0.53;0.83;
0.06;-0.24;-0.12;-0.46;0.19;-0.86;0.12;0.24;0.55;0.19;-0.33;-0.93;0.12;-0.79;-1.04;0.22;-0.64;0.78;0.12;-0.61;0.12;0.37;0.13;0.92;-0.06;0.06;0.30;0.24;-0.08;1.03;0.67;0.61;0.30;0.25;-0.12;0.99;0.67;-0.55;-0.37;-0.12;0.15;-0.98;0.49;-0.06;-0.61;0.22;0.53;0.84;
-0.30;0.18;-0.12;-0.45;0.19;-0.86;0.67;0.00;0.43;0.17;-0.33;-0.93;0.24;-0.79;-0.79;0.22;-0.63;0.78;0.61;-0.24;-0.43;0.37;0.13;0.93;0.37;-0.30;0.30;0.23;-0.07;1.01;-0.49;0.30;1.46;0.25;-0.13;0.97;0.55;0.24;0.12;-0.13;0.15;-0.98;-0.18;0.37;-0.91;0.23;0.53;0.83;
-0.37;-0.55;0.18;-0.47;0.20;-0.86;0.18;0.00;0.06;0.18;-0.32;-0.93;-0.12;-0.06;-1.04;0.22;-0.63;0.78;-0.06;-0.24;-0.18;0.37;0.13;0.93;0.00;-0.91;0.49;0.24;-0.08;1.02;-1.52;1.34;1.65;0.25;-0.13;0.98;-0.06;0.00;0.12;-0.12;0.15;-0.98;0.55;0.06;-0.24;0.22;0.52;0.83;
-0.49;0.06;0.30;-0.45;0.20;-0.86;0.30;0.30;0.61;0.17;-0.33;-0.92;0.30;-0.06;-1.22;0.23;-0.63;0.79;-0.18;-0.49;-0.55;0.38;0.13;0.93;0.24;-0.37;0.24;0.24;-0.08;1.02;0.12;0.79;1.59;0.25;-0.12;0.99;0.85;-0.06;0.06;-0.12;0.15;-0.99;0.49;-0.30;-0.24;0.23;0.53;0.84;
-1.10;-0.67;0.18;-0.45;0.20;-0.85;0.37;-0.12;0.12;0.17;-0.34;-0.92;-0.61;-0.18;-1.65;0.22;-0.63;0.78;-1.71;-0.18;0.24;0.37;0.13;0.93;0.06;-0.12;0.06;0.24;-0.08;1.01;-0.55;-1.22;0.67;0.25;-0.13;0.97;0.67;0.00;0.00;-0.13;0.15;-0.97;0.18;-0.24;-0.18;0.23;0.53;0.83;
-0.43;-0.49;0.12;-0.45;0.20;-0.86;0.61;0.18;0.30;0.17;-0.33;-0.93;0.18;-0.30;-0.67;0.22;-0.63;0.78;0.30;-0.55;-0.12;0.37;0.12;0.92;0.73;-0.18;0.06;0.24;-0.07;1.02;-0.12;0.37;1.40;0.25;-0.13;0.97;-0.24;0.37;0.06;-0.12;0.15;-0.97;0.18;-0.18;-0.18;0.22;0.53;0.83;
-0.12;0.06;-0.24;-0.45;0.19;-0.86;0.37;0.37;-0.06;0.18;-0.33;-0.93;-0.37;-0.12;-0.67;0.23;-0.64;0.78;-0.06;-0.73;0.18;0.37;0.13;0.93;0.43;-0.24;0.30;0.24;-0.07;1.01;0.06;0.61;0.85;0.25;-0.12;0.98;4.21;1.34;1.59;-0.11;0.16;-0.95;0.37;-0.06;-0.49;0.22;0.52;0.83;
-0.37;-0.43;0.18;-0.46;0.20;-0.86;0.43;0.24;-0.06;0.18;-0.33;-0.92;-1.46;-0.55;-1.16;0.23;-0.64;0.77;0.55;-1.10;-0.61;0.37;0.12;0.92;0.67;0.49;0.18;0.23;-0.07;1.01;-2.68;2.20;3.17;0.26;-0.12;0.97;0.24;16.77;7.38;-0.16;0.15;-0.87;-19.63;-12.26;11.34;0.19;0.36;0.76;
-0.06;-0.37;-0.30;-0.45;0.19;-0.86;0.67;0.49;0.30;0.18;-0.33;-0.92;-0.85;-0.18;-1.28;0.22;-0.63;0.78;0.79;-0.24;0.00;0.37;0.12;0.93;-0.37;-0.30;0.18;0.24;-0.08;1.00;-0.61;0.49;1.95;0.26;-0.11;0.97;0.24;0.49;-0.30;-0.12;0.16;-0.95;-0.30;-0.06;0.30;0.25;0.50;0.85;
-0.61;-0.12;0.43;-0.46;0.19;-0.86;0.55;0.30;0.18;0.18;-0.33;-0.93;11.71;-0.85;-8.60;0.24;-0.59;0.80;0.06;-0.37;-0.30;0.37;0.13;0.93;0.73;-2.56;4.51;0.21;-0.20;1.03;0.98;0.67;1.59;0.26;-0.12;0.97;0.24;0.24;0.61;-0.12;0.15;-0.99;-2.80;-1.34;1.59;0.24;0.52;0.83;
-0.91;-0.91;-0.12;-0.45;0.19;-0.86;0.67;0.18;0.06;0.18;-0.32;-0.93;-0.12;-0.67;-1.10;0.22;-0.63;0.78;-0.06;-0.85;-0.12;0.37;0.12;0.93;0.55;-0.55;0.37;0.24;-0.07;1.01;0.30;0.98;1.40;0.25;-0.12;0.97;0.37;-0.18;0.43;-0.11;0.15;-0.98;0.67;-0.12;-0.61;0.23;0.52;0.84;
0.12;-0.85;0.00;-0.46;0.20;-0.86;0.85;0.30;0.00;0.17;-0.33;-0.92;-2.26;0.18;0.91;0.23;-0.63;0.79;0.73;-0.91;-0.18;0.37;0.13;0.92;0.55;-0.24;0.67;0.24;-0.08;1.01;0.18;0.24;0.98;0.26;-0.12;0.98;-0.24;0.18;-0.61;-0.12;0.14;-0.98;0.06;-0.67;0.00;0.23;0.52;0.84;
-0.24;-0.55;0.12;-0.45;0.19;-0.87;-0.24;0.06;-0.43;0.18;-0.33;-0.92;1.59;-0.79;-1.04;0.22;-0.64;0.79;0.30;-0.85;-0.12;0.37;0.12;0.92;0.91;-0.37;0.49;0.24;-0.08;1.02;-0.49;0.85;1.22;0.25;-0.12;0.98;0.30;-0.30;-0.30;-0.12;0.15;-0.98;0.12;0.37;-0.49;0.25;0.51;0.85;
-0.79;-0.18;-0.30;-0.45;0.20;-0.85;-0.30;0.30;0.00;0.18;-0.33;-0.93;0.06;-0.30;-1.52;0.23;-0.63;0.78;0.79;-0.37;-0.12;0.37;0.12;0.92;0.30;0.18;0.37;0.24;-0.07;1.02;-1.10;1.34;1.34;0.25;-0.13;0.97;0.12;0.12;-0.18;-0.12;0.15;-0.98;-0.30;-0.18;-0.43;0.25;0.52;0.84;
-0.73;-0.43;0.30;-0.46;0.20;-0.88;1.34;-1.16;-0.06;0.18;-0.34;-0.93;-5.79;0.37;1.34;0.23;-0.62;0.79;0.85;-0.37;0.18;0.37;0.12;0.92;0.24;-0.06;0.24;0.24;-0.08;1.01;0.00;0.12;1.22;0.25;-0.12;0.98;-0.73;0.79;0.06;-0.12;0.15;-0.98;0.37;-0.24;-0.73;0.23;0.53;0.84;
-0.37;-0.37;0.06;-0.45;0.20;-0.86;-0.98;0.91;-0.18;0.18;-0.33;-0.92;0.24;-1.04;-0.73;0.22;-0.63;0.77;0.43;-0.73;0.00;0.37;0.13;0.92;0.12;-0.73;0.24;0.24;-0.07;1.01;0.00;1.28;1.65;0.26;-0.13;0.98;2.56;0.55;-0.24;-0.11;0.15;-0.98;-0.24;-0.37;-0.43;0.23;0.52;0.83;
-0.85;-0.73;-0.06;-0.45;0.20;-0.86;0.18;0.18;0.30;0.18;-0.34;-0.92;0.18;-0.67;-0.61;0.22;-0.63;0.78;-0.30;-0.30;0.00;0.37;0.12;0.93;0.00;-0.37;0.06;0.24;-0.08;1.01;-0.30;-0.24;-0.18;0.25;-0.13;0.98;0.06;-0.18;-0.06;-0.13;0.14;-0.97;0.49;-0.43;-0.67;0.24;0.52;0.84;
-0.30;0.37;-0.43;-0.46;0.20;-0.86;0.24;0.30;0.30;0.17;-0.33;-0.92;1.04;-0.12;-1.34;0.23;-0.62;0.78;1.16;-0.37;0.30;0.37;0.12;0.93;0.37;-0.49;0.30;0.25;-0.08;1.01;-0.73;1.59;2.01;0.24;-0.13;0.98;-0.24;0.30;0.12;-0.12;0.14;-0.98;0.18;-0.18;-0.24;0.23;0.52;0.84;
-0.73;0.00;-0.06;-0.46;0.19;-0.86;0.61;0.24;0.49;0.17;-0.33;-0.92;-0.18;-0.37;-1.22;0.22;-0.62;0.78;0.49;0.00;-0.12;0.37;0.13;0.92;0.37;-0.18;0.43;0.24;-0.08;1.01;-0.06;0.24;1.52;0.25;-0.13;0.97;0.91;-0.18;0.49;-0.11;0.16;-0.98;0.37;0.18;-0.37;0.23;0.52;0.84;
-0.37;0.00;0.55;-0.45;0.20;-0.86;0.43;0.24;0.18;0.18;-0.33;-0.93;-0.61;-0.55;-0.67;0.22;-0.63;0.78;0.67;-0.55;-0.12;0.37;0.13;0.92;2.87;-0.12;-0.43;0.24;-0.08;1.01;-0.30;0.43;1.52;0.24;-0.13;0.98;0.67;-0.06;-0.24;-0.11;0.15;-0.99;0.73;0.06;-0.18;0.23;0.52;0.84;
-0.49;-0.24;-0.18;-0.45;0.20;-0.86;0.73;0.24;0.30;0.18;-0.32;-0.93;0.00;0.00;-0.49;0.22;-0.63;0.78;0.12;-0.24;0.30;0.37;0.12;0.92;1.28;0.06;0.55;0.23;-0.06;1.03;-0.06;-0.37;1.28;0.26;-0.13;0.97;0.30;-0.12;0.18;-0.12;0.15;-0.97;0.85;-0.18;-0.98;0.23;0.52;0.84;
-0.43;0.24;0.37;-0.46;0.20;-0.86;0.37;-0.30;-0.06;0.17;-0.33;-0.93;-6.77;1.95;3.17;0.21;-0.66;0.76;0.06;-0.61;-0.06;0.37;0.12;0.93;0.67;-0.91;0.06;0.23;-0.08;0.99;-0.43;1.46;1.59;0.25;-0.12;0.98;-4.63;2.01;0.55;-0.10;0.14;-0.96;1.46;0.79;-1.95;0.24;0.50;0.83;
-0.43;-0.06;-0.18;-0.46;0.19;-0.86;0.24;0.24;0.30;0.17;-0.33;-0.92;0.73;-0.12;-0.24;0.22;-0.63;0.77;2.62;-0.61;-0.73;0.37;0.12;0.93;0.24;-0.67;0.55;0.25;-0.07;1.01;-1.46;2.13;2.99;0.24;-0.13;0.98;-0.06;-0.12;0.79;-0.12;0.14;-0.98;0.18;0.00;-0.24;0.24;0.50;0.84;
-0.18;0.24;0.00;-0.45;0.20;-0.86;1.16;0.06;-0.18;0.18;-0.33;-0.92;0.24;-0.73;-1.46;0.22;-0.63;0.77;1.10;-0.18;-0.37;0.37;0.12;0.91;-0.24;-0.06;0.30;0.25;-0.07;1.01;-3.66;1.65;2.50;0.26;-0.15;0.96;0.18;0.24;0.37;-0.11;0.14;-0.98;0.67;0.37;-0.55;0.24;0.50;0.85;
-0.06;-0.37;0.06;-0.46;0.18;-0.87;0.73;0.37;0.12;0.17;-0.33;-0.92;0.00;0.18;-0.98;0.22;-0.64;0.77;0.98;0.24;-0.43;0.37;0.13;0.93;0.24;-0.30;0.00;0.24;-0.08;1.02;-1.59;-1.46;3.72;0.21;-0.13;0.98;-0.06;-0.06;-0.06;-0.12;0.14;-0.98;0.43;0.06;-0.49;0.25;0.50;0.84;
-0.18;-0.12;-0.24;-0.46;0.19;-0.87;0.37;0.49;-0.61;0.18;-0.33;-0.93;0.06;-0.85;-1.22;0.21;-0.63;0.77;0.00;-0.79;0.55;0.37;0.13;0.92;0.24;-0.12;0.30;0.24;-0.08;1.01;-0.12;-2.13;0.24;0.22;-0.14;0.99;0.49;0.30;0.55;-0.11;0.14;-0.99;0.12;0.12;0.06;0.25;0.50;0.86;
-0.12;-0.12;0.18;-0.45;0.19;-0.86;0.43;-0.06;0.06;0.18;-0.33;-0.92;-2.56;-2.44;-1.34;0.21;-0.62;0.75;0.43;-0.61;0.12;0.36;0.12;0.92;-0.61;-0.67;0.18;0.24;-0.08;1.01;5.61;-0.18;-1.65;0.27;-0.12;0.99;0.30;-0.24;0.37;-0.12;0.15;-0.98;0.30;0.12;-0.30;0.24;0.50;0.85;
0.37;0.12;0.12;-0.45;0.20;-0.86;0.91;-0.43;0.37;0.18;-0.33;-0.93;-3.29;-0.61;-0.73;0.21;-0.64;0.76;0.24;-0.43;-0.06;0.37;0.13;0.93;0.18;-0.49;0.79;0.23;-0.08;1.01;1.89;-0.24;0.12;0.24;-0.13;0.99;-4.76;0.98;1.83;-0.13;0.12;-0.99;-13.84;-5.73;8.29;0.27;0.46;0.86;
-0.73;0.18;-0.30;-0.45;0.19;-0.85;0.30;-0.12;0.37;0.18;-0.33;-0.92;0.43;0.18;-0.67;0.22;-0.63;0.78;0.00;-0.49;-0.30;0.38;0.12;0.93;-0.79;-1.10;0.06;0.24;-0.09;1.01;-0.91;1.89;2.07;0.24;-0.13;0.98;-1.40;0.67;0.49;-0.11;0.14;-0.98;0.61;-0.06;-0.43;0.26;0.50;0.85;
-0.43;-0.85;0.18;-0.46;0.19;-0.86;0.37;0.30;0.37;0.18;-0.32;-0.91;1.65;-0.24;-1.71;0.21;-0.62;0.78;-0.18;-0.79;-0.06;0.38;0.13;0.93;0.49;0.30;-0.43;0.25;-0.08;1.00;-0.49;0.55;0.85;0.23;-0.13;0.98;0.37;-0.24;0.37;-0.12;0.14;-0.99;0.24;0.18;-0.85;0.25;0.48;0.85;
0.00;-0.61;-0.18;-0.46;0.19;-0.86;0.43;0.12;0.30;0.18;-0.32;-0.92;0.91;-0.67;-1.40;0.22;-0.62;0.79;0.30;-0.24;0.43;0.36;0.13;0.92;-0.43;-0.18;0.24;0.24;-0.08;1.01;0.06;-0.79;1.34;0.24;-0.13;0.98;2.13;-1.89;18.35;-0.01;0.30;-0.93;2.50;0.67;-2.32;0.21;0.54;0.80;
-1.04;-0.43;0.24;-0.45;0.19;-0.86;0.18;0.00;-0.12;0.18;-0.33;-0.93;-0.06;-0.37;-0.98;0.22;-0.63;0.79;0.49;-0.12;-0.12;0.36;0.14;0.92;0.67;-0.12;-0.24;0.24;-0.08;1.02;9.57;-3.35;-5.30;0.23;-0.15;0.95;0.12;0.30;0.49;-0.11;0.14;-0.98;0.43;0.24;-0.55;0.26;0.49;0.85;
-0.18;-0.37;-0.55;-0.46;0.20;-0.86;-0.06;-0.06;0.18;0.18;-0.33;-0.92;0.12;-1.04;-0.79;0.22;-0.63;0.77;0.30;-1.04;0.24;0.36;0.14;0.91;0.18;-0.43;0.37;0.23;-0.08;1.01;-4.70;2.87;4.33;0.24;-0.12;0.99;0.24;0.12;0.00;-0.12;0.14;-0.98;0.49;-0.12;-0.43;0.25;0.50;0.84;
0.30;2.01;-1.71;-0.44;0.18;-0.83;0.18;0.24;0.49;0.18;-0.32;-0.93;0.12;-0.49;-0.79;0.22;-0.63;0.78;0.37;-0.24;-0.18;0.37;0.14;0.92;5.43;-1.77;0.37;0.24;-0.08;1.01;0.06;-0.43;0.73;0.23;-0.14;0.98;3.78;34.33;22.20;-0.29;0.04;-0.91;2.01;0.06;-1.89;0.21;0.54;0.83;
0.24;0.00;0.00;-0.46;0.20;-0.85;-0.30;0.24;0.06;0.18;-0.33;-0.93;-0.30;0.24;-0.91;0.22;-0.63;0.78;-0.37;-0.67;0.06;0.37;0.13;0.92;0.37;3.78;0.49;0.15;0.01;1.06;1.10;0.12;0.67;0.25;-0.13;0.98;-0.49;0.49;0.37;-0.14;0.12;-0.98;0.55;0.37;-0.91;0.26;0.49;0.85;
-0.55;-0.55;0.06;-0.45;0.19;-0.86;0.55;0.43;0.00;0.18;-0.33;-0.93;0.61;-0.73;-0.79;0.22;-0.63;0.78;0.00;-0.67;-0.06;0.37;0.13;0.93;0.00;1.10;0.30;0.14;0.00;1.06;-0.55;-0.18;1.04;0.25;-0.12;0.97;-0.85;10.61;-4.57;-0.12;0.11;-0.99;0.91;0.43;-1.04;0.25;0.49;0.85;
-0.49;-0.12;0.43;-0.46;0.20;-0.86;0.37;0.73;0.24;0.18;-0.33;-0.93;-0.18;-0.12;-1.04;0.22;-0.63;0.79;0.24;-0.24;0.12;0.37;0.12;0.92;0.37;-2.44;0.49;0.13;0.00;1.06;-0.06;1.10;0.30;0.25;-0.12;0.98;0.43;1.46;0.30;-0.20;0.04;-0.97;0.24;0.24;-0.55;0.24;0.50;0.84;
-0.79;0.30;-0.24;-0.44;0.20;-0.87;0.18;0.18;-0.12;0.18;-0.33;-0.93;0.18;-0.24;-0.73;0.22;-0.63;0.79;0.00;0.00;0.12;0.37;0.13;0.92;0.37;1.04;0.55;0.13;0.00;1.06;1.16;0.85;1.59;0.23;-0.12;0.96;-0.18;-4.76;-0.98;-0.21;0.04;-0.97;0.61;-0.12;-0.55;0.25;0.50;0.85;
1.77;0.24;-0.06;-0.45;0.19;-0.83;0.18;-0.18;-0.24;0.18;-0.33;-0.92;0.06;-0.67;-1.04;0.23;-0.63;0.79;0.18;-0.06;-0.43;0.38;0.12;0.92;0.06;1.52;0.18;0.12;-0.00;1.06;-0.12;0.24;1.52;0.24;-0.13;0.97;-0.55;-0.24;-1.65;-0.24;0.02;-0.97;0.06;-0.12;-0.43;0.25;0.49;0.84;
-0.30;-0.49;-0.06;-0.46;0.19;-0.86;1.04;-0.06;0.18;0.17;-0.33;-0.93;-0.12;-0.06;-1.10;0.22;-0.63;0.78;0.49;-0.37;0.24;0.37;0.12;0.93;0.73;-0.73;0.12;0.11;0.00;1.07;1.65;0.18;1.46;0.25;-0.12;0.97;-0.06;0.43;-0.43;-0.24;0.04;-0.96;0.30;-0.12;-0.43;0.25;0.50;0.85;
-0.43;-0.12;0.37;-0.45;0.20;-0.86;0.49;0.49;0.43;0.17;-0.33;-0.93;-0.43;-0.30;-1.10;0.22;-0.63;0.79;0.12;-0.49;0.37;0.36;0.13;0.92;-0.12;1.71;0.61;0.10;-0.00;1.06;0.06;1.04;1.71;0.25;-0.12;0.98;-0.06;-0.18;0.49;-0.25;0.04;-0.96;-0.06;-0.12;-0.18;0.26;0.50;0.85;
-0.37;-0.18;0.18;-0.45;0.20;-0.86;0.43;0.30;0.24;0.18;-0.32;-0.93;-0.18;-0.43;-0.67;0.22;-0.63;0.79;0.49;-0.37;-0.18;0.37;0.12;0.93;0.30;-0.18;0.37;0.11;0.00;1.06;-1.95;0.00;0.85;0.24;-0.12;0.99;0.37;-0.73;0.06;-0.25;0.04;-0.96;0.79;0.06;-0.67;0.25;0.49;0.85;
-0.61;-0.12;-0.12;-0.46;0.19;-0.86;0.73;0.18;0.30;0.18;-0.33;-0.93;-0.55;-0.30;-1.22;0.22;-0.62;0.78;0.79;-0.49;-0.49;0.37;0.13;0.91;0.37;0.24;0.67;0.10;0.01;1.05;0.61;0.67;0.49;0.26;-0.12;0.96;0.00;0.06;0.00;-0.25;0.04;-0.96;0.61;0.12;-0.61;0.25;0.50;0.84;
-0.18;-0.49;0.30;-0.45;0.19;-0.86;0.67;0.24;0.49;0.18;-0.33;-0.93;-0.24;-0.24;-1.34;0.22;-0.64;0.79;0.85;-0.37;-0.49;0.37;0.12;0.93;0.30;-0.06;0.37;0.10;-0.00;1.07;0.37;1.59;1.34;0.25;-0.12;0.97;0.18;0.67;-0.12;-0.26;0.04;-0.96;0.61;0.85;-0.37;0.24;0.49;0.85;
-0.61;-0.37;0.12;-0.45;0.19;-0.87;0.00;0.18;0.24;0.18;-0.33;-0.93;-0.37;-0.61;-1.46;0.21;-0.63;0.79;0.98;-0.55;0.00;0.37;0.12;0.92;0.06;-0.55;0.37;0.10;0.00;1.06;-2.93;0.98;0.18;0.24;-0.14;0.99;0.06;0.18;-0.12;-0.26;0.04;-0.96;0.79;-0.12;-0.73;0.25;0.49;0.84;
-0.49;-0.37;-0.06;-0.46;0.20;-0.86;0.30;0.37;0.12;0.18;-0.33;-0.93;0.43;-0.24;-1.52;0.21;-0.63;0.78;0.00;-0.91;0.18;0.37;0.12;0.92;0.06;-0.06;0.18;0.09;-0.00;1.05;0.73;2.32;4.63;0.24;-0.15;0.95;-0.18;-0.49;-0.49;-0.25;0.03;-0.96;0.49;-0.06;-0.55;0.26;0.50;0.84;
-0.30;-0.06;0.00;-0.45;0.20;-0.87;0.67;0.18;0.06;0.18;-0.33;-0.92;0.06;-0.43;-1.04;0.21;-0.63;0.78;0.49;0.06;0.55;0.37;0.13;0.92;0.06;-0.24;0.12;0.09;-0.00;1.06;0.24;0.79;2.44;0.24;-0.14;0.98;0.12;0.00;-0.30;-0.25;0.04;-0.96;0.43;0.37;-0.49;0.25;0.49;0.85;
-0.37;-0.12;0.30;-0.46;0.20;-0.86;0.37;-0.06;-0.18;0.18;-0.33;-0.92;-0.12;-0.49;-1.46;0.22;-0.62;0.78;0.61;-0.37;0.73;0.37;0.12;0.92;0.24;0.00;0.61;0.10;-0.01;1.06;3.48;-2.56;0.00;0.25;-0.13;0.97;-0.18;-0.24;-1.10;-0.26;0.04;-0.97;2.26;0.73;-1.52;0.26;0.49;0.85;
-0.55;-0.12;-0.24;-0.46;0.20;-0.86;0.49;-0.12;-0.06;0.17;-0.33;-0.92;0.67;0.30;-1.04;0.22;-0.63;0.78;0.18;-0.37;0.06;0.37;0.12;0.93;0.61;-15.49;-0.18;0.10;0.00;1.06;-1.16;1.22;2.20;0.30;-0.13;0.99;341.65;-76.65;-51.34;-0.17;0.63;-1.27;5.98;2.32;-3.54;0.25;0.49;0.85;
-0.43;-0.30;0.49;-0.46;0.20;-0.86;0.37;0.49;0.06;0.18;-0.34;-0.92;0.43;-0.24;-1.10;0.22;-0.63;0.78;0.79;-0.18;-0.12;0.37;0.14;0.92;0.00;-0.73;0.30;0.16;-0.09;1.03;25.30;-30.61;1.89;0.25;-0.03;1.08;-0.79;0.73;-0.30;-0.15;0.11;-0.97;0.73;0.06;-0.37;0.25;0.49;0.85;
-0.61;0.30;0.06;-0.45;0.20;-0.86;0.37;0.43;0.61;0.18;-0.33;-0.93;0.00;-0.49;-0.24;0.22;-0.62;0.79;0.43;-0.18;0.37;0.37;0.13;0.93;-0.18;-0.37;0.55;0.17;-0.10;1.03;3.11;15.98;1.16;0.30;-0.05;0.98;-0.37;0.55;-0.61;-0.15;0.11;-0.98;-0.06;0.30;-0.37;0.26;0.49;0.84;
-0.24;-0.24;0.24;-0.46;0.20;-0.86;3.41;-1.28;1.59;0.18;-0.34;-0.92;-0.55;-0.43;-0.06;0.23;-0.62;0.79;0.61;-0.24;0.24;0.36;0.14;0.93;0.24;-0.55;-0.12;0.18;-0.11;1.02;26.52;-36.59;7.01;0.32;-0.14;1.06;0.55;0.12;-0.06;-0.14;0.12;-0.97;0.24;0.00;-0.55;0.25;0.49;0.84;
-0.24;-0.49;0.30;-0.46;0.20;-0.86;1.10;0.61;0.24;0.18;-0.34;-0.92;-4.51;1.46;-1.22;0.22;-0.69;0.78;0.55;0.00;0.00;0.36;0.14;0.92;0.37;-0.18;0.85;0.17;-0.10;1.03;5.18;-15.55;7.13;0.19;-0.23;0.98;0.18;0.12;0.06;-0.15;0.12;-0.97;0.06;-0.24;-0.37;0.25;0.49;0.84;
-0.55;-0.18;0.06;-0.46;0.20;-0.85;0.67;0.30;0.18;0.18;-0.33;-0.93;0.18;-0.79;-0.55;0.23;-0.62;0.78;0.37;-0.37;0.43;0.36;0.14;0.92;0.30;-0.30;0.24;0.17;-0.10;1.03;1.52;11.52;11.95;0.21;-0.11;1.00;-0.18;0.24;-0.18;-0.14;0.13;-0.98;-0.30;-0.18;-0.37;0.25;0.50;0.84;
-0.49;-0.18;0.24;-0.45;0.20;-0.87;0.30;-0.24;-0.06;0.18;-0.33;-0.93;0.06;-0.12;-0.24;0.22;-0.62;0.79;0.61;-0.43;0.30;0.38;0.14;0.92;0.18;-0.61;-0.06;0.17;-0.10;1.02;-2.38;26.04;2.20;0.35;-0.11;1.07;0.00;0.30;-0.18;-0.15;0.12;-0.98;0.43;0.06;-0.30;0.25;0.50;0.84;
-0.37;-0.24;0.12;-0.45;0.20;-0.86;0.24;0.00;0.37;0.18;-0.33;-0.93;-0.18;-0.24;-1.16;0.22;-0.63;0.79;0.49;-0.18;0.24;0.37;0.13;0.93;0.43;-0.73;0.49;0.18;-0.10;1.02;25.61;-30.73;4.15;0.26;-0.15;1.05;-0.06;-0.12;-0.18;-0.15;0.13;-0.98;0.18;0.12;-0.37;0.25;0.50;0.84;
-0.12;0.12;0.12;-0.46;0.20;-0.87;0.00;0.30;0.18;0.18;-0.33;-0.93;0.37;0.00;-0.98;0.22;-0.63;0.79;0.24;-0.73;0.06;0.37;0.14;0.93;-0.06;-0.37;0.37;0.18;-0.11;1.03;-5.79;37.74;9.70;0.38;-0.18;1.12;0.55;0.12;-0.30;-0.15;0.12;-0.98;0.73;0.43;-0.37;0.25;0.49;0.85;
-0.18;-0.12;0.18;-0.44;0.20;-0.87;0.49;0.00;0.18;0.18;-0.33;-0.92;0.49;-0.30;-0.24;0.22;-0.63;0.78;0.18;-0.49;0.00;0.37;0.13;0.93;-0.06;-0.24;-0.12;0.17;-0.10;1.03;-11.28;-16.34;9.57;0.12;-0.29;1.03;0.43;0.24;0.49;-0.14;0.13;-0.98;0.18;0.00;-0.30;0.25;0.50;0.84;
-0.12;-0.30;0.18;-0.45;0.19;-0.86;0.30;0.12;0.18;0.19;-0.33;-0.92;-0.30;-1.10;-0.91;0.22;-0.63;0.78;0.12;-0.55;-0.55;0.37;0.14;0.91;0.43;-0.49;0.06;0.18;-0.10;1.02;16.04;-3.66;-52.20;0.36;-0.18;1.03;0.06;0.00;-0.18;-0.13;0.13;-0.98;0.00;0.06;-0.79;0.25;0.49;0.84;
-0.79;-0.67;-0.06;-0.45;0.20;-0.87;0.12;0.06;-0.18;0.18;-0.33;-0.93;-0.37;-0.55;-0.85;0.22;-0.63;0.78;0.55;-0.67;0.18;0.37;0.14;0.93;0.55;-0.18;0.24;0.18;-0.11;1.02;32.20;-36.40;0.24;0.29;-0.22;1.01;0.43;0.12;0.30;-0.14;0.12;-0.97;0.06;-0.55;-0.49;0.25;0.50;0.85;
0.00;0.24;0.18;-0.45;0.20;-0.86;0.79;0.37;0.37;0.18;-0.33;-0.92;0.30;-0.37;-0.85;0.22;-0.63;0.77;0.30;-0.18;0.00;0.37;0.14;0.92;0.24;-0.24;0.37;0.18;-0.11;1.02;-18.29;20.37;15.91;0.20;-0.20;0.94;0.73;0.91;0.00;-0.14;0.12;-0.98;0.55;-0.06;-0.67;0.25;0.49;0.86;
-0.37;0.18;-0.49;-0.46;0.19;-0.87;0.30;-0.06;0.37;0.18;-0.34;-0.92;-0.12;-0.55;-0.98;0.22;-0.63;0.78;0.30;-0.55;-0.12;0.37;0.13;0.92;0.06;-0.24;0.12;0.19;-0.11;1.02;0.49;-0.06;1.16;0.24;-0.14;0.98;-0.49;-0.12;0.12;-0.14;0.13;-0.98;0.43;-0.12;-0.67;0.24;0.49;0.86;
-0.06;0.12;-0.06;-0.46;0.19;-0.87;-0.12;0.61;-0.12;0.19;-0.33;-0.92;0.37;0.06;-0.79;0.22;-0.62;0.78;0.37;-0.12;-0.06;0.35;0.13;0.93;0.49;-0.61;0.43;0.19;-0.10;1.03;5.55;-5.00;-0.49;0.30;-0.16;1.01;-0.30;-0.06;0.43;-0.14;0.12;-0.98;0.24;-0.18;-0.67;0.24;0.50;0.85;
0.00;-0.06;-0.06;-0.45;0.20;-0.85;0.30;0.18;0.55;0.18;-0.32;-0.92;-0.61;-0.73;-0.55;0.22;-0.63;0.77;0.30;-0.61;-0.12;0.37;0.14;0.92;-0.43;-0.49;0.18;0.19;-0.10;1.01;-4.57;13.23;9.76;0.28;-0.17;1.04;-0.18;0.18;0.18;-0.13;0.13;-0.98;0.18;0.00;0.00;0.25;0.50;0.85;
-0.18;-0.37;0.24;-0.46;0.19;-0.87;0.24;-0.67;-0.06;0.18;-0.33;-0.92;-10.79;0.43;5.55;0.22;-0.62;0.79;0.24;-0.79;0.00;0.38;0.15;0.92;0.30;-0.67;0.00;0.18;-0.11;1.02;0.43;-6.46;-3.72;0.22;-0.17;1.02;0.85;0.67;-0.30;-0.13;0.12;-0.98;0.79;0.00;-0.43;0.26;0.50;0.85;
-0.49;0.12;0.30;-0.46;0.19;-0.86;-0.18;0.67;0.18;0.18;-0.33;-0.92;0.12;-0.37;-1.16;0.22;-0.64;0.78;0.30;0.06;0.37;0.36;0.14;0.93;0.49;-0.12;0.37;0.18;-0.11;1.02;-1.89;3.29;3.90;0.25;-0.15;1.00;0.55;-0.30;0.00;-0.14;0.13;-0.99;0.49;0.00;-0.24;0.24;0.50;0.86;
-0.67;0.24;-0.55;-0.46;0.20;-0.86;0.43;0.12;0.24;0.18;-0.32;-0.92;0.30;-0.55;-1.40;0.21;-0.64;0.77;0.06;-0.67;0.06;0.37;0.14;0.92;0.49;-0.49;0.30;0.18;-0.11;1.03;0.85;1.40;2.07;0.25;-0.15;0.97;0.00;-0.61;-0.55;-0.14;0.13;-0.98;0.73;0.00;-0.30;0.25;0.49;0.85;
-0.73;0.00;0.37;-0.45;0.20;-0.87;0.85;-0.06;-0.37;0.17;-0.34;-0.93;0.73;-0.67;-1.83;0.21;-0.65;0.77;0.30;-0.30;0.37;0.36;0.14;0.93;0.12;-0.79;0.18;0.18;-0.11;1.02;-0.24;0.98;1.59;0.25;-0.15;0.97;0.12;0.30;0.37;-0.14;0.13;-0.98;0.37;0.18;-0.30;0.25;0.49;0.86;
0.00;-0.24;0.06;-0.45;0.19;-0.86;-0.12;0.00;0.67;0.17;-0.33;-0.92;-0.30;0.06;-0.91;0.20;-0.63;0.77;0.18;-0.37;-0.12;0.37;0.13;0.92;0.12;-0.55;0.55;0.19;-0.11;1.02;6.52;-5.06;-5.18;0.26;-0.18;0.96;0.00;0.00;0.30;-0.13;0.13;-0.98;0.12;0.06;-0.18;0.25;0.50;0.84;
-0.06;-0.24;0.12;-0.46;0.19;-0.86;0.12;0.37;0.30;0.18;-0.33;-0.93;0.24;-0.43;-0.85;0.21;-0.65;0.76;0.12;-0.73;-0.24;0.36;0.13;0.92;0.49;0.12;-0.06;0.18;-0.11;1.02;-4.02;0.79;5.91;0.24;-0.14;0.96;-0.06;-0.24;-0.12;-0.14;0.13;-0.98;0.37;-0.06;-0.43;0.26;0.51;0.85;
0.00;-0.18;0.49;-0.45;0.20;-0.85;0.30;0.43;0.00;0.19;-0.33;-0.92;-0.12;-0.24;-1.10;0.20;-0.65;0.77;0.73;-0.24;0.24;0.37;0.14;0.92;0.12;-0.49;0.06;0.18;-0.11;1.03;-4.27;7.87;1.89;0.23;-0.19;0.97;-0.06;-0.18;-0.30;-0.14;0.13;-0.98;0.30;0.00;-0.67;0.25;0.50;0.85;
0.12;0.06;0.37;-0.46;0.19;-0.86;0.49;-0.37;-0.18;0.18;-0.33;-0.93;0.00;-0.18;-1.59;0.20;-0.66;0.77;0.49;-0.24;-0.06;0.36;0.14;0.93;0.00;-0.43;0.00;0.18;-0.11;1.02;12.26;-4.02;-4.51;0.24;-0.17;0.96;-0.12;0.30;0.18;-0.14;0.13;-0.98;0.18;0.18;-0.49;0.25;0.50;0.84;
-0.37;-0.24;0.43;-0.46;0.20;-0.85;0.67;-0.12;0.24;0.18;-0.33;-0.93;-0.18;-0.24;-0.98;0.21;-0.65;0.77;0.85;-0.55;0.18;0.37;0.14;0.92;-0.12;-0.24;0.49;0.18;-0.11;1.02;-6.22;3.96;6.89;0.21;-0.19;0.99;0.06;0.12;-0.24;-0.14;0.12;-0.98;-0.06;-0.06;-0.24;0.25;0.50;0.84;
0.18;0.00;-0.24;-0.45;0.19;-0.86;0.30;0.00;0.12;0.18;-0.32;-0.93;0.49;-0.79;-0.79;0.20;-0.64;0.77;0.43;-0.55;0.37;0.36;0.14;0.93;0.00;-0.18;-0.12;0.18;-0.11;1.02;0.98;3.05;0.37;0.23;-0.17;0.95;0.43;0.24;0.06;-0.14;0.13;-0.98;0.00;0.43;-0.67;0.25;0.49;0.85;
-0.30;-0.12;0.30;-0.45;0.20;-0.86;0.30;0.06;0.00;0.18;-0.33;-0.93;0.24;-0.91;-1.34;0.21;-0.65;0.76;0.55;-0.43;-0.06;0.36;0.14;0.92;0.30;-0.43;0.67;0.18;-0.10;1.03;30.24;-39.88;-4.39;0.16;-0.21;1.06;0.06;0.12;-0.12;-0.14;0.13;-0.99;0.55;0.12;-0.91;0.25;0.50;0.84;
-0.67;0.06;0.00;-0.46;0.20;-0.87;0.00;0.12;0.73;0.18;-0.34;-0.92;0.30;-0.49;-0.73;0.21;-0.65;0.77;0.43;-0.73;-0.06;0.37;0.14;0.91;0.30;-0.24;0.43;0.19;-0.11;1.03;-30.30;-6.10;-18.54;0.17;-0.01;0.70;-0.24;0.00;-0.12;-0.13;0.13;-0.98;0.00;0.18;-0.43;0.25;0.50;0.85;
0.06;-0.24;-0.30;-0.46;0.20;-0.86;1.95;0.37;0.91;0.18;-0.33;-0.93;-0.18;-0.37;-0.85;0.21;-0.65;0.77;0.73;-0.91;-0.37;0.36;0.14;0.92;0.24;-0.37;0.18;0.18;-0.10;1.03;-3.41;3.29;15.43;0.14;-0.17;0.88;-0.12;0.12;0.18;-0.13;0.13;-0.98;0.43;0.30;-0.61;0.25;0.50;0.84;
-0.18;0.24;0.06;-0.45;0.19;-0.86;0.55;0.55;0.24;0.17;-0.32;-0.93;0.00;-0.73;-0.49;0.21;-0.65;0.76;0.79;-0.43;0.18;0.37;0.14;0.92;0.12;-0.24;0.24;0.18;-0.11;1.01;-44.21;40.91;38.48;0.55;-0.65;1.57;0.18;0.00;0.06;-0.14;0.13;-0.97;0.37;0.30;-0.37;0.25;0.50;0.85;
-0.37;0.00;0.18;-0.45;0.20;-0.86;0.37;0.24;-0.24;0.17;-0.32;-0.92;0.30;-0.55;-0.91;0.21;-0.64;0.77;0.61;-0.67;0.06;0.37;0.14;0.92;0.12;-0.24;0.61;0.18;-0.11;1.02;62.01;-52.62;-24.39;0.29;-0.19;1.15;0.24;-0.06;0.00;-0.13;0.13;-0.98;0.18;0.24;-0.61;0.26;0.49;0.84;
-0.06;-0.18;0.18;-0.46;0.20;-0.86;-0.43;0.79;0.06;0.17;-0.32;-0.92;0.37;0.24;-0.43;0.21;-0.65;0.77;0.67;-0.73;-0.18;0.37;0.15;0.92;0.61;-0.37;0.37;0.18;-0.11;1.02;-51.28;35.43;30.24;0.27;-0.41;1.10;0.06;0.49;-0.30;-0.14;0.13;-0.98;0.61;0.18;-0.12;0.24;0.50;0.85;
-0.37;0.00;0.55;-0.46;0.20;-0.85;0.06;-0.18;-0.43;0.18;-0.32;-0.93;0.43;-0.91;-1.28;0.21;-0.64;0.77;-0.24;-0.67;-0.12;0.37;0.13;0.92;0.37;-0.49;-0.06;0.18;-0.11;1.02;59.02;-48.41;-9.51;0.36;-0.10;1.11;0.06;0.00;0.30;-0.14;0.13;-0.98;0.67;-0.30;-0.18;0.24;0.51;0.85;
-0.24;-0.55;0.43;-0.45;0.19;-0.86;0.06;0.24;0.37;0.17;-0.33;-0.93;0.06;-0.24;-0.73;0.22;-0.65;0.77;0.30;-0.43;0.00;0.37;0.13;0.92;0.98;-0.37;0.18;0.18;-0.10;1.02;-20.67;26.46;7.01;0.15;-0.29;0.90;-0.18;0.12;-0.12;-0.14;0.13;-0.98;0.12;-0.06;-0.43;0.25;0.50;0.84;
-0.06;-0.30;0.00;-0.46;0.20;-0.86;0.12;0.00;0.00;0.18;-0.33;-0.93;-0.30;-0.43;-0.61;0.21;-0.65;0.77;0.55;-0.37;0.30;0.37;0.14;0.93;0.30;-0.30;0.61;0.19;-0.10;1.02;2.38;-24.02;-10.00;0.28;0.07;0.88;0.18;0.06;0.12;-0.13;0.13;-0.99;0.49;0.24;-0.61;0.25;0.50;0.85;
-0.43;-0.30;-0.24;-0.45;0.20;-0.86;0.43;-0.12;-0.30;0.17;-0.34;-0.93;0.24;-0.37;-1.10;0.21;-0.65;0.76;0.55;-0.06;0.18;0.37;0.14;0.92;0.37;-0.43;0.43;0.19;-0.10;1.03;-9.57;10.61;13.72;0.17;-0.17;0.98;0.18;-0.18;0.12;-0.14;0.14;-0.98;0.85;-0.12;-0.30;0.25;0.50;0.86;
-0.37;0.12;0.24;-0.46;0.19;-0.86;-0.06;0.30;0.37;0.18;-0.33;-0.94;-0.49;-0.30;-1.16;0.21;-0.65;0.77;0.30;-0.18;-0.12;0.37;0.14;0.93;0.18;-0.12;0.49;0.18;-0.11;1.02;5.37;4.09;-1.83;0.24;-0.15;0.97;0.06;0.12;0.06;-0.14;0.13;-0.98;-0.06;-0.12;-0.55;0.25;0.49;0.85;
-0.67;-0.43;0.06;-0.45;0.20;-0.86;0.18;0.24;0.18;0.18;-0.33;-0.92;0.49;-0.49;-0.85;0.21;-0.65;0.78;0.18;-0.49;0.49;0.37;0.13;0.92;0.55;-0.24;0.43;0.19;-0.11;1.02;-1.89;1.71;1.95;0.23;-0.15;0.97;0.00;0.30;0.00;-0.14;0.13;-0.97;0.49;0.12;-0.18;0.25;0.50;0.85;
-0.24;-0.30;0.55;-0.46;0.20;-0.87;1.22;-0.18;0.30;0.18;-0.33;-0.93;-0.43;-0.49;-1.04;0.21;-0.65;0.78;0.24;-0.30;0.06;0.36;0.14;0.92;0.12;-0.30;0.12;0.19;-0.10;1.02;0.30;-0.91;1.28;0.23;-0.13;0.99;0.00;0.24;0.00;-0.14;0.13;-0.98;0.49;-0.12;0.00;0.25;0.49;0.85;
-0.18;-0.67;-0.18;-0.46;0.19;-0.86;0.18;-0.12;-0.24;0.18;-0.33;-0.93;0.18;-0.43;-0.98;0.21;-0.65;0.77;0.73;-0.85;-0.06;0.37;0.14;0.92;0.55;-0.37;0.06;0.18;-0.11;1.02;0.91;1.40;1.65;0.26;-0.15;0.96;-0.30;-0.37;0.55;-0.13;0.14;-0.98;0.49;-0.06;-0.49;0.24;0.49;0.84;
-0.61;-0.49;0.43;-0.46;0.20;-0.85;0.12;0.06;0.24;0.18;-0.34;-0.93;0.06;-0.37;-1.04;0.21;-0.65;0.77;0.67;-0.67;0.24;0.37;0.14;0.93;0.30;-0.43;0.43;0.19;-0.10;1.02;1.10;-3.84;-0.85;0.27;-0.14;0.97;0.37;-0.18;-0.24;-0.14;0.14;-0.98;-0.12;0.18;-0.30;0.25;0.50;0.85;
-0.24;-0.43;0.00;-0.46;0.20;-0.87;0.67;0.43;0.43;0.18;-0.33;-0.93;-0.18;-0.49;-0.73;0.21;-0.65;0.76;0.61;-0.67;0.06;0.37;0.13;0.93;0.00;-0.12;-0.24;0.18;-0.11;1.03;3.23;1.04;0.73;0.26;-0.14;0.97;0.00;0.37;-0.24;-0.13;0.14;-0.98;0.30;0.37;-0.30;0.25;0.50;0.84;
-0.24;-0.06;0.18;-0.45;0.20;-0.87;0.30;0.12;-0.06;0.18;-0.33;-0.93;0.30;0.55;-1.10;0.21;-0.65;0.78;0.37;-0.24;-0.06;0.36;0.14;0.92;0.12;-0.43;0.12;0.19;-0.11;1.03;2.01;0.55;0.55;0.23;-0.14;0.98;0.00;0.24;-0.24;-0.14;0.13;-0.98;0.06;-0.24;-0.06;0.25;0.50;0.84;
-0.37;-0.67;-0.06;-0.46;0.20;-0.86;0.67;0.12;0.12;0.18;-0.34;-0.93;-0.06;-0.67;-0.98;0.21;-0.64;0.76;0.30;-1.04;-0.24;0.36;0.14;0.92;0.67;-1.40;-0.06;0.18;-0.11;1.03;-1.95;-0.61;1.04;0.26;-0.13;0.97;0.00;-0.37;0.00;-0.14;0.12;-0.99;0.73;0.12;-0.98;0.25;0.50;0.84;
-0.49;-0.30;-0.49;-0.46;0.20;-0.87;0.43;-0.06;-0.06;0.18;-0.33;-0.92;0.91;-0.30;-0.79;0.22;-0.66;0.76;0.43;-0.37;0.06;0.36;0.14;0.93;0.12;-0.73;0.49;0.18;-0.11;1.02;0.85;1.46;-0.12;0.27;-0.13;0.98;-40.37;40.00;22.74;-0.15;0.43;-1.17;13.35;4.57;-9.09;0.25;0.50;0.85;
-0.30;-0.12;0.18;-0.45;0.20;-0.87;0.49;0.12;0.12;0.18;-0.34;-0.93;-0.30;-1.04;-1.10;0.20;-0.65;0.78;0.12;0.00;0.37;0.36;0.14;0.93;0.06;-0.18;0.43;0.19;-0.10;1.02;1.95;0.18;0.85;0.25;-0.15;0.97;0.00;-0.06;0.12;-0.13;0.14;-0.98;0.06;0.43;-0.49;0.24;0.51;0.84;
-0.37;-0.61;0.00;-0.45;0.19;-0.86;0.61;0.49;0.43;0.18;-0.33;-0.92;-0.24;-0.12;-1.10;0.21;-0.66;0.77;0.06;-0.79;0.55;0.36;0.14;0.93;0.49;-0.43;0.37;0.19;-0.11;1.03;1.83;0.24;0.55;0.25;-0.12;0.97;-0.24;-0.12;-0.12;-0.12;0.14;-0.97;0.49;0.18;0.24;0.25;0.50;0.85;
-0.30;-0.18;-0.18;-0.46;0.20;-0.86;0.67;0.00;-0.06;0.17;-0.33;-0.93;0.24;0.30;0.18;0.21;-0.65;0.76;0.55;0.06;0.00;0.38;0.14;0.92;2.68;-6.40;-3.66;0.19;-0.10;1.04;0.67;-2.87;-2.20;0.24;-0.15;0.98;-5.12;3.29;-6.77;-0.15;0.13;-1.01;-10.24;-6.10;4.70;0.26;0.50;0.86;
-0.61;-0.18;0.00;-0.46;0.20;-0.86;0.43;0.06;0.00;0.17;-0.32;-0.92;0.00;0.12;-1.04;0.22;-0.63;0.78;2.26;-0.55;-1.40;0.37;0.13;0.93;5.30;0.43;-0.85;0.15;-0.13;0.99;0.85;0.00;1.71;0.26;-0.13;0.95;4.39;-0.79;1.22;-0.19;0.17;-0.97;-33.11;-14.09;18.72;0.24;0.59;0.81;
0.30;0.30;0.12;-0.44;0.20;-0.86;0.55;0.37;0.24;0.18;-0.33;-0.93;-0.06;-0.37;-1.10;0.22;-0.63;0.78;2.56;-1.22;0.79;0.37;0.14;0.93;0.98;-0.55;0.12;0.18;-0.12;1.02;1.28;-1.28;0.91;0.26;-0.14;0.98;0.18;-0.79;0.00;-0.12;0.16;-0.98;9.27;3.35;-6.22;0.22;0.54;0.82;
-0.30;0.06;0.06;-0.46;0.20;-0.86;0.24;-0.30;0.37;0.18;-0.33;-0.93;-0.30;-0.43;-1.22;0.23;-0.64;0.77;0.43;-0.37;-0.30;0.37;0.12;0.92;0.37;-0.67;0.67;0.18;-0.12;1.01;0.18;0.73;1.34;0.26;-0.14;0.98;-7.68;6.10;3.54;-0.12;0.15;-0.97;-0.67;-0.18;0.55;0.27;0.48;0.87;
-0.91;0.24;0.79;-0.45;0.20;-0.86;0.18;0.49;-0.12;0.19;-0.33;-0.92;0.37;-0.43;-0.79;0.23;-0.63;0.77;0.12;0.00;-0.30;0.37;0.13;0.93;0.18;-0.18;0.12;0.17;-0.12;1.02;0.00;1.28;1.22;0.25;-0.14;0.96;0.79;-0.30;-0.30;-0.13;0.15;-0.97;1.28;0.18;-0.49;0.24;0.51;0.85;
-0.49;-0.06;-0.18;-0.46;0.20;-0.86;-0.12;0.49;-0.30;0.18;-0.33;-0.92;0.30;-0.61;-1.04;0.22;-0.64;0.78;-0.30;-0.37;0.30;0.36;0.13;0.92;1.59;-0.18;-0.18;0.19;-0.12;1.03;-0.49;0.06;0.55;0.25;-0.14;0.98;-1.46;2.26;1.10;-0.13;0.15;-0.99;0.06;-0.06;-0.06;0.25;0.51;0.85;
-0.55;-0.24;0.24;-0.46;0.18;-0.85;0.00;-0.24;0.06;0.18;-0.33;-0.93;0.24;-0.79;-1.10;0.23;-0.63;0.78;0.30;-0.73;0.00;0.37;0.13;0.92;-1.16;-2.50;0.18;0.18;-0.13;1.02;0.30;0.24;1.16;0.25;-0.13;0.98;-5.43;3.29;1.40;-0.13;0.16;-0.98;-1.40;-0.73;0.24;0.24;0.51;0.82;
-0.12;-0.30;0.06;-0.46;0.20;-0.87;0.18;0.00;0.30;0.17;-0.32;-0.92;-0.43;-0.06;-1.04;0.22;-0.63;0.78;0.00;-0.98;-0.18;0.37;0.13;0.92;1.04;0.00;0.61;0.17;-0.12;1.01;0.67;-0.12;1.34;0.25;-0.13;0.97;-16.59;2.32;-6.52;-0.09;0.15;-0.96;-20.43;-7.93;11.83;0.26;0.50;0.84;
-0.24;0.12;-0.12;-0.45;0.21;-0.86;0.00;-0.18;0.12;0.18;-0.33;-0.92;0.06;-0.49;-0.67;0.23;-0.63;0.78;0.61;0.24;0.61;0.36;0.13;0.92;2.44;0.30;-0.24;0.18;-0.11;1.03;1.77;0.06;1.28;0.25;-0.14;0.98;0.85;-2.74;-1.34;-0.12;0.14;-0.97;38.17;15.73;-23.41;0.21;0.55;0.80;
-0.12;-0.55;0.12;-0.45;0.21;-0.86;-1.52;0.98;-0.37;0.18;-0.33;-0.92;-0.67;0.24;-0.91;0.22;-0.63;0.78;-3.96;-2.38;0.37;0.36;0.16;0.88;0.98;0.12;0.06;0.16;-0.10;1.03;-0.55;0.61;1.28;0.25;-0.13;0.99;7.50;-1.65;-19.70;-0.11;0.18;-0.98;-7.44;-2.87;4.45;0.23;0.51;0.82;
0.06;0.37;0.18;-0.45;0.20;-0.87;0.37;0.37;0.24;0.19;-0.33;-0.93;0.49;-0.49;-1.34;0.22;-0.63;0.78;0.24;-0.24;0.00;0.37;0.12;0.92;-0.49;-0.79;0.43;0.18;-0.12;1.02;-0.61;1.71;1.71;0.25;-0.13;0.98;1.04;4.21;-3.29;-0.09;0.13;-0.99;6.04;2.26;-3.90;0.24;0.52;0.84;
-0.67;-0.43;-0.30;-0.45;0.20;-0.87;0.30;0.18;0.18;0.18;-0.33;-0.93;-0.06;-1.04;-1.59;0.21;-0.64;0.78;0.37;-0.24;0.00;0.36;0.13;0.93;0.00;-0.30;0.37;0.18;-0.11;1.02;0.00;-0.43;0.91;0.24;-0.13;0.98;-14.39;5.98;4.63;-0.13;0.13;-0.98;-9.51;-3.72;5.85;0.23;0.52;0.84;
-0.12;-0.43;-0.06;-0.45;0.20;-0.86;-0.79;0.61;-0.43;0.17;-0.33;-0.92;0.30;-0.55;-1.22;0.22;-0.63;0.79;-0.06;-0.43;0.55;0.36;0.13;0.93;0.55;0.00;0.00;0.18;-0.13;1.02;-0.30;0.73;1.16;0.25;-0.13;0.99;-4.15;8.35;-3.11;-0.11;0.17;-0.98;3.17;1.71;-2.13;0.23;0.51;0.84;
-1.22;0.55;0.73;-0.47;0.20;-0.88;0.73;0.06;0.06;0.17;-0.33;-0.93;0.79;-0.49;-1.10;0.22;-0.63;0.78;0.30;-0.18;-0.24;0.37;0.13;0.91;-0.18;-0.55;0.18;0.18;-0.13;1.02;0.24;0.91;1.77;0.26;-0.13;0.98;2.01;2.93;3.48;-0.14;0.14;-0.95;-0.98;-0.12;-0.18;0.24;0.52;0.83;
-0.73;-0.55;0.00;-0.45;0.20;-0.86;0.61;0.06;-0.12;0.17;-0.33;-0.92;0.79;-0.24;-1.04;0.22;-0.63;0.78;0.12;-0.12;-0.37;0.37;0.13;0.92;0.24;0.12;0.30;0.18;-0.12;1.02;-0.98;1.52;2.07;0.25;-0.13;0.97;1.95;-0.24;0.67;-0.12;0.17;-0.98;-4.76;-3.05;1.34;0.23;0.53;0.81;
-0.49;0.00;0.37;-0.45;0.19;-0.86;0.55;-0.18;-0.18;0.18;-0.33;-0.92;1.65;-2.26;-5.98;0.22;-0.65;0.78;0.85;-0.55;0.24;0.36;0.13;0.92;0.06;-0.24;0.37;0.19;-0.12;1.02;0.73;-0.73;1.34;0.26;-0.14;0.97;1.10;-0.49;0.85;-0.13;0.17;-1.00;-0.12;-0.24;-0.24;0.25;0.51;0.84;
-0.49;-0.06;0.12;-0.46;0.21;-0.86;0.12;-0.18;-0.18;0.17;-0.33;-0.93;-0.85;0.06;-1.16;0.21;-0.65;0.78;0.06;-0.30;0.06;0.37;0.13;0.92;0.73;0.67;0.61;0.18;-0.11;1.02;-1.71;0.61;2.01;0.25;-0.12;0.97;0.79;-0.18;0.12;-0.12;0.16;-0.98;0.49;0.06;-0.61;0.24;0.51;0.83;
-0.43;-0.30;0.06;-0.45;0.20;-0.86;0.24;0.12;0.61;0.18;-0.33;-0.91;0.24;-0.49;-1.22;0.22;-0.65;0.77;0.43;-0.61;0.30;0.36;0.12;0.94;-0.06;-0.24;0.06;0.18;-0.12;1.01;-0.61;0.43;1.28;0.25;-0.14;0.99;1.71;-0.37;-0.24;-0.12;0.17;-0.98;-7.32;-2.74;4.70;0.23;0.53;0.83;
-0.30;-0.30;0.00;-0.46;0.20;-0.86;0.98;0.24;0.00;0.18;-0.33;-0.92;-0.24;-0.55;-0.98;0.22;-0.64;0.78;0.24;-0.61;0.12;0.36;0.13;0.92;0.55;-0.43;0.24;0.18;-0.11;1.02;-0.37;0.79;1.16;0.25;-0.13;0.97;-1.59;-7.62;0.98;-0.17;0.13;-0.99;4.51;1.83;-2.99;0.24;0.52;0.85;
-0.79;-0.85;0.24;-0.45;0.19;-0.87;0.00;0.06;0.37;0.18;-0.33;-0.93;0.18;0.06;-1.28;0.22;-0.64;0.77;0.55;-0.30;0.18;0.37;0.12;0.92;0.67;-0.12;0.06;0.18;-0.12;1.02;-1.04;0.85;2.07;0.25;-0.14;0.97;0.18;0.12;0.24;-0.14;0.13;-1.00;13.35;5.24;-8.72;0.25;0.51;0.84;
-0.49;0.98;-0.37;-0.46;0.20;-0.86;0.24;0.37;0.30;0.18;-0.32;-0.93;-2.68;2.68;1.65;0.18;-0.62;0.80;-0.67;-0.67;0.12;0.34;0.15;0.93;4.09;-0.30;4.39;0.22;-0.13;1.03;0.85;0.18;0.30;0.25;-0.14;0.98;4.70;-3.66;-1.16;-0.12;0.15;-0.97;2.62;1.52;-1.89;0.25;0.50;0.84;
-0.24;0.06;0.06;-0.46;0.20;-0.86;-0.49;0.73;-0.18;0.18;-0.34;-0.94;2.32;0.18;-2.20;0.23;-0.63;0.79;0.49;0.12;0.00;0.36;0.13;0.92;0.73;-0.79;2.26;0.12;-0.04;1.06;-0.61;-0.24;-0.30;0.25;-0.13;0.97;3.84;-8.48;-6.59;-0.13;0.20;-0.97;-3.29;-1.89;2.13;0.25;0.51;0.85;
-0.12;-0.37;-0.12;-0.45;0.19;-0.86;0.30;-0.12;0.12;0.17;-0.33;-0.93;-0.37;-0.98;-0.85;0.22;-0.64;0.78;0.18;-0.67;-0.18;0.38;0.14;0.93;-0.06;-0.79;-0.12;0.19;-0.12;1.01;0.55;0.24;0.85;0.26;-0.13;0.98;-0.30;0.43;0.85;-0.13;0.14;-0.98;2.99;1.16;-1.16;0.23;0.52;0.82;
-0.06;-0.43;-0.49;-0.46;0.19;-0.87;0.43;0.18;0.18;0.17;-0.32;-0.93;1.10;-0.61;-0.61;0.22;-0.65;0.79;0.37;-0.55;0.00;0.36;0.14;0.93;0.24;-0.18;0.06;0.17;-0.12;1.02;-1.89;1.71;3.35;0.25;-0.13;0.96;-0.67;0.12;0.24;-0.12;0.14;-0.98;0.24;0.12;-0.67;0.24;0.52;0.84;
-0.18;-0.55;0.24;-0.44;0.20;-0.86;-0.18;0.18;0.00;0.18;-0.33;-0.93;0.06;-0.24;-0.91;0.21;-0.65;0.77;0.18;-0.06;0.00;0.36;0.14;0.93;0.12;-0.18;0.24;0.18;-0.11;1.01;-0.73;0.85;1.04;0.26;-0.11;0.97;-0.12;0.18;0.37;-0.12;0.16;-0.98;0.06;0.37;-0.43;0.24;0.52;0.85;
-0.24;-0.12;-0.12;-0.46;0.20;-0.86;0.43;0.55;0.24;0.18;-0.33;-0.92;0.43;-0.18;-1.22;0.21;-0.63;0.78;0.06;-0.43;0.37;0.37;0.14;0.92;0.61;0.18;0.24;0.18;-0.11;1.02;-1.40;0.55;1.71;0.25;-0.12;0.96;-0.49;0.18;0.24;-0.12;0.15;-0.98;0.43;-0.12;0.06;0.25;0.51;0.84;
-0.30;-0.37;0.30;-0.45;0.20;-0.85;0.49;0.00;0.00;0.18;-0.33;-0.93;0.06;-0.24;-1.10;0.21;-0.64;0.78;0.43;-0.55;-0.37;0.37;0.13;0.93;0.43;-0.37;0.37;0.18;-0.12;1.03;-1.16;2.20;2.50;0.25;-0.11;0.97;0.24;0.12;0.24;-0.12;0.15;-0.97;0.43;0.00;-0.12;0.25;0.51;0.85;
-0.49;-0.37;0.00;-0.45;0.20;-0.86;0.00;0.61;0.00;0.18;-0.33;-0.92;0.18;-0.85;-0.85;0.22;-0.64;0.76;0.85;-0.55;0.12;0.37;0.13;0.93;-0.61;-0.12;0.49;0.18;-0.12;1.02;-0.37;0.00;0.61;0.26;-0.12;0.98;-0.24;0.12;0.37;-0.12;0.16;-0.97;0.79;-0.12;-0.61;0.24;0.51;0.83;
-0.30;-0.43;0.06;-0.46;0.20;-0.85;0.49;0.18;0.06;0.18;-0.33;-0.92;-0.18;-0.37;-1.71;0.23;-0.64;0.77;0.91;-0.43;0.06;0.36;0.14;0.93;0.24;-0.67;0.30;0.19;-0.12;1.02;-0.49;1.83;1.16;0.25;-0.12;0.95;-0.30;0.00;0.00;-0.12;0.16;-0.97;0.73;-0.12;-0.24;0.23;0.52;0.84;
-0.55;-0.30;0.06;-0.45;0.20;-0.86;0.06;0.06;0.00;0.18;-0.33;-0.92;0.43;0.12;-2.20;0.21;-0.65;0.77;0.55;-0.30;0.61;0.36;0.13;0.93;0.91;-0.61;0.73;0.18;-0.11;1.02;-1.46;5.43;3.84;0.25;-0.16;0.99;0.30;0.61;-0.06;-0.12;0.16;-0.98;0.55;0.24;-0.67;0.24;0.52;0.84;
-0.55;-0.18;-0.30;-0.45;0.19;-0.86;0.24;0.30;0.98;0.17;-0.33;-0.93;-2.80;0.79;0.85;0.22;-0.63;0.79;0.55;-0.24;0.06;0.37;0.13;0.92;0.30;0.00;0.30;0.18;-0.12;1.02;-0.24;-0.30;0.67;0.26;-0.13;0.97;-0.18;0.06;0.18;-0.12;0.16;-0.96;0.30;0.37;-0.85;0.24;0.51;0.85;
-0.30;0.12;0.43;-0.45;0.20;-0.86;0.24;0.43;0.00;0.18;-0.32;-0.93;-3.78;5.18;0.00;0.21;-0.69;0.77;0.61;-0.55;0.06;0.36;0.15;0.92;-0.18;0.00;0.37;0.19;-0.11;1.01;-1.46;0.06;1.22;0.25;-0.13;0.98;-0.24;0.24;-0.12;-0.12;0.15;-0.97;0.73;0.12;-0.43;0.24;0.52;0.83;
-0.61;-0.06;0.18;-0.46;0.20;-0.86;0.49;0.30;-0.06;0.18;-0.32;-0.93;0.79;-0.43;-0.67;0.22;-0.66;0.81;-9.33;-2.87;2.93;0.37;0.12;0.97;-30.49;-13.05;15.61;0.08;-0.01;1.09;-0.55;1.46;2.93;0.27;-0.11;0.97;-0.24;0.18;0.24;-0.12;0.16;-0.98;-9.27;-0.73;7.80;0.21;0.53;0.83;
-0.30;-0.37;0.55;-0.46;0.20;-0.86;-0.91;0.30;-0.37;0.18;-0.33;-0.93;-0.55;-0.30;-0.30;0.21;-0.64;0.77;0.06;-0.37;-0.24;0.37;0.13;0.92;0.18;-0.43;0.73;0.19;-0.09;1.02;1.59;-5.43;-1.52;0.26;-0.14;1.04;-0.37;0.61;-0.06;-0.11;0.16;-0.98;0.49;0.37;-0.79;0.24;0.52;0.84;
-0.12;0.00;-0.12;-0.46;0.19;-0.85;0.55;0.43;0.06;0.18;-0.32;-0.92;-0.12;-0.37;-0.73;0.22;-0.64;0.77;0.49;-0.61;-0.24;0.36;0.14;0.93;0.24;-0.67;0.37;0.19;-0.10;1.03;-3.29;5.79;2.32;0.24;-0.17;1.05;-0.30;0.18;0.37;-0.12;0.15;-0.99;0.55;0.30;-0.67;0.23;0.52;0.84;
-0.43;0.06;-0.43;-0.45;0.19;-0.87;0.12;0.37;-0.12;0.18;-0.33;-0.93;0.30;0.12;-0.61;0.21;-0.64;0.77;0.55;-0.37;0.24;0.36;0.15;0.92;0.43;-0.73;-0.24;0.19;-0.09;1.02;4.02;4.51;0.61;0.25;-0.13;0.98;-0.12;0.18;0.37;-0.11;0.16;-0.98;-0.24;-0.12;-0.30;0.24;0.53;0.84;
0.06;-0.55;0.00;-0.46;0.19;-0.86;0.43;0.12;0.00;0.18;-0.34;-0.93;-0.18;-0.43;-0.79;0.21;-0.65;0.77;0.37;-0.55;0.37;0.37;0.14;0.91;0.67;-0.30;0.12;0.18;-0.09;1.03;-0.24;0.61;1.22;0.26;-0.12;0.98;0.37;0.12;0.49;-0.12;0.16;-0.97;0.12;0.24;-0.43;0.24;0.53;0.85;
-0.06;0.00;0.24;-0.46;0.20;-0.86;0.00;-0.55;0.24;0.18;-0.33;-0.93;0.00;-0.73;-0.49;0.22;-0.63;0.78;0.73;-0.79;-0.55;0.37;0.14;0.92;-0.30;-0.55;-0.30;0.19;-0.09;1.02;0.55;-0.06;1.04;0.27;-0.10;0.98;0.06;-0.06;0.06;-0.12;0.16;-0.99;0.37;-0.18;-0.85;0.24;0.51;0.83;
-0.79;0.00;-0.55;-0.46;0.19;-0.86;0.37;0.18;0.18;0.18;-0.33;-0.92;-0.06;-0.61;-1.65;0.21;-0.64;0.77;0.18;-0.43;-0.06;0.37;0.14;0.93;0.24;-0.18;0.73;0.18;-0.10;1.03;-5.55;-0.37;2.38;0.24;-0.13;0.98;0.00;-0.18;-0.24;-0.12;0.16;-0.98;0.43;-0.30;-0.61;0.24;0.52;0.84;
-0.61;-0.49;0.12;-0.45;0.19;-0.85;0.79;0.61;0.43;0.17;-0.34;-0.93;-0.06;-0.18;-1.04;0.22;-0.64;0.78;0.24;-0.61;0.06;0.37;0.14;0.93;0.12;-0.30;0.37;0.18;-0.10;1.03;1.04;-2.62;1.04;0.25;-0.11;0.96;0.24;0.18;-0.12;-0.11;0.16;-0.98;0.00;0.55;-0.55;0.24;0.52;0.83;
-0.43;-0.37;0.18;-0.45;0.20;-0.86;-0.61;-0.12;-0.37;0.18;-0.33;-0.92;0.06;-0.73;-1.28;0.21;-0.65;0.77;0.55;-0.24;-0.06;0.37;0.14;0.93;0.24;-0.30;0.06;0.18;-0.10;1.01;-5.18;2.80;3.72;0.26;-0.14;0.99;0.12;-0.18;-0.06;-0.12;0.16;-0.98;0.18;0.30;-0.43;0.24;0.51;0.83;
-0.61;0.43;-0.18;-0.46;0.19;-0.86;0.37;0.49;-0.06;0.17;-0.33;-0.94;0.06;-0.55;-0.91;0.22;-0.64;0.77;0.73;-0.61;-0.06;0.37;0.14;0.93;-0.91;-0.12;0.24;0.18;-0.09;1.01;0.73;0.37;0.85;0.26;-0.14;0.96;-0.30;0.12;0.43;-0.11;0.16;-0.98;0.12;-0.18;-0.18;0.24;0.52;0.84;
-1.10;-0.37;-0.06;-0.46;0.20;-0.88;0.79;-0.49;0.55;0.18;-0.33;-0.93;-0.55;-0.85;-1.59;0.21;-0.64;0.77;0.43;-0.43;-0.06;0.36;0.14;0.93;0.24;-0.24;0.73;0.19;-0.10;1.02;-5.55;4.45;3.29;0.23;-0.15;0.98;0.37;-0.18;-0.06;-0.12;0.15;-0.98;0.73;0.06;-0.67;0.24;0.52;0.83;
-0.49;-0.30;0.18;-0.46;0.20;-0.86;0.43;0.24;0.18;0.17;-0.33;-0.92;0.06;-0.37;-0.91;0.23;-0.64;0.77;0.79;-0.37;0.00;0.37;0.13;0.93;0.18;-0.18;0.30;0.19;-0.10;1.02;-0.98;-0.55;-0.30;0.23;-0.16;0.97;0.06;0.00;-0.49;-0.12;0.15;-0.98;0.37;0.49;-0.30;0.23;0.51;0.84;
-0.79;0.00;-0.18;-0.46;0.19;-0.87;0.67;0.18;0.24;0.18;-0.33;-0.92;-0.24;-0.49;-1.16;0.22;-0.65;0.77;0.00;-0.49;0.43;0.36;0.14;0.93;0.61;-0.30;0.30;0.19;-0.10;1.02;-0.12;6.65;9.02;0.21;-0.19;0.95;-0.06;0.06;-0.06;-0.12;0.16;-0.98;0.79;-0.06;-0.12;0.24;0.52;0.84;
-0.37;-0.12;0.24;-0.46;0.20;-0.86;0.24;-0.18;0.24;0.18;-0.32;-0.92;0.00;0.24;-0.67;0.21;-0.64;0.77;0.43;-0.30;0.18;0.36;0.13;0.92;-0.06;-0.49;0.37;0.19;-0.10;1.02;12.01;-4.02;-4.27;0.24;-0.17;0.99;0.12;0.43;-0.18;-0.12;0.16;-0.97;0.18;0.30;0.06;0.24;0.52;0.84;
-0.18;-0.24;-0.24;-0.46;0.20;-0.86;0.43;-0.06;-0.12;0.18;-0.33;-0.93;0.37;-0.73;-1.04;0.21;-0.64;0.77;0.55;-0.06;-0.30;0.37;0.14;0.93;0.24;-0.37;0.24;0.19;-0.10;1.03;6.71;-0.79;3.78;0.27;-0.15;0.96;0.18;0.37;0.00;-0.12;0.16;-0.97;0.30;-0.37;-0.24;0.23;0.51;0.83;
-0.49;-0.67;-0.06;-0.45;0.19;-0.85;0.18;0.49;0.73;0.17;-0.33;-0.92;-0.12;-0.18;-1.22;0.22;-0.64;0.77;0.00;-0.49;0.00;0.36;0.14;0.93;0.30;0.00;0.49;0.18;-0.10;1.02;-13.11;15.30;-0.12;0.25;-0.12;0.99;0.43;-0.12;-0.06;-0.12;0.16;-0.98;0.67;-0.12;-0.24;0.24;0.52;0.84;
-0.30;0.37;-0.06;-0.46;0.20;-0.86;1.52;0.18;0.06;0.18;-0.33;-0.93;-0.49;-0.43;-0.91;0.22;-0.65;0.77;0.55;-0.30;-0.67;0.37;0.14;0.92;0.73;-0.79;0.12;0.19;-0.10;1.02;14.76;0.00;-13.84;0.36;-0.02;0.97;0.06;0.24;0.30;-0.11;0.15;-0.98;0.61;0.43;-0.24;0.24;0.52;0.85;
0.12;0.24;-0.30;-0.45;0.20;-0.86;0.43;0.00;0.24;0.17;-0.33;-0.93;0.12;-0.61;-1.52;0.21;-0.63;0.76;-0.06;-0.30;0.24;0.37;0.14;0.92;0.49;0.24;0.43;0.19;-0.10;1.02;9.27;11.46;-11.89;0.39;0.08;1.04;0.12;0.06;-0.18;-0.12;0.15;-0.98;0.49;0.37;-0.49;0.24;0.51;0.83;
-0.37;0.00;-0.06;-0.45;0.20;-0.86;0.18;0.30;0.00;0.18;-0.32;-0.93;0.00;-0.61;-0.61;0.22;-0.65;0.77;0.12;-0.49;0.00;0.37;0.14;0.92;0.24;-0.30;0.30;0.20;-0.09;1.02;14.82;-30.73;-13.78;0.27;-0.00;0.95;0.43;-0.12;-0.06;-0.12;0.15;-0.98;0.30;0.06;-0.06;0.24;0.52;0.84;
-0.37;0.00;0.49;-0.45;0.20;-0.86;-0.24;0.73;0.12;0.18;-0.33;-0.92;0.24;-0.30;-1.46;0.21;-0.64;0.77;0.73;-0.55;-0.18;0.36;0.14;0.92;0.18;-0.18;-0.30;0.19;-0.10;1.02;-19.63;-5.30;7.87;0.16;-0.21;0.98;0.00;0.55;-0.12;-0.12;0.16;-0.98;0.49;0.43;-0.67;0.24;0.52;0.84;
-0.24;-0.24;0.12;-0.45;0.20;-0.85;0.73;-0.24;0.30;0.18;-0.32;-0.92;-0.55;-0.12;-1.16;0.22;-0.64;0.77;0.67;-0.43;0.12;0.36;0.14;0.91;0.55;-0.30;0.67;0.19;-0.10;1.03;-6.65;13.29;10.73;0.21;-0.13;0.97;-1.46;0.55;0.43;-0.12;0.16;-0.97;0.06;0.18;0.06;0.24;0.52;0.83;
0.37;0.00;-0.24;-0.46;0.19;-0.86;-0.49;0.12;0.24;0.18;-0.33;-0.93;0.06;-0.30;-0.67;0.22;-0.64;0.77;-0.24;-0.61;0.43;0.37;0.13;0.93;0.18;-0.43;0.06;0.20;-0.09;1.02;0.79;5.24;2.93;0.24;-0.15;0.98;440.73;-96.95;-65.30;0.02;0.42;-1.22;1.89;0.49;-1.95;0.25;0.51;0.84;
-0.85;-0.37;0.18;-0.46;0.20;-0.86;-0.06;0.00;0.37;0.18;-0.33;-0.93;0.98;-0.18;-0.79;0.22;-0.63;0.79;0.12;-0.91;-0.12;0.36;0.16;0.92;0.79;9.21;1.89;0.22;0.02;1.03;-1.10;2.26;3.78;0.23;-0.15;0.99;3.23;-1.59;-0.61;-0.13;0.14;-0.98;0.37;0.12;-0.24;0.23;0.52;0.84;
-0.67;-0.12;0.00;-0.45;0.20;-0.87;0.55;0.67;0.30;0.17;-0.33;-0.92;0.67;-0.67;-0.85;0.22;-0.63;0.78;0.85;-0.61;-0.43;0.37;0.15;0.92;-1.65;-1.16;26.04;0.19;-1.03;0.97;0.06;1.46;1.34;0.21;-0.14;0.97;4.09;-2.32;-0.55;-0.12;0.15;-0.98;0.49;-0.06;-0.49;0.24;0.52;0.83;
-0.24;-0.12;0.49;-0.46;0.19;-0.86;0.18;0.18;0.06;0.18;-0.33;-0.93;0.24;-0.43;-0.79;0.22;-0.63;0.78;0.61;-0.37;0.00;0.37;0.15;0.92;0.12;0.67;0.30;0.11;0.00;1.05;0.37;-0.61;0.18;0.21;-0.15;0.97;-0.30;0.49;0.18;-0.12;0.15;-0.99;0.55;0.00;-0.37;0.23;0.52;0.83;
-0.12;-0.12;0.00;-0.45;0.19;-0.86;0.37;0.37;0.12;0.17;-0.33;-0.93;-0.06;-0.43;-0.30;0.21;-0.63;0.78;-0.91;-2.87;2.01;0.37;0.14;0.93;-83.17;-10.43;117.93;0.50;0.51;1.29;-5.73;-4.02;0.55;0.20;-0.16;1.00;-0.37;0.24;0.24;-0.13;0.15;-0.99;1.59;0.49;-0.85;0.24;0.52;0.84;
-0.43;-0.12;-0.12;-0.46;0.20;-0.86;0.55;0.49;0.18;0.18;-0.32;-0.93;-0.30;-0.06;-0.98;0.22;-0.62;0.79;0.49;-0.12;0.24;0.36;0.15;0.93;-0.18;-0.24;0.67;0.18;-0.07;1.03;1.16;2.87;3.17;0.20;-0.16;0.98;0.30;-0.43;0.12;-0.12;0.15;-0.98;0.18;0.00;-0.43;0.24;0.52;0.83;
-0.67;-0.06;0.67;-0.45;0.20;-0.87;0.30;-0.12;0.06;0.18;-0.33;-0.92;-0.37;-0.37;-0.79;0.23;-0.62;0.79;0.30;-0.79;-0.06;0.36;0.15;0.93;0.49;-0.67;0.30;0.19;-0.07;1.03;1.34;0.00;0.43;0.22;-0.15;0.98;-0.12;0.49;-0.18;-0.12;0.15;-0.98;0.49;0.06;-0.43;0.25;0.51;0.84;
-0.30;0.00;-0.24;-0.45;0.20;-0.85;0.06;0.12;1.04;0.19;-0.33;-0.93;0.30;-0.06;-0.79;0.23;-0.62;0.79;0.67;-0.18;0.24;0.36;0.15;0.92;-0.18;-0.37;0.37;0.19;-0.06;1.02;-0.67;0.24;1.71;0.22;-0.17;0.98;0.12;0.37;0.06;-0.13;0.15;-0.97;-0.37;0.43;-0.18;0.23;0.51;0.85;
-0.37;-0.49;0.18;-0.45;0.19;-0.86;0.61;0.24;-0.06;0.18;-0.33;-0.92;0.61;-0.37;-0.85;0.23;-0.63;0.79;0.49;-0.49;0.49;0.36;0.15;0.92;0.18;0.00;0.61;0.19;-0.07;1.02;-1.52;0.43;1.28;0.21;-0.16;0.98;0.49;-0.12;-0.43;-0.12;0.16;-0.98;0.55;-0.30;-0.61;0.24;0.52;0.85;
-0.37;0.18;0.24;-0.46;0.19;-0.86;0.61;0.00;0.18;0.18;-0.33;-0.93;-0.37;-0.85;-1.16;0.23;-0.62;0.79;0.61;-0.24;0.24;0.36;0.15;0.93;0.43;-0.49;0.49;0.20;-0.07;1.02;1.59;0.49;1.16;0.22;-0.17;0.97;0.00;0.37;0.06;-0.12;0.15;-0.98;0.06;-0.24;-0.18;0.24;0.52;0.84;
-0.49;0.06;0.06;-0.47;0.19;-0.87;-0.12;0.12;0.24;0.18;-0.33;-0.93;-0.73;-0.37;-1.10;0.22;-0.63;0.78;0.79;-0.73;0.06;0.36;0.15;0.93;0.67;-0.73;1.04;0.20;-0.07;1.03;4.33;-1.34;-1.04;0.22;-0.16;0.98;0.37;0.00;-0.06;-0.12;0.16;-0.98;0.24;-0.06;0.06;0.25;0.52;0.84;
-0.55;-0.24;-0.18;-0.46;0.19;-0.84;0.24;0.67;0.55;0.18;-0.33;-0.92;0.55;-0.24;-0.73;0.22;-0.62;0.78;0.43;-0.37;0.12;0.37;0.15;0.92;-0.06;-0.79;0.24;0.19;-0.07;1.02;0.55;0.73;2.13;0.22;-0.15;0.98;-0.06;-0.37;-0.24;-0.11;0.15;-0.98;0.49;-0.37;-0.37;0.24;0.52;0.85;
-0.61;-0.30;0.43;-0.45;0.19;-0.86;0.06;0.61;0.00;0.18;-0.32;-0.92;-0.43;-0.49;-0.98;0.23;-0.62;0.79;0.12;-0.43;-0.06;0.36;0.15;0.92;0.30;-0.43;0.43;0.19;-0.07;1.01;0.30;-1.46;-0.37;0.23;-0.14;0.98;0.00;0.18;0.06;-0.11;0.15;-0.98;0.79;0.24;-0.49;0.24;0.51;0.84;
-0.12;-0.43;-0.06;-0.46;0.20;-0.86;0.24;0.06;0.37;0.17;-0.34;-0.93;-0.06;-0.12;-0.79;0.22;-0.63;0.78;0.12;-0.85;-0.30;0.37;0.15;0.92;-0.18;-0.30;0.18;0.19;-0.07;1.02;-2.13;1.10;1.77;0.23;-0.14;0.98;0.30;-0.06;-0.30;-0.12;0.15;-0.98;0.37;-0.43;-0.37;0.24;0.51;0.84;
-0.49;-0.43;-0.67;-0.46;0.20;-0.85;0.30;0.30;-0.06;0.18;-0.32;-0.93;0.24;-0.30;-0.55;0.22;-0.62;0.79;0.12;-0.55;0.12;0.36;0.16;0.92;0.12;-0.43;0.06;0.20;-0.07;1.02;3.66;0.91;0.24;0.25;-0.15;0.98;-0.06;0.06;0.18;-0.12;0.16;-0.97;-0.18;-0.18;0.18;0.24;0.51;0.84;
-0.30;0.49;0.06;-0.46;0.20;-0.86;0.12;0.30;0.37;0.17;-0.33;-0.91;0.55;-0.91;-1.04;0.22;-0.64;0.80;0.24;0.73;-0.18;0.36;0.15;0.93;0.61;0.00;0.00;0.19;-0.07;1.02;-4.09;3.96;4.76;0.24;-0.18;0.99;0.37;-0.30;-0.43;-0.12;0.15;-0.99;0.12;0.24;-0.06;0.23;0.51;0.84;
-0.30;0.12;0.37;-0.46;0.20;-0.85;-0.06;0.37;0.30;0.18;-0.33;-0.93;0.98;-1.83;-1.77;0.22;-0.62;0.77;0.12;-0.67;0.55;0.36;0.15;0.92;0.30;-0.61;0.37;0.19;-0.07;1.02;1.52;-2.80;-1.10;0.23;-0.14;0.98;-0.85;0.18;0.61;-0.12;0.16;-0.97;0.18;0.12;-0.18;0.24;0.52;0.84;
0.00;-0.24;0.00;-0.46;0.19;-0.85;0.43;-0.18;0.06;0.17;-0.33;-0.92;-0.06;-0.06;-0.91;0.23;-0.62;0.80;0.37;-0.61;0.30;0.37;0.15;0.92;0.30;-0.24;0.18;0.20;-0.06;1.02;0.61;0.00;1.04;0.24;-0.13;0.97;0.24;0.43;0.12;-0.12;0.15;-0.98;-0.18;0.18;-0.37;0.24;0.51;0.84;
0.06;-0.49;0.12;-0.46;0.20;-0.87;0.18;0.30;0.43;0.18;-0.32;-0.93;0.37;-0.79;-0.61;0.22;-0.62;0.78;0.12;-0.67;0.00;0.36;0.14;0.92;0.43;-0.61;0.06;0.20;-0.06;1.01;-0.73;0.73;1.71;0.23;-0.14;0.98;-11.52;2.93;2.74;-0.13;0.14;-1.00;6.28;2.74;-4.21;0.23;0.53;0.84;
-0.37;-0.06;0.37;-0.46;0.19;-0.87;0.43;0.49;0.43;0.18;-0.33;-0.93;0.00;-0.24;-1.28;0.22;-0.63;0.79;-0.24;-0.73;0.00;0.37;0.15;0.94;-0.30;-0.55;0.06;0.20;-0.06;1.03;-0.67;1.40;2.07;0.23;-0.14;0.98;0.12;-0.06;-0.30;-0.12;0.16;-0.97;-0.06;0.06;-0.30;0.24;0.51;0.84;
-0.37;0.00;-0.12;-0.45;0.19;-0.86;1.04;0.49;0.61;0.17;-0.33;-0.93;-0.30;0.30;-0.67;0.23;-0.63;0.78;0.18;-0.43;-0.12;0.35;0.15;0.91;0.00;-0.24;0.37;0.18;-0.07;1.02;-1.10;1.28;2.13;0.24;-0.14;0.97;0.18;-0.37;-0.43;-0.12;0.16;-0.97;0.73;0.24;-0.55;0.25;0.51;0.85;
0.00;-0.37;0.37;-0.46;0.21;-0.87;0.37;0.12;0.49;0.18;-0.33;-0.92;-20.30;2.32;13.11;0.34;-0.49;0.77;0.43;-0.12;-0.24;0.36;0.15;0.92;0.12;-0.73;0.00;0.19;-0.06;1.03;0.55;0.06;0.73;0.24;-0.14;0.97;-0.18;0.06;-0.37;-0.11;0.16;-0.97;0.55;0.12;-0.18;0.24;0.51;0.85;
-1.52;0.43;0.24;-0.46;0.19;-0.87;0.06;0.24;0.55;0.18;-0.32;-0.92;10.61;-3.90;-2.07;0.26;-0.57;0.81;0.67;0.30;-0.18;0.37;0.15;0.92;0.24;-0.37;0.18;0.19;-0.08;1.04;0.24;0.61;0.24;0.22;-0.15;0.98;0.24;0.00;0.49;-0.12;0.15;-0.98;0.12;-0.06;-0.79;0.25;0.51;0.84;
-0.37;-0.55;0.43;-0.45;0.20;-0.86;-0.06;0.30;0.12;0.18;-0.32;-0.93;-0.24;-0.18;-0.98;0.22;-0.64;0.78;0.61;-0.30;-0.06;0.37;0.16;0.92;0.24;0.06;0.67;0.19;-0.07;1.03;4.02;-2.44;1.16;0.24;-0.15;0.99;0.67;0.00;0.49;-0.12;0.16;-0.98;0.37;0.30;-0.24;0.25;0.51;0.84;
-0.79;0.43;-0.12;-0.46;0.20;-0.86;0.00;-0.24;0.24;0.18;-0.33;-0.93;0.00;-0.67;-1.10;0.22;-0.64;0.77;0.37;-0.73;-0.24;0.35;0.16;0.92;-0.55;-1.10;0.12;0.19;-0.07;1.02;-1.71;2.50;2.26;0.21;-0.14;0.98;0.30;0.24;0.37;-0.12;0.15;-0.98;0.43;0.00;-0.61;0.25;0.52;0.84;
-0.61;0.00;0.18;-0.45;0.20;-0.87;0.43;0.18;-0.06;0.19;-0.32;-0.93;0.12;-0.49;-0.91;0.22;-0.63;0.77;0.37;-0.49;0.06;0.36;0.15;0.92;0.18;-0.49;0.24;0.19;-0.07;1.02;4.82;0.61;-0.24;0.23;-0.14;0.97;0.55;-0.12;0.18;-0.13;0.14;-0.98;0.49;-0.12;-0.18;0.25;0.52;0.84;
-0.43;0.00;0.18;-0.45;0.20;-0.86;0.24;0.18;0.12;0.17;-0.33;-0.92;-0.18;-0.06;-1.16;0.22;-0.63;0.76;0.18;-0.43;-0.18;0.36;0.15;0.92;0.24;-0.49;0.06;0.20;-0.06;1.02;-0.49;0.06;1.34;0.22;-0.14;0.99;0.06;-0.12;0.24;-0.13;0.15;-0.98;0.43;0.24;-0.37;0.24;0.52;0.84;
0.00;0.55;0.18;-0.46;0.20;-0.86;0.43;0.55;-0.37;0.17;-0.33;-0.93;-0.12;0.00;-1.40;0.21;-0.63;0.78;0.43;-0.43;-0.06;0.35;0.15;0.92;-0.18;-0.30;0.49;0.19;-0.07;1.02;-1.46;0.79;0.37;0.22;-0.15;0.98;0.06;0.18;-0.30;-0.12;0.15;-0.97;0.24;0.30;-0.73;0.24;0.51;0.84;
0.98;-0.55;-0.12;-0.45;0.20;-0.86;0.24;-0.06;-0.12;0.18;-0.32;-0.93;0.18;-0.55;-1.10;0.22;-0.64;0.77;0.12;-0.85;-0.12;0.36;0.16;0.92;0.12;-0.43;0.06;0.19;-0.07;1.02;3.41;-3.60;-0.79;0.25;-0.12;0.97;-0.12;0.00;-0.12;-0.12;0.15;-0.97;0.49;0.12;-0.79;0.24;0.52;0.84;
-0.37;-0.49;0.24;-0.46;0.20;-0.85;0.49;-0.12;0.37;0.17;-0.33;-0.91;-0.30;-0.61;-1.28;0.22;-0.64;0.77;0.55;-0.30;0.00;0.37;0.15;0.91;0.37;-0.55;0.30;0.19;-0.07;1.03;16.10;-15.73;-8.84;0.25;-0.13;1.03;0.12;0.06;0.30;-0.12;0.15;-0.98;0.00;-0.06;-0.30;0.24;0.51;0.84;
-0.49;-0.61;0.55;-0.45;0.20;-0.87;0.73;0.18;0.06;0.18;-0.33;-0.93;-0.30;-0.30;-0.79;0.22;-0.64;0.77;0.18;-0.30;-0.12;0.37;0.15;0.93;0.43;-0.37;0.24;0.19;-0.06;1.02;-14.51;11.77;15.61;0.18;-0.16;0.95;0.06;0.43;0.06;-0.12;0.15;-0.97;0.55;0.18;-0.12;0.25;0.51;0.84;
-0.91;-0.12;-0.18;-0.46;0.20;-0.86;0.12;0.24;0.06;0.18;-0.33;-0.93;0.37;-0.18;-0.55;0.22;-0.64;0.78;0.85;-0.37;0.00;0.35;0.15;0.93;0.55;-0.24;0.06;0.19;-0.07;1.03;-15.61;33.11;-10.85;0.26;-0.07;0.97;0.37;0.00;-0.12;-0.12;0.15;-0.98;0.18;0.24;-0.18;0.24;0.52;0.85;
-0.12;-0.30;-0.18;-0.46;0.19;-0.87;-0.24;-0.18;0.30;0.18;-0.33;-0.92;0.18;-0.55;-0.91;0.22;-0.64;0.77;0.18;-0.06;0.18;0.37;0.15;0.92;0.49;-0.24;0.12;0.20;-0.07;1.02;27.56;-12.44;-3.96;0.35;0.10;0.87;-0.24;0.00;0.49;-0.12;0.15;-0.98;0.24;-0.18;-0.61;0.24;0.50;0.84;
-1.22;-0.30;0.30;-0.47;0.19;-0.86;0.67;0.30;0.00;0.18;-0.33;-0.93;-0.37;-0.85;-1.04;0.22;-0.63;0.78;0.43;-0.43;0.67;0.36;0.15;0.93;0.61;0.18;0.30;0.19;-0.07;1.03;-4.57;0.24;4.63;0.18;-0.14;0.97;0.73;0.00;-0.06;-0.12;0.15;-0.98;0.24;0.06;-0.43;0.24;0.51;0.83;
-0.43;-0.18;0.30;-0.46;0.19;-0.85;0.49;0.49;0.00;0.18;-0.34;-0.93;0.00;-0.37;-0.79;0.22;-0.64;0.77;-0.06;-0.79;0.18;0.37;0.15;0.92;0.43;-0.67;0.67;0.19;-0.06;1.02;-3.05;21.28;-21.95;0.34;-0.07;1.02;-0.06;0.12;-0.24;-0.11;0.15;-0.98;0.18;0.24;-0.30;0.25;0.51;0.84;
-0.06;0.18;-0.06;-0.46;0.20;-0.87;1.40;0.30;0.37;0.18;-0.33;-0.93;0.37;-0.12;-0.85;0.22;-0.64;0.78;0.49;-0.30;0.00;0.37;0.15;0.92;0.43;-0.18;0.43;0.20;-0.06;1.03;2.68;-5.55;-0.49;0.21;-0.16;0.99;-0.18;0.12;-0.24;-0.12;0.14;-0.98;0.12;0.30;-0.85;0.24;0.51;0.84;
0.00;0.06;0.06;-0.46;0.19;-0.86;0.91;0.00;0.12;0.17;-0.33;-0.93;0.24;-1.04;-0.85;0.21;-0.64;0.77;0.24;-0.24;0.24;0.37;0.15;0.92;0.06;-0.37;0.18;0.19;-0.07;1.01;-7.44;9.02;6.65;0.23;-0.20;0.94;0.06;-0.12;0.06;-0.12;0.16;-0.98;0.18;-0.30;-0.49;0.24;0.51;0.85;
-0.24;-0.06;0.30;-0.45;0.19;-0.86;1.04;0.12;-0.18;0.18;-0.34;-0.92;-0.06;-0.06;-0.91;0.22;-0.64;0.78;0.06;-0.37;0.61;0.36;0.15;0.92;0.30;-0.30;0.37;0.19;-0.07;1.02;-4.82;-2.32;0.30;0.19;-0.15;0.95;0.00;0.18;0.00;-0.12;0.15;-0.97;0.24;-0.12;-0.24;0.25;0.51;0.84;
-0.12;0.24;-0.06;-0.46;0.20;-0.86;1.28;-0.12;0.37;0.19;-0.33;-0.93;0.00;-0.43;-1.28;0.23;-0.64;0.77;0.67;0.18;0.24;0.37;0.15;0.92;0.85;-0.06;0.24;0.20;-0.06;1.02;-2.74;8.60;8.11;0.25;-0.16;1.00;0.18;-0.06;-0.24;-0.13;0.15;-0.98;0.55;-0.12;-0.37;0.25;0.52;0.84;
-0.37;0.00;0.18;-0.46;0.20;-0.86;0.61;0.00;0.49;0.18;-0.33;-0.92;-0.24;-0.37;-1.59;0.22;-0.63;0.77;0.61;-0.37;0.18;0.37;0.15;0.92;0.24;-0.43;0.06;0.19;-0.06;1.02;6.16;-1.83;-1.71;0.30;-0.14;1.05;0.37;0.00;-0.12;-0.12;0.15;-0.98;0.73;-0.24;-0.49;0.24;0.51;0.84;
-0.24;-0.24;0.12;-0.45;0.20;-0.86;0.49;0.00;-0.24;0.18;-0.33;-0.93;-0.30;-0.55;-1.22;0.21;-0.63;0.77;0.43;-0.73;-0.24;0.37;0.15;0.93;0.00;-0.18;0.12;0.20;-0.07;1.02;0.18;-1.71;-0.37;0.23;-0.15;0.98;0.49;-0.06;0.12;-0.13;0.15;-0.98;0.61;0.06;-0.12;0.24;0.51;0.84;
-0.37;-0.12;-0.06;-0.46;0.19;-0.86;0.43;0.18;0.49;0.18;-0.32;-0.93;0.30;-0.43;-0.85;0.22;-0.64;0.78;0.43;-0.85;-0.12;0.37;0.15;0.93;0.06;-0.43;0.43;0.19;-0.07;1.02;0.00;0.55;1.46;0.24;-0.14;0.97;0.06;0.18;0.12;-0.12;0.14;-0.97;0.37;-0.18;-0.37;0.25;0.51;0.84;
-0.43;-0.12;0.12;-0.47;0.20;-0.85;0.73;0.55;0.37;0.18;-0.33;-0.93;0.49;-0.55;-1.46;0.23;-0.64;0.76;0.61;-0.67;-0.12;0.36;0.15;0.91;0.30;-0.67;0.24;0.20;-0.07;1.03;-3.29;1.65;7.07;0.24;-0.17;0.97;-0.24;0.43;0.12;-0.12;0.15;-0.98;-0.18;0.18;-0.37;0.24;0.51;0.84;
0.12;-0.49;0.06;-0.45;0.20;-0.86;-0.06;0.00;0.37;0.19;-0.33;-0.93;0.49;-0.55;-0.67;0.22;-0.65;0.77;0.55;-0.73;0.24;0.37;0.16;0.93;0.18;-0.49;0.43;0.19;-0.07;1.03;0.85;1.10;1.52;0.24;-0.18;0.99;0.55;0.06;0.30;-0.12;0.15;-0.98;0.12;0.00;-0.37;0.25;0.51;0.84;
-0.18;-0.12;0.00;-0.46;0.19;-0.86;0.06;0.55;0.37;0.18;-0.33;-0.93;0.18;-0.30;-1.16;0.22;-0.65;0.78;0.30;-0.43;0.30;0.37;0.15;0.92;0.49;-0.61;0.37;0.19;-0.07;1.02;5.67;-2.62;-1.46;0.22;-0.18;0.98;0.00;0.12;0.00;-0.11;0.15;-0.97;0.49;0.00;-0.49;0.24;0.52;0.83;
-0.98;0.00;0.55;-0.46;0.20;-0.86;0.55;0.06;-0.24;0.18;-0.33;-0.93;0.91;-0.30;-0.55;0.23;-0.63;0.78;0.18;-0.43;0.30;0.37;0.16;0.92;0.18;-0.49;0.30;0.19;-0.07;1.03;2.38;-2.44;-2.26;0.21;-0.16;0.99;-0.06;0.00;0.18;-0.12;0.15;-0.98;-0.12;-0.24;-0.61;0.25;0.51;0.83;
-0.43;-0.06;-0.12;-0.45;0.20;-0.85;0.37;0.30;0.12;0.17;-0.33;-0.92;0.43;-0.12;-0.49;0.22;-0.63;0.78;0.12;-0.37;0.30;0.37;0.15;0.93;0.06;-0.06;0.37;0.19;-0.07;1.03;0.18;0.06;1.22;0.23;-0.14;0.98;0.91;-0.06;-0.12;-0.12;0.15;-0.97;0.30;0.43;-0.12;0.25;0.51;0.84;
0.00;0.12;0.30;-0.45;0.20;-0.86;0.67;0.30;0.12;0.18;-0.33;-0.92;0.24;-0.55;-0.61;0.22;-0.64;0.77;0.12;-0.43;-0.79;0.36;0.15;0.93;0.12;-0.37;0.91;0.19;-0.07;1.03;-0.61;1.83;2.01;0.23;-0.15;0.97;0.00;-0.30;-0.37;-0.13;0.15;-0.99;0.24;0.12;0.12;0.24;0.51;0.84;
-0.37;-0.24;0.37;-0.46;0.20;-0.86;0.67;0.18;0.43;0.18;-0.33;-0.92;-0.18;-0.61;-0.79;0.22;-0.64;0.78;0.43;-0.24;0.00;0.36;0.15;0.91;0.24;-0.43;0.37;0.19;-0.07;1.03;-0.91;1.65;1.89;0.21;-0.16;0.98;-0.06;0.06;-0.06;-0.12;0.15;-0.97;0.79;-0.06;-0.55;0.23;0.51;0.84;
-0.18;-0.18;0.24;-0.45;0.19;-0.85;0.43;0.55;0.73;0.18;-0.33;-0.92;0.06;-0.24;-1.46;0.22;-0.64;0.78;0.49;-0.24;0.55;0.37;0.15;0.93;0.06;-0.12;0.30;0.19;-0.06;1.03;-0.73;2.56;1.95;0.22;-0.15;0.99;0.43;-0.12;-0.30;-0.12;0.15;-0.98;0.12;0.24;-0.18;0.24;0.51;0.85;
-0.24;-0.24;-0.12;-0.45;0.20;-0.86;0.06;0.43;0.30;0.18;-0.33;-0.92;-0.24;-0.73;-1.22;0.22;-0.64;0.78;0.18;-0.67;-0.06;0.37;0.15;0.93;0.55;-0.43;0.37;0.19;-0.07;1.03;-0.61;3.72;2.87;0.21;-0.16;0.97;0.55;0.37;0.06;-0.11;0.15;-0.98;0.12;0.12;-0.61;0.24;0.51;0.84;
-0.24;-0.61;-0.12;-0.45;0.20;-0.87;0.24;0.61;0.67;0.19;-0.33;-0.93;0.37;-0.73;-1.10;0.22;-0.64;0.78;0.43;-0.30;-0.30;0.37;0.15;0.92;0.06;-0.55;0.79;0.19;-0.07;1.02;0.43;0.30;0.85;0.20;-0.15;0.98;0.00;-0.06;0.00;-0.12;0.16;-0.97;-0.43;0.43;-0.43;0.24;0.51;0.84;
0.18;-0.30;0.30;-0.45;0.20;-0.86;0.55;0.24;0.30;0.18;-0.33;-0.93;0.43;-0.12;-0.85;0.23;-0.64;0.77;0.37;-0.67;-0.12;0.36;0.15;0.92;0.55;-0.49;0.30;0.20;-0.07;1.03;0.06;0.37;2.07;0.21;-0.15;0.98;0.18;-0.18;0.61;-0.12;0.15;-0.97;0.00;0.00;-0.67;0.25;0.51;0.84;
-0.49;0.06;0.06;-0.46;0.20;-0.86;0.30;0.37;0.12;0.18;-0.32;-0.93;0.00;-0.55;-1.40;0.22;-0.64;0.78;-0.30;-0.12;-0.30;0.36;0.15;0.92;-0.24;-0.55;0.12;0.19;-0.07;1.02;0.18;0.55;0.61;0.21;-0.14;0.98;0.91;0.24;-0.37;-0.11;0.15;-0.97;0.79;0.30;-1.16;0.24;0.51;0.84;
-0.49;-0.55;-0.37;-0.45;0.20;-0.85;0.49;0.30;-0.06;0.19;-0.32;-0.93;0.06;-0.37;-1.22;0.22;-0.64;0.77;0.24;0.00;0.06;0.37;0.15;0.93;0.37;-0.43;-0.12;0.19;-0.07;1.03;-0.91;-0.30;1.71;0.21;-0.16;0.98;0.12;0.12;0.18;-0.12;0.16;-0.97;0.85;0.18;-0.49;0.24;0.52;0.84;
-0.37;0.12;0.43;-0.45;0.19;-0.86;0.12;0.30;-0.06;0.18;-0.33;-0.92;-0.12;-0.24;-0.98;0.22;-0.64;0.77;0.61;-0.85;0.12;0.36;0.15;0.92;0.49;-0.12;0.61;0.19;-0.06;1.02;-2.07;1.89;5.43;0.22;-0.17;0.96;0.24;0.06;-0.37;-0.12;0.15;-0.98;-0.06;-0.18;-0.30;0.25;0.51;0.83;
-0.37;-0.24;-0.12;-0.45;0.19;-0.86;0.24;-0.06;0.06;0.18;-0.33;-0.93;-0.12;-0.37;-1.10;0.21;-0.64;0.77;0.12;-0.30;-0.12;0.38;0.16;0.93;0.06;-0.85;0.06;0.19;-0.07;1.03;4.02;-0.73;-2.44;0.22;-0.16;0.98;0.24;0.00;-0.24;-0.12;0.15;-0.98;0.73;-0.06;-0.91;0.24;0.51;0.85;
-0.55;0.30;0.06;-0.45;0.19;-0.86;0.67;0.12;0.12;0.18;-0.33;-0.93;-0.06;-0.37;-1.04;0.22;-0.64;0.78;0.43;0.37;0.06;0.36;0.15;0.93;0.24;-0.55;0.18;0.20;-0.06;1.02;-0.98;4.88;-0.55;0.20;-0.16;0.99;-0.67;0.24;-0.12;-0.12;0.16;-0.98;-0.12;-0.12;-0.12;0.24;0.52;0.84;
0.24;-0.12;-0.18;-0.46;0.20;-0.86;0.24;-0.06;0.61;0.18;-0.33;-0.93;0.24;-0.37;-1.22;0.23;-0.64;0.78;0.61;-0.55;0.00;0.37;0.15;0.93;0.43;0.00;0.24;0.20;-0.07;1.03;1.65;1.16;-0.61;0.22;-0.16;0.97;0.55;-0.12;-0.24;-0.12;0.15;-0.98;0.37;0.06;0.00;0.24;0.51;0.84;
0.00;-0.67;0.24;-0.45;0.20;-0.85;0.37;0.18;-0.18;0.18;-0.33;-0.92;-0.43;-0.91;-1.04;0.22;-0.64;0.78;0.37;-0.43;0.37;0.37;0.15;0.93;0.49;-0.49;0.30;0.19;-0.07;1.03;-9.94;-5.55;3.48;0.21;-0.17;0.99;0.79;0.30;0.06;-0.12;0.15;-0.98;0.49;-0.43;-0.73;0.24;0.51;0.84;
-0.43;-0.18;-0.55;-0.45;0.20;-0.86;0.49;0.06;-0.24;0.17;-0.33;-0.93;0.37;-0.43;-0.85;0.22;-0.64;0.77;0.24;-0.61;-0.12;0.37;0.15;0.92;0.06;-0.24;0.61;0.19;-0.06;1.02;3.11;-2.50;-1.95;0.20;-0.14;0.99;0.37;-0.06;0.00;-0.12;0.15;-0.98;0.73;0.00;-0.61;0.25;0.51;0.85;
0.24;-0.24;-0.79;-0.45;0.20;-0.87;0.37;-0.12;0.18;0.18;-0.32;-0.93;-0.18;-0.37;-1.16;0.22;-0.63;0.77;0.37;-0.67;0.37;0.36;0.15;0.93;0.30;-0.43;0.18;0.19;-0.07;1.02;6.10;-6.83;-8.23;0.28;-0.02;0.87;0.00;0.06;-0.18;-0.11;0.15;-0.97;0.67;0.18;-0.43;0.24;0.51;0.84;
-0.43;-0.73;0.00;-0.46;0.19;-0.86;1.65;0.00;0.30;0.18;-0.33;-0.92;-0.06;-0.18;-1.04;0.23;-0.64;0.78;0.24;-0.43;0.00;0.37;0.15;0.92;0.55;-0.30;0.37;0.20;-0.07;1.02;-42.38;-1.59;29.45;0.04;-0.09;0.91;-0.06;-0.06;0.37;-0.11;0.15;-0.98;-0.18;-0.37;-0.43;0.24;0.51;0.84;
-0.73;-0.30;0.00;-0.46;0.20;-0.86;0.12;0.43;0.37;0.17;-0.32;-0.93;-0.12;-1.10;-0.91;0.22;-0.63;0.77;0.12;-0.30;-0.18;0.36;0.15;0.93;0.12;0.06;0.67;0.20;-0.07;1.01;30.00;35.98;-28.72;0.06;-0.14;0.86;0.24;0.06;0.12;-0.12;0.15;-0.99;1.10;-0.43;-0.67;0.25;0.50;0.84;
-0.49;-0.06;-0.37;-0.45;0.20;-0.86;0.24;0.06;0.12;0.18;-0.33;-0.93;0.18;-0.24;-1.34;0.22;-0.63;0.77;0.37;-0.55;0.00;0.36;0.15;0.93;0.73;-0.49;0.12;0.20;-0.07;1.03;29.57;2.93;6.65;0.32;0.03;0.73;0.30;0.06;-0.12;-0.12;0.15;-0.97;0.79;0.24;-0.79;0.25;0.52;0.83;
-0.67;-0.85;0.43;-0.46;0.20;-0.86;0.49;0.43;0.18;0.18;-0.33;-0.93;-0.37;-0.73;-0.91;0.22;-0.64;0.78;0.73;-0.49;-0.18;0.36;0.16;0.92;0.24;-0.30;0.24;0.19;-0.06;1.02;-26.04;-5.91;11.83;0.08;-0.17;0.85;0.12;-0.30;0.24;-0.12;0.15;-0.98;0.43;-0.06;0.00;0.24;0.51;0.84;
-0.18;-0.24;0.18;-0.46;0.20;-0.86;0.24;0.06;0.18;0.18;-0.33;-0.93;-0.43;-0.12;-0.85;0.22;-0.64;0.78;0.37;-0.37;0.30;0.37;0.15;0.92;0.06;-0.18;0.06;0.19;-0.07;1.03;-7.93;7.80;7.93;0.23;-0.16;1.00;-0.98;0.43;0.18;-0.11;0.15;-0.97;-0.43;-0.37;-0.12;0.23;0.51;0.85;
0.18;-0.61;-0.49;-0.45;0.20;-0.86;0.24;0.00;-0.18;0.18;-0.33;-0.93;0.00;-0.30;-0.67;0.22;-0.64;0.77;0.18;-0.37;-0.18;0.37;0.15;0.92;0.37;-0.18;0.30;0.19;-0.08;1.01;-2.01;1.95;3.29;0.23;-0.14;0.98;0.12;0.06;0.61;-0.13;0.15;-0.98;0.18;0.18;-0.37;0.24;0.51;0.84;
-0.73;0.12;-0.12;-0.45;0.20;-0.85;-0.06;0.06;-0.06;0.17;-0.33;-0.93;0.37;-0.55;-1.40;0.22;-0.64;0.77;-0.18;-0.55;0.00;0.37;0.15;0.92;0.12;-0.49;0.30;0.19;-0.07;1.02;0.12;0.73;0.43;0.22;-0.13;0.98;0.37;-0.06;0.43;-0.12;0.15;-0.97;0.55;0.00;-0.30;0.24;0.52;0.84;
0.06;-0.61;0.12;-0.46;0.20;-0.86;0.49;0.18;0.06;0.18;-0.33;-0.93;-0.18;-0.24;-0.73;0.22;-0.64;0.77;0.55;-0.43;-0.30;0.36;0.15;0.92;0.12;0.06;0.37;0.18;-0.07;1.03;-2.74;-1.95;0.00;0.21;-0.14;0.98;0.24;0.12;0.00;-0.12;0.16;-0.98;0.06;0.24;-0.49;0.24;0.51;0.84;
-0.73;0.12;0.00;-0.45;0.19;-0.86;0.37;0.43;0.37;0.17;-0.33;-0.92;0.37;-0.24;-1.46;0.22;-0.64;0.78;0.00;-0.98;-0.06;0.35;0.15;0.91;0.43;-0.37;0.18;0.19;-0.07;1.03;-0.43;1.28;0.91;0.22;-0.13;0.96;0.18;0.24;0.12;-0.12;0.15;-0.98;0.18;0.24;-0.24;0.25;0.51;0.83;
-0.43;-0.24;0.24;-0.46;0.20;-0.86;0.73;-0.06;0.06;0.17;-0.33;-0.93;0.24;-0.37;-0.61;0.22;-0.63;0.77;0.30;-0.55;-0.30;0.37;0.15;0.93;0.24;-0.30;0.06;0.19;-0.07;1.02;-5.18;1.04;7.44;0.18;-0.22;0.97;0.18;0.06;0.06;-0.12;0.15;-0.98;0.00;-0.37;-0.61;0.24;0.51;0.83;
-0.55;-0.12;-0.24;-0.45;0.20;-0.87;-0.06;0.06;-0.37;0.18;-0.33;-0.92;0.37;0.24;-0.43;0.21;-0.64;0.77;0.18;-0.73;0.43;0.36;0.15;0.92;0.30;-0.79;0.37;0.19;-0.07;1.03;3.72;-2.44;0.49;0.20;-0.18;0.97;0.24;-0.30;0.06;-0.12;0.16;-0.97;0.37;-0.24;-0.24;0.24;0.50;0.83;
-0.24;-0.37;-0.24;-0.46;0.20;-0.86;0.30;0.00;0.37;0.18;-0.33;-0.92;0.00;-0.12;-0.85;0.22;-0.64;0.78;0.79;-0.61;1.10;0.37;0.15;0.92;0.12;0.00;-0.06;0.19;-0.07;1.02;6.71;-7.26;-4.88;0.22;-0.15;1.01;-0.06;0.06;0.06;-0.11;0.16;-0.98;0.43;0.06;-0.67;0.25;0.51;0.84;
-0.18;0.37;0.06;-0.46;0.20;-0.86;0.18;0.06;-0.12;0.18;-0.33;-0.93;0.24;-0.24;-0.79;0.22;-0.64;0.77;0.55;-0.55;-0.12;0.36;0.15;0.92;0.55;-0.18;-0.06;0.20;-0.07;1.02;12.50;-6.28;-4.88;0.28;-0.07;0.89;0.24;-0.12;0.79;-0.12;0.15;-0.98;0.37;0.30;-0.49;0.25;0.51;0.84;
-0.43;-0.91;-0.06;-0.46;0.20;-0.88;0.30;0.85;0.55;0.18;-0.33;-0.92;0.18;-0.24;-0.43;0.22;-0.64;0.78;0.55;-0.91;0.06;0.37;0.15;0.93;0.55;-0.55;0.24;0.19;-0.07;1.02;-9.82;9.39;15.85;0.22;-0.02;0.97;0.00;0.00;0.55;-0.12;0.15;-0.98;0.24;0.00;0.06;0.24;0.51;0.85;
0.06;0.43;-0.18;-0.45;0.20;-0.86;0.24;0.00;-0.18;0.18;-0.33;-0.92;-0.55;-0.55;-1.10;0.22;-0.65;0.77;0.67;-0.30;-0.06;0.36;0.15;0.93;0.30;-0.73;0.24;0.20;-0.06;1.02;10.79;-16.46;-0.24;0.31;0.17;0.81;0.43;0.00;-0.06;-0.12;0.15;-0.98;0.37;-0.18;-0.55;0.23;0.51;0.83;
-0.61;0.55;-0.49;-0.46;0.20;-0.86;1.04;1.22;0.55;0.18;-0.33;-0.92;1.04;-0.67;-1.22;0.22;-0.64;0.78;0.55;-0.37;0.67;0.36;0.15;0.94;0.73;-0.37;0.18;0.20;-0.07;1.03;-27.13;-10.91;4.15;0.13;-0.08;0.99;0.43;-0.12;-0.30;-0.12;0.16;-0.98;0.49;0.12;-0.18;0.24;0.52;0.84;
-0.43;-0.30;0.06;-0.45;0.20;-0.85;0.85;0.06;-0.12;0.17;-0.32;-0.92;-0.24;-0.37;-1.10;0.22;-0.65;0.79;0.79;-0.12;-0.12;0.36;0.15;0.93;0.06;-0.06;0.06;0.19;-0.07;1.02;12.01;35.12;7.62;0.27;-0.07;0.97;-0.49;-0.06;-0.18;-0.12;0.16;-0.98;0.00;-0.12;-0.12;0.25;0.51;0.84;
-0.12;0.12;0.18;-0.45;0.20;-0.86;-0.30;0.18;0.12;0.18;-0.32;-0.93;-0.24;-0.49;-1.10;0.21;-0.64;0.78;0.37;-0.79;0.61;0.37;0.15;0.92;0.12;-0.24;0.61;0.20;-0.07;1.01;18.84;-24.39;-11.28;0.31;-0.02;0.91;0.67;0.12;0.24;-0.12;0.15;-0.98;0.49;0.24;-0.55;0.24;0.51;0.84;
-0.24;0.06;-0.06;-0.44;0.19;-0.86;2.44;-0.30;0.73;0.18;-0.32;-0.91;-0.67;-0.85;-1.65;0.21;-0.64;0.77;0.37;-0.30;0.37;0.37;0.15;0.91;0.18;-0.30;0.06;0.19;-0.07;1.02;-8.66;10.73;11.59;0.19;-0.08;0.96;0.37;0.30;0.18;-0.12;0.15;-0.97;0.49;0.43;-0.61;0.24;0.52;0.84;
-0.06;0.06;0.43;-0.46;0.19;-0.87;0.00;0.30;0.18;0.18;-0.33;-0.92;-0.06;-0.49;-1.34;0.23;-0.65;0.77;0.30;-0.24;0.00;0.36;0.15;0.93;0.12;-0.49;0.18;0.19;-0.07;1.02;-1.77;26.95;6.77;0.27;-0.08;0.88;0.43;0.12;0.06;-0.12;0.15;-0.98;0.06;0.30;-0.67;0.25;0.52;0.84;
0.00;-0.55;-0.06;-0.45;0.20;-0.87;0.67;0.37;-0.18;0.17;-0.33;-0.92;-0.24;-0.37;-0.18;0.22;-0.64;0.78;0.12;-0.24;0.24;0.36;0.15;0.92;0.79;0.06;0.55;0.19;-0.08;1.03;-4.70;-25.43;-9.27;0.23;-0.09;1.02;-0.18;-0.06;0.00;-0.12;0.15;-0.98;-0.06;0.00;-0.73;0.25;0.51;0.84;
0.00;0.37;-0.12;-0.47;0.19;-0.86;0.43;0.30;0.91;0.18;-0.32;-0.93;0.30;-1.16;-0.73;0.22;-0.63;0.77;0.85;-0.61;0.18;0.36;0.15;0.92;0.18;-0.37;0.18;0.19;-0.07;1.03;-2.26;33.35;6.34;0.30;-0.15;1.04;-0.18;0.30;-0.55;-0.12;0.15;-0.98;0.12;0.00;-0.18;0.24;0.51;0.83;
-0.73;-1.04;0.00;-0.46;0.20;-0.85;0.12;0.49;0.18;0.19;-0.33;-0.92;0.12;-0.24;-1.59;0.22;-0.64;0.78;0.61;-0.43;0.06;0.36;0.15;0.92;0.73;-0.30;0.61;0.19;-0.07;1.03;-9.94;-22.99;-11.10;0.20;-0.13;1.04;0.24;0.30;0.06;-0.12;0.15;-0.98;0.61;0.24;-0.12;0.24;0.51;0.84;
-0.55;-0.37;0.30;-0.45;0.20;-0.86;-0.12;0.24;0.06;0.19;-0.33;-0.93;0.30;-0.30;-1.52;0.22;-0.64;0.77;0.00;-0.61;0.12;0.36;0.16;0.92;0.12;-0.73;0.55;0.19;-0.06;1.02;-19.39;22.87;22.26;0.31;-0.22;0.99;0.43;-0.12;0.00;-0.12;0.15;-0.98;0.18;-0.12;-0.73;0.24;0.52;0.84;
0.18;0.37;-0.12;-0.45;0.20;-0.86;0.00;-0.18;-0.06;0.18;-0.34;-0.93;-0.12;-0.61;-0.55;0.23;-0.64;0.77;-0.12;-0.49;0.49;0.36;0.15;0.93;0.12;-0.37;0.85;0.20;-0.06;1.01;1.77;-3.17;-0.30;0.25;-0.10;0.98;0.37;0.12;0.12;-0.13;0.15;-0.98;0.24;0.00;-0.55;0.24;0.52;0.85;
-0.55;0.06;0.06;-0.46;0.20;-0.85;-0.49;0.79;-0.18;0.17;-0.34;-0.94;-1.16;0.30;-0.55;0.22;-0.65;0.77;0.37;1.10;0.12;0.37;0.15;0.91;-0.30;6.89;1.71;0.21;0.01;1.06;4.02;-0.12;0.73;0.23;-0.09;0.97;-3.29;-22.01;-3.48;-0.20;0.05;-0.97;6.34;1.52;-3.72;0.23;0.53;0.84;
-0.43;-0.18;-0.06;-0.45;0.20;-0.86;0.37;0.61;0.43;0.17;-0.33;-0.93;-0.06;-0.67;-0.91;0.22;-0.64;0.78;0.43;0.06;0.00;0.35;0.16;0.93;0.73;-1.22;0.61;0.16;0.02;1.08;1.28;-1.16;1.59;0.23;-0.10;1.00;0.12;-0.55;1.28;-0.23;0.03;-0.97;-8.29;-17.38;3.05;0.13;0.62;0.76;
-0.37;-1.28;0.55;-0.45;0.19;-0.86;0.43;0.00;-0.24;0.18;-0.33;-0.92;0.30;-0.49;0.00;0.21;-0.64;0.78;0.49;-0.43;0.12;0.36;0.16;0.92;0.24;9.27;0.37;0.13;-0.01;1.05;1.59;-0.43;0.06;0.24;-0.09;0.99;1.52;4.02;4.51;-0.22;0.09;-0.97;1.10;0.30;-0.55;0.23;0.54;0.83;
0.00;-0.18;0.06;-0.45;0.19;-0.86;0.73;0.00;0.43;0.18;-0.33;-0.93;0.49;-0.24;-1.34;0.21;-0.64;0.78;0.30;-0.98;-0.12;0.36;0.16;0.93;0.98;0.61;0.49;0.12;-0.00;1.04;0.30;0.91;1.34;0.24;-0.09;0.97;0.85;1.71;1.04;-0.22;0.04;-0.97;-2.32;-1.10;1.22;0.24;0.52;0.85;
-0.06;-0.12;-0.55;-0.44;0.19;-0.87;0.55;0.12;-0.12;0.19;-0.33;-0.93;0.30;-0.12;-1.16;0.21;-0.64;0.78;0.30;-0.30;0.06;0.36;0.16;0.93;0.43;-0.49;0.18;0.11;-0.00;1.04;0.00;0.85;2.74;0.24;-0.09;0.98;0.24;-0.18;-0.37;-0.23;0.03;-0.96;1.22;0.43;-0.43;0.22;0.54;0.82;
-0.67;-0.49;0.06;-0.45;0.20;-0.86;0.06;-0.06;0.12;0.17;-0.33;-0.93;0.43;-0.37;-1.10;0.22;-0.64;0.77;0.30;-0.24;0.73;0.36;0.16;0.93;0.55;-0.49;0.12;0.11;-0.01;1.04;-1.04;-1.71;0.30;0.23;-0.11;0.98;0.06;-0.30;-2.01;-0.23;0.05;-0.97;1.77;0.43;-1.40;0.22;0.54;0.83;
-0.24;-0.24;-0.06;-0.45;0.19;-0.86;0.67;0.12;0.00;0.18;-0.33;-0.93;0.30;0.00;-0.85;0.22;-0.64;0.78;0.37;-0.24;0.18;0.36;0.16;0.93;0.43;-0.24;0.18;0.11;-0.00;1.04;-0.67;-0.18;0.85;0.25;-0.12;0.97;0.30;-0.06;0.55;-0.24;0.04;-0.97;-0.12;0.00;0.12;0.22;0.55;0.83;
-0.61;-0.79;0.12;-0.45;0.21;-0.86;0.49;0.55;0.61;0.18;-0.33;-0.93;0.30;-0.73;-0.91;0.21;-0.64;0.77;0.43;-0.73;0.00;0.36;0.16;0.91;0.37;0.00;0.49;0.11;-0.00;1.03;-0.85;1.40;2.68;0.24;-0.12;0.99;0.00;0.06;0.24;-0.23;0.04;-0.97;0.37;0.43;-0.55;0.22;0.55;0.82;
-0.98;-0.37;0.43;-0.45;0.20;-0.86;0.30;0.30;0.61;0.18;-0.33;-0.93;-0.91;-0.12;3.96;0.26;-0.68;0.74;-4.45;-3.84;1.28;0.38;0.11;1.03;0.24;1.04;0.73;0.17;-0.05;1.02;-2.62;2.26;0.98;0.22;-0.12;0.97;-1.77;2.68;0.67;-0.16;0.10;-0.98;-0.49;-0.18;0.12;0.24;0.52;0.83;
-0.24;-0.30;0.43;-0.45;0.20;-0.85;0.49;0.12;0.30;0.18;-0.33;-0.93;-0.06;-0.49;-0.79;0.21;-0.63;0.77;0.37;-0.55;0.85;0.36;0.16;0.92;0.06;-0.37;0.18;0.18;-0.06;1.03;10.61;3.54;3.96;0.32;-0.10;0.99;-0.55;0.73;0.06;-0.15;0.11;-0.98;0.18;0.00;-0.37;0.24;0.51;0.83;
-0.49;0.18;0.06;-0.45;0.20;-0.87;0.49;0.43;0.18;0.18;-0.33;-0.93;0.00;-0.24;-1.04;0.22;-0.64;0.78;0.43;0.18;-0.06;0.36;0.15;0.92;-0.18;-0.49;0.24;0.17;-0.06;1.02;-6.34;7.56;3.05;0.27;-0.06;0.99;-0.12;-0.06;0.24;-0.15;0.10;-0.97;0.18;-0.18;-0.49;0.23;0.51;0.84;
-0.30;-0.12;0.12;-0.46;0.20;-0.86;0.85;0.30;0.73;0.18;-0.32;-0.93;0.24;-0.55;-1.34;0.21;-0.64;0.78;0.43;-0.12;-0.18;0.37;0.16;0.91;0.30;-0.43;0.30;0.18;-0.07;1.02;-3.29;3.66;-1.59;0.26;-0.11;0.95;0.06;0.55;0.30;-0.14;0.11;-0.98;0.18;0.12;-0.43;0.24;0.52;0.84;
-0.49;0.00;0.24;-0.46;0.19;-0.87;0.85;0.49;0.00;0.18;-0.32;-0.93;0.43;-0.18;-0.98;0.21;-0.64;0.77;0.24;-0.43;0.24;0.37;0.16;0.91;0.12;-0.30;0.30;0.18;-0.06;1.02;1.40;-1.10;1.95;0.26;-0.07;0.98;0.00;-0.18;0.30;-0.15;0.12;-0.97;0.61;0.06;0.06;0.24;0.51;0.85;
-0.73;-0.37;0.61;-0.45;0.19;-0.86;0.55;0.30;-0.12;0.17;-0.33;-0.92;0.49;0.18;-0.91;0.22;-0.64;0.78;0.37;-0.49;0.30;0.36;0.15;0.92;0.24;-0.30;0.18;0.19;-0.07;1.03;-1.65;0.49;2.68;0.26;-0.07;0.98;0.00;-0.30;0.12;-0.15;0.12;-0.98;0.61;-0.12;0.00;0.25;0.51;0.84;
-0.55;-0.55;0.37;-0.46;0.19;-0.86;0.24;0.37;0.55;0.18;-0.33;-0.93;-0.43;0.06;-1.46;0.21;-0.64;0.77;0.49;-0.12;0.06;0.36;0.15;0.92;0.24;-0.67;0.18;0.17;-0.06;1.02;0.06;-0.06;1.10;0.26;-0.07;0.97;0.18;0.61;-0.06;-0.15;0.12;-0.98;0.30;0.00;-0.49;0.24;0.51;0.83;
-0.12;0.06;-0.24;-0.46;0.19;-0.86;0.06;0.06;0.43;0.18;-0.33;-0.93;0.24;-0.43;-1.46;0.22;-0.64;0.77;0.85;-0.18;-0.30;0.37;0.15;0.92;0.43;-0.37;0.30;0.18;-0.07;1.03;1.77;-3.48;-0.73;0.27;-0.09;0.97;-0.24;0.18;0.00;-0.14;0.12;-0.98;0.24;0.18;-0.43;0.25;0.51;0.84;
-0.61;-0.37;0.18;-0.45;0.19;-0.86;0.55;0.06;0.37;0.18;-0.33;-0.93;0.12;-0.61;-1.28;0.21;-0.64;0.78;0.12;0.12;-0.24;0.36;0.16;0.92;0.24;-0.55;0.18;0.18;-0.07;1.03;1.89;0.18;2.38;0.29;-0.07;0.99;0.67;0.24;0.00;-0.14;0.12;-0.98;0.24;-0.06;-0.24;0.25;0.51;0.84;
-0.37;-0.06;0.06;-0.46;0.19;-0.85;0.24;0.30;0.37;0.17;-0.33;-0.93;0.18;-0.43;-0.98;0.22;-0.64;0.78;0.30;-0.55;0.12;0.36;0.16;0.92;-0.30;-0.49;0.06;0.17;-0.06;1.02;-4.82;1.16;5.24;0.31;-0.06;0.95;-0.06;0.18;0.06;-0.14;0.12;-0.99;0.43;0.06;-0.49;0.23;0.51;0.84;
-0.12;0.06;0.30;-0.45;0.19;-0.87;0.67;0.49;0.55;0.18;-0.33;-0.92;0.24;-0.67;-0.49;0.21;-0.63;0.77;0.61;-0.49;0.18;0.36;0.16;0.92;0.18;-0.24;0.12;0.19;-0.06;1.03;1.10;-0.37;1.04;0.26;-0.07;0.97;0.30;0.00;-0.18;-0.14;0.13;-0.98;0.00;0.06;-0.43;0.24;0.52;0.84;
-0.73;0.12;0.18;-0.45;0.19;-0.86;0.49;-0.18;0.43;0.18;-0.33;-0.92;0.18;-0.24;-1.22;0.21;-0.64;0.77;0.55;-0.37;0.18;0.37;0.16;0.92;0.61;-0.43;0.12;0.17;-0.07;1.02;0.55;2.20;2.26;0.27;-0.07;0.97;-0.30;-0.24;0.12;-0.14;0.14;-0.98;-0.06;-0.18;-0.49;0.24;0.51;0.84;
-0.30;-0.06;-0.06;-0.47;0.19;-0.86;0.18;0.43;0.24;0.17;-0.33;-0.92;-0.06;-0.61;-0.79;0.21;-0.64;0.77;0.43;-0.67;0.12;0.36;0.16;0.92;0.00;-0.12;0.37;0.18;-0.07;1.02;0.00;-2.80;-2.07;0.22;-0.08;0.99;-0.12;0.06;-0.37;-0.14;0.13;-0.98;0.30;0.00;-0.49;0.24;0.51;0.83;
-0.49;0.24;0.43;-0.45;0.20;-0.85;0.24;0.06;0.18;0.17;-0.33;-0.92;0.18;-0.30;-1.40;0.20;-0.64;0.77;0.37;-0.49;0.12;0.36;0.14;0.93;0.43;-0.30;-0.12;0.18;-0.06;1.03;-5.55;8.29;7.80;0.27;-0.09;0.99;-0.30;0.12;-0.06;-0.14;0.13;-0.98;0.55;0.00;-0.18;0.24;0.51;0.83;
-0.30;-0.24;0.37;-0.45;0.19;-0.86;0.61;0.49;0.06;0.18;-0.33;-0.92;-0.06;-0.91;-0.49;0.21;-0.64;0.78;0.61;-0.55;0.55;0.37;0.15;0.93;0.37;0.00;0.55;0.18;-0.07;1.02;1.40;3.41;3.60;0.27;-0.08;0.90;0.24;0.12;0.12;-0.15;0.13;-0.97;0.79;0.06;-0.06;0.24;0.52;0.84;
-0.18;-0.24;-0.12;-0.45;0.19;-0.86;0.24;0.12;0.37;0.18;-0.33;-0.93;0.00;-0.24;-1.46;0.22;-0.64;0.77;0.24;-0.49;0.00;0.36;0.15;0.93;-0.12;0.00;0.43;0.18;-0.06;1.02;5.43;-6.89;-3.78;0.34;-0.09;1.09;0.18;-0.12;0.00;-0.13;0.12;-0.98;0.73;-0.18;-0.30;0.24;0.50;0.83;
0.12;-0.55;-0.18;-0.46;0.19;-0.86;0.79;0.06;0.12;0.18;-0.33;-0.92;-0.30;-0.49;-1.16;0.21;-0.64;0.78;0.73;-0.18;-0.24;0.36;0.16;0.92;0.37;-0.24;0.49;0.18;-0.07;1.02;-6.83;8.29;7.20;0.27;-0.08;0.99;0.06;0.24;-0.06;-0.13;0.12;-0.98;0.85;-0.06;-0.73;0.25;0.51;0.84;
-0.61;-0.24;0.00;-0.45;0.19;-0.86;0.49;0.61;0.18;0.17;-0.33;-0.92;0.49;-0.73;-1.04;0.21;-0.64;0.78;0.79;-0.24;0.30;0.36;0.15;0.92;0.30;0.00;0.18;0.18;-0.08;1.02;-1.28;1.10;1.77;0.26;-0.08;0.98;0.24;-0.43;0.00;-0.14;0.13;-0.98;0.18;-0.12;-0.61;0.25;0.51;0.85;
-0.79;-0.67;-0.12;-0.45;0.19;-0.87;0.12;0.30;0.00;0.18;-0.33;-0.92;-0.12;-0.61;-0.61;0.21;-0.64;0.77;0.30;-0.55;0.55;0.37;0.16;0.92;-0.06;-0.18;0.12;0.18;-0.06;1.03;-0.91;1.04;1.77;0.26;-0.08;0.98;0.12;0.12;-0.49;-0.14;0.13;-0.98;0.61;-0.24;-0.18;0.24;0.51;0.84;
-0.61;-0.12;0.00;-0.45;0.19;-0.86;0.24;-0.12;0.24;0.18;-0.33;-0.92;0.24;-0.49;-0.79;0.21;-0.63;0.78;0.55;-0.43;0.49;0.36;0.16;0.92;-0.12;-0.49;0.55;0.19;-0.07;1.03;2.50;-1.65;1.04;0.27;-0.09;0.98;0.30;-0.55;-0.18;-0.14;0.13;-0.99;0.30;0.06;-0.24;0.24;0.52;0.83;
-0.55;-0.43;0.24;-0.46;0.19;-0.85;0.12;0.06;0.18;0.17;-0.33;-0.93;0.37;-0.24;-0.61;0.21;-0.63;0.77;0.85;-0.55;0.43;0.37;0.15;0.92;0.37;-0.43;0.37;0.18;-0.07;1.02;-1.40;1.28;2.26;0.26;-0.08;0.97;0.18;0.37;-0.37;-0.14;0.12;-0.99;0.18;-0.06;-0.61;0.25;0.52;0.84;
-0.30;0.00;0.00;-0.45;0.19;-0.86;0.55;0.30;0.37;0.17;-0.33;-0.93;0.00;-0.55;-1.16;0.21;-0.63;0.77;0.18;-0.37;-0.49;0.36;0.16;0.93;0.67;-0.30;0.43;0.18;-0.07;1.03;-0.55;0.98;1.77;0.27;-0.07;0.98;-0.06;-0.06;0.18;-0.14;0.13;-0.98;0.30;0.30;-0.49;0.24;0.50;0.84;
-0.12;0.00;-0.43;-0.45;0.20;-0.87;-0.06;0.06;0.43;0.18;-0.33;-0.92;0.18;-0.91;-1.40;0.21;-0.64;0.78;0.49;-0.55;0.18;0.36;0.16;0.93;0.49;-0.43;0.49;0.18;-0.07;1.02;-1.46;2.20;2.99;0.26;-0.07;0.98;-0.24;-0.30;0.06;-0.14;0.13;-0.98;0.06;0.06;-0.49;0.23;0.51;0.84;
-0.55;0.43;0.00;-0.46;0.19;-0.86;0.18;0.12;0.18;0.18;-0.34;-0.93;-0.61;0.49;-0.85;0.21;-0.63;0.77;0.49;-0.55;0.00;0.36;0.15;0.92;0.37;-0.06;0.61;0.18;-0.06;1.02;1.83;-0.37;0.79;0.26;-0.08;0.98;-0.37;0.37;-0.06;-0.14;0.13;-0.98;0.18;0.06;-0.43;0.25;0.51;0.83;
-0.55;0.24;0.18;-0.45;0.19;-0.86;0.43;-0.37;-0.06;0.19;-0.33;-0.93;0.37;-0.30;-0.91;0.21;-0.65;0.78;0.06;0.12;0.24;0.37;0.16;0.92;-0.06;-0.24;0.30;0.18;-0.07;1.03;0.00;2.80;3.84;0.27;-0.08;0.98;-0.18;0.24;0.55;-0.14;0.13;-0.98;0.24;0.00;-0.30;0.24;0.51;0.84;
-0.18;-0.06;0.18;-0.45;0.19;-0.86;0.55;0.00;0.18;0.18;-0.33;-0.92;0.24;-0.55;-0.67;0.21;-0.64;0.76;0.37;-0.79;0.30;0.36;0.15;0.92;0.30;-0.12;-0.06;0.18;-0.07;1.02;-0.55;1.52;2.01;0.26;-0.08;0.96;-0.18;0.18;0.37;-0.14;0.13;-0.97;0.43;0.06;-0.55;0.24;0.51;0.84;
-0.43;-0.67;0.30;-0.46;0.19;-0.86;0.67;0.49;0.49;0.17;-0.33;-0.92;-0.12;0.00;-1.28;0.21;-0.64;0.77;0.49;-0.49;0.24;0.36;0.15;0.92;0.12;-0.18;0.43;0.18;-0.06;1.02;1.34;-1.89;-0.43;0.28;-0.07;0.98;0.24;0.24;-0.30;-0.14;0.13;-0.98;0.67;-0.12;-0.43;0.24;0.51;0.85;
-0.73;-0.18;0.30;-0.46;0.19;-0.87;0.18;-0.06;-0.24;0.18;-0.33;-0.92;0.00;-0.30;-1.59;0.21;-0.64;0.77;0.49;-0.37;0.12;0.36;0.15;0.92;0.24;-0.55;0.30;0.19;-0.07;1.02;0.73;1.46;0.55;0.27;-0.07;0.98;0.37;0.30;0.00;-0.14;0.13;-0.98;0.12;-0.18;-0.67;0.25;0.52;0.84;
0.24;-0.43;-0.24;-0.45;0.19;-0.86;0.30;0.37;-0.18;0.18;-0.33;-0.93;-0.49;-0.49;-0.67;0.22;-0.64;0.78;0.43;-0.06;-0.37;0.37;0.16;0.92;0.00;-0.67;0.12;0.17;-0.07;1.02;0.18;-0.49;0.24;0.26;-0.07;0.98;0.24;0.06;0.00;-0.14;0.12;-0.98;0.30;-0.12;-0.24;0.24;0.51;0.84;
-0.43;-0.18;0.30;-0.46;0.19;-0.86;0.49;0.12;0.18;0.17;-0.34;-0.93;0.18;-0.61;-0.98;0.22;-0.64;0.78;0.18;-0.49;0.00;0.36;0.16;0.92;0.55;-0.24;0.37;0.18;-0.06;1.02;-0.73;0.61;2.20;0.26;-0.07;0.97;-0.43;0.18;-0.06;-0.14;0.12;-0.98;0.67;0.18;-0.49;0.24;0.51;0.84;
-0.06;-0.18;0.24;-0.46;0.19;-0.86;0.43;0.06;0.24;0.17;-0.33;-0.93;0.12;-0.49;-0.73;0.21;-0.64;0.77;0.37;-0.43;0.18;0.36;0.15;0.91;0.12;-0.12;0.06;0.19;-0.07;1.03;1.65;-0.85;0.79;0.28;-0.06;0.98;0.24;0.00;-0.30;-0.14;0.13;-0.98;0.49;-0.12;-1.04;0.24;0.51;0.83;
-0.18;0.12;0.73;-0.45;0.19;-0.86;0.55;-0.12;-0.12;0.17;-0.32;-0.92;0.18;-0.79;-0.61;0.22;-0.64;0.78;0.55;-0.55;0.24;0.37;0.16;0.92;0.43;0.00;0.12;0.19;-0.07;1.02;1.95;-1.52;-1.04;0.26;-0.06;0.97;-0.30;-0.37;0.06;-0.14;0.13;-0.97;0.24;0.18;-0.79;0.25;0.51;0.84;
0.37;-0.37;-0.24;-0.45;0.19;-0.86;0.85;0.61;0.06;0.17;-0.33;-0.93;-0.18;0.06;-1.52;0.22;-0.64;0.77;0.61;-0.30;-0.18;0.36;0.16;0.92;0.91;-0.73;0.49;0.18;-0.08;1.02;-17.68;17.87;15.55;0.26;-0.12;0.95;-0.43;0.49;0.24;-0.13;0.13;-0.98;0.24;0.06;-0.67;0.24;0.52;0.85;
-0.06;0.00;0.37;-0.45;0.20;-0.87;0.30;0.30;0.30;0.18;-0.33;-0.93;0.49;-0.49;-1.16;0.22;-0.63;0.78;0.37;-0.49;-0.06;0.36;0.16;0.93;0.06;-0.61;0.12;0.19;-0.07;1.03;17.74;7.01;-21.71;0.39;0.06;0.93;0.24;0.06;0.24;-0.14;0.12;-0.97;1.10;-0.55;-0.61;0.25;0.51;0.84;
-0.79;-0.37;-0.18;-0.45;0.19;-0.86;0.37;-0.12;-0.24;0.18;-0.32;-0.92;0.30;-0.79;-1.52;0.21;-0.65;0.76;0.55;-0.98;0.43;0.36;0.15;0.93;0.30;-0.37;0.18;0.18;-0.07;1.03;13.84;-45.49;-13.72;0.24;-0.09;1.00;0.24;-0.12;0.18;-0.14;0.13;-0.97;0.55;0.00;-0.55;0.24;0.52;0.84;
-0.55;-0.24;0.18;-0.46;0.19;-0.87;0.49;0.37;-0.18;0.18;-0.33;-0.92;0.24;-0.18;-1.22;0.21;-0.64;0.78;0.24;-0.06;-0.30;0.36;0.16;0.92;0.30;-0.30;0.37;0.18;-0.07;1.02;5.91;5.73;2.50;0.25;-0.09;1.09;0.85;0.55;0.12;-0.14;0.13;-0.98;0.30;0.30;-0.30;0.24;0.51;0.84;
-0.55;0.00;0.18;-0.46;0.20;-0.87;0.24;0.06;-0.06;0.18;-0.33;-0.93;-0.06;-0.30;-0.91;0.22;-0.64;0.78;0.37;-0.61;-0.06;0.37;0.15;0.92;-0.06;0.00;0.37;0.19;-0.07;1.02;-22.68;29.27;19.15;0.27;-0.29;0.92;0.30;-0.37;-0.06;-0.14;0.13;-0.98;0.37;0.12;-0.24;0.24;0.51;0.84;
-0.24;0.18;0.12;-0.46;0.20;-0.86;0.37;0.24;-0.06;0.18;-0.33;-0.93;-0.24;-0.06;-0.98;0.22;-0.63;0.78;0.30;-0.61;-0.12;0.36;0.16;0.92;0.12;-0.67;0.73;0.18;-0.07;1.03;25.00;-19.33;-2.62;0.35;-0.01;1.01;-0.24;0.00;0.12;-0.13;0.13;-0.98;0.49;0.00;-0.06;0.25;0.50;0.83;
-0.55;-0.43;0.12;-0.45;0.19;-0.87;0.55;0.06;0.12;0.18;-0.34;-0.93;0.61;-0.73;-1.10;0.21;-0.64;0.78;0.43;-0.49;0.12;0.36;0.16;0.92;-0.12;-0.30;0.00;0.17;-0.07;1.03;-21.59;18.90;22.13;0.18;-0.04;0.87;-0.12;0.00;-0.06;-0.13;0.13;-0.98;0.43;0.24;-0.24;0.24;0.50;0.85;
-0.43;0.00;0.43;-0.46;0.19;-0.88;0.43;0.43;0.12;0.18;-0.33;-0.93;0.30;-0.12;-0.73;0.21;-0.63;0.78;0.30;-0.18;0.06;0.36;0.16;0.92;0.12;-0.67;0.37;0.19;-0.07;1.03;32.74;26.77;-38.72;0.45;-0.09;1.05;0.24;0.24;-0.06;-0.14;0.13;-0.97;-0.18;0.24;-0.49;0.25;0.51;0.84;
-0.24;-1.04;-0.18;-0.46;0.19;-0.85;0.30;0.06;0.24;0.18;-0.33;-0.93;0.12;-0.37;-0.98;0.22;-0.64;0.78;0.49;-0.73;0.24;0.36;0.16;0.92;0.49;-0.79;0.61;0.19;-0.07;1.03;-19.51;-18.11;6.52;0.23;-0.10;1.02;0.49;0.30;0.06;-0.14;0.13;-0.98;0.43;-0.12;-0.43;0.24;0.51;0.83;
-0.12;-0.67;0.24;-0.45;0.20;-0.86;0.49;0.18;0.06;0.17;-0.33;-0.92;0.24;-0.43;-1.16;0.22;-0.64;0.77;0.49;-0.12;-0.12;0.37;0.15;0.93;0.18;-0.24;0.67;0.18;-0.07;1.03;-40.55;53.66;3.48;0.31;-0.08;0.97;0.24;-0.37;-0.18;-0.13;0.13;-0.98;0.24;0.18;-1.04;0.24;0.50;0.84;
-0.12;-0.30;-0.06;-0.45;0.19;-0.86;0.67;0.24;0.18;0.18;-0.32;-0.92;0.55;-0.73;-0.91;0.22;-0.64;0.77;0.24;-0.67;0.24;0.37;0.16;0.93;-0.30;-0.30;0.06;0.19;-0.07;1.02;-5.85;-35.55;-6.71;0.27;-0.03;1.04;-0.18;0.00;-0.06;-0.14;0.12;-0.97;0.18;0.06;-0.30;0.24;0.50;0.84;
-0.18;-0.43;-0.12;-0.46;0.19;-0.87;0.67;0.61;0.43;0.18;-0.33;-0.93;0.37;-0.24;-1.46;0.22;-0.64;0.77;0.24;-0.61;0.06;0.36;0.15;0.92;0.00;-0.06;0.43;0.18;-0.06;1.02;-6.52;8.90;7.32;0.25;-0.08;0.95;0.06;-0.12;-0.30;-0.14;0.13;-0.97;0.67;0.55;-0.18;0.24;0.51;0.84;
-0.55;-0.49;-0.43;-0.45;0.19;-0.86;0.73;-0.06;0.37;0.18;-0.33;-0.93;0.00;-0.12;-1.34;0.21;-0.64;0.77;0.24;-0.43;0.12;0.36;0.16;0.93;0.43;-0.37;0.30;0.18;-0.07;1.03;1.52;-0.37;-0.30;0.27;-0.07;0.97;0.06;0.55;-0.43;-0.13;0.13;-0.99;0.00;-0.24;-0.67;0.25;0.51;0.84;
-0.73;-0.24;-0.12;-0.46;0.19;-0.86;0.67;0.18;0.18;0.18;-0.33;-0.92;-0.30;-0.49;-0.67;0.21;-0.64;0.77;-0.06;-0.49;-0.06;0.36;0.16;0.93;0.37;-0.49;0.00;0.18;-0.07;1.03;0.73;2.38;1.10;0.24;-0.11;0.93;0.24;0.00;0.00;-0.13;0.13;-0.98;0.24;-0.12;-0.30;0.25;0.51;0.83;
0.06;0.18;0.00;-0.45;0.20;-0.86;0.61;-0.18;-0.18;0.18;-0.32;-0.92;0.37;-0.30;-1.28;0.21;-0.64;0.78;0.49;-0.12;-0.12;0.36;0.16;0.92;0.24;-0.37;0.55;0.18;-0.08;1.03;-1.34;-12.32;-5.37;0.23;-0.10;1.02;0.30;0.12;0.18;-0.14;0.13;-0.98;0.30;0.55;-0.43;0.24;0.51;0.83;
-0.06;-0.49;-0.30;-0.46;0.19;-0.86;0.37;0.12;-0.06;0.18;-0.33;-0.93;-0.12;-0.12;-0.79;0.22;-0.64;0.77;-0.12;-0.24;0.30;0.37;0.16;0.93;0.18;-0.67;0.18;0.19;-0.07;1.02;-0.98;2.01;2.74;0.25;-0.08;0.96;0.00;-0.06;-0.18;-0.14;0.13;-0.98;0.30;-0.24;-0.61;0.24;0.51;0.84;
-0.18;0.18;0.18;-0.45;0.19;-0.86;0.24;0.43;0.30;0.18;-0.33;-0.92;0.06;-0.37;-1.04;0.22;-0.64;0.77;0.18;-0.61;0.55;0.36;0.16;0.92;0.18;-0.18;0.49;0.18;-0.06;1.02;2.20;-0.85;0.06;0.27;-0.07;0.97;0.30;-0.37;-0.12;-0.13;0.13;-0.98;0.67;0.06;-0.73;0.25;0.51;0.84;
-0.18;0.06;0.18;-0.46;0.19;-0.86;0.06;0.43;0.12;0.18;-0.33;-0.92;-0.30;-0.55;-0.85;0.21;-0.64;0.78;0.18;-0.55;0.18;0.37;0.15;0.91;0.73;-0.37;0.61;0.18;-0.07;1.02;-1.89;0.91;2.50;0.27;-0.07;0.99;0.67;-0.30;-0.06;-0.13;0.14;-0.98;1.52;0.43;-1.34;0.24;0.51;0.82;
-0.06;0.00;-0.12;-0.45;0.19;-0.87;-0.18;0.06;0.18;0.17;-0.33;-0.92;-0.43;-0.37;-0.91;0.21;-0.63;0.78;1.16;-0.67;0.12;0.37;0.15;0.93;0.24;-0.37;0.61;0.19;-0.06;1.02;3.78;-1.65;-0.37;0.28;-0.06;0.98;0.24;0.30;0.12;-0.13;0.12;-0.98;0.55;0.18;-0.43;0.24;0.51;0.83;
-0.73;-0.12;0.49;-0.45;0.20;-0.86;3.05;-0.30;0.67;0.19;-0.33;-0.94;1.22;-2.07;-1.16;0.21;-0.63;0.75;0.61;1.10;0.12;0.37;0.16;0.92;0.55;-0.73;0.55;0.18;-0.07;1.03;2.62;3.66;1.83;0.25;-0.08;0.97;0.06;-0.06;-0.61;-0.14;0.13;-0.99;0.91;0.49;-0.49;0.23;0.51;0.84;
0.37;-0.30;0.18;-0.46;0.18;-0.86;0.49;-0.12;0.24;0.18;-0.33;-0.93;0.00;-0.61;-0.67;0.22;-0.64;0.77;0.30;-0.30;-0.49;0.36;0.15;0.93;0.12;-0.67;0.49;0.18;-0.07;1.03;-0.49;0.49;1.10;0.26;-0.07;0.96;0.06;-0.06;0.30;-0.14;0.12;-0.98;0.24;0.12;-0.55;0.24;0.51;0.84;
