0.43;-0.49;-0.12;0.68;0.64;0.43;0.43;0.06;0.24;0.56;0.54;-0.57;0.61;-0.91;-1.40;-0.29;0.33;-0.86;0.61;-0.61;0.37;0.12;-0.97;-0.28;-0.73;1.77;-0.24;0.16;-0.05;1.03;1.28;0.24;0.73;0.85;0.49;0.20;-0.24;0.12;0.12;-0.02;0.51;-0.86;
-3.90;-0.91;-0.06;0.70;0.63;0.43;0.30;-0.61;-0.55;0.56;0.55;-0.59;-0.79;-1.10;-1.95;-0.29;0.34;-0.86;0.37;0.79;-0.43;0.14;-0.97;-0.28;0.06;-0.24;0.18;0.15;-0.05;1.03;1.59;0.98;0.98;0.84;0.50;0.21;0.37;-0.12;-0.37;-0.02;0.51;-0.87;
1.46;1.22;-0.06;0.69;0.63;0.43;0.30;0.12;0.06;0.55;0.55;-0.58;1.04;-0.61;-0.67;-0.29;0.34;-0.87;0.06;-0.91;0.00;0.13;-0.96;-0.25;29.70;-14.82;-3.84;0.16;-0.09;0.96;-0.49;0.98;1.22;0.85;0.50;0.19;-3.41;2.68;0.06;-0.01;0.52;-0.84;
-0.12;1.46;0.49;0.67;0.64;0.42;0.85;0.30;0.67;0.56;0.55;-0.58;0.73;-0.30;-0.67;-0.30;0.32;-0.87;-0.06;-2.32;1.16;0.14;-0.96;-0.27;0.79;-0.49;0.00;0.15;-0.06;1.04;-0.49;0.37;1.28;0.85;0.50;0.21;0.73;-0.67;-0.37;-0.02;0.52;-0.86;
0.79;1.10;0.30;0.68;0.63;0.44;0.49;0.85;-0.18;0.56;0.54;-0.58;-1.28;-0.12;-0.67;-0.30;0.33;-0.88;0.98;-1.16;0.12;0.14;-0.96;-0.27;1.22;-1.16;0.12;0.15;-0.06;1.04;-1.34;0.98;1.71;0.85;0.51;0.20;0.85;-0.55;-0.24;-0.02;0.51;-0.86;5.79;1.77;-3.35;0.22;0.50;0.86;
-3.29;-2.07;-0.06;0.67;0.63;0.44;-0.85;-0.30;-0.37;0.55;0.54;-0.59;-2.38;0.12;-1.46;-0.30;0.33;-0.88;-1.10;2.01;1.77;0.12;-0.97;-0.27;-0.37;-0.06;0.79;0.16;-0.05;1.04;-0.06;1.22;1.46;0.84;0.51;0.18;-2.01;2.38;0.55;-0.01;0.48;-0.89;
-0.73;1.10;-0.55;0.69;0.61;0.43;-1.89;0.06;0.49;0.56;0.55;-0.58;-0.67;-0.43;-0.85;-0.30;0.31;-0.87;2.44;-2.13;-1.52;0.14;-0.97;-0.27;0.91;-0.79;0.00;0.15;-0.06;1.04;-0.79;1.34;2.50;0.84;0.49;0.21;1.52;-1.28;-0.37;-0.01;0.51;-0.87;
9.88;1.28;-0.30;0.67;0.65;0.42;2.26;0.43;1.95;0.56;0.55;-0.56;28.90;-6.34;-2.01;-0.30;0.31;-0.88;0.79;-4.02;-1.52;0.14;-0.95;-0.23;0.12;-0.30;0.06;0.15;-0.06;1.03;-5.61;-0.98;-0.61;0.86;0.49;0.20;-0.24;0.67;0.18;-0.02;0.50;-0.88;
-3.96;-0.18;0.18;0.67;0.67;0.38;-0.67;2.26;9.21;0.57;0.54;-0.58;4.70;0.79;2.01;-0.33;0.31;-0.91;1.16;-4.70;-4.39;0.14;-0.96;-0.30;-0.12;-0.18;0.30;0.16;-0.06;1.03;1.77;1.71;1.16;0.85;0.50;0.24;0.18;0.06;0.18;-0.02;0.51;-0.86;
-1.77;-2.50;0.98;0.65;0.68;0.39;0.12;0.37;-0.67;0.54;0.54;-0.58;-4.70;1.16;-0.12;-0.29;0.36;-0.86;-0.24;0.24;-0.98;0.14;-0.96;-0.30;0.37;-0.24;0.43;0.16;-0.07;1.03;1.04;0.61;2.01;0.84;0.51;0.20;0.30;0.24;0.43;-0.02;0.51;-0.86;
0.12;0.00;-0.61;0.67;0.67;0.42;0.79;0.55;0.85;0.56;0.55;-0.58;5.30;-4.15;-1.10;-0.28;0.35;-0.87;2.44;-3.11;1.52;0.16;-0.95;-0.29;0.18;0.12;0.37;0.15;-0.07;1.03;0.98;0.18;2.56;0.83;0.51;0.18;0.00;-0.06;-0.73;-0.02;0.51;-0.86;0.18;-0.06;-0.55;0.21;0.49;0.86;
9.27;0.79;0.30;0.64;0.68;0.39;-3.23;-4.21;-5.30;0.54;0.55;-0.59;5.55;0.30;-4.57;-0.26;0.34;-0.88;1.40;1.22;5.98;0.14;-0.95;-0.31;0.18;-0.12;0.18;0.15;-0.07;1.04;5.24;1.52;2.80;0.81;0.53;0.20;0.55;0.06;0.00;-0.02;0.51;-0.86;0.37;0.12;-0.43;0.22;0.49;0.85;
28.48;2.32;-3.54;0.71;0.81;0.78;-10.00;-12.13;1.65;0.56;0.54;-0.55;-11.22;2.44;4.21;-0.25;0.34;-0.87;-5.85;-1.16;3.11;0.14;-0.96;-0.30;-0.30;0.12;0.18;0.15;-0.06;1.04;-2.74;-2.44;-5.98;0.79;0.54;0.19;-0.18;0.24;0.30;-0.02;0.50;-0.86;0.24;0.43;-0.43;0.22;0.50;0.85;
-10.73;-0.73;-8.90;0.66;0.67;0.36;1.10;1.46;-0.91;0.57;0.56;-0.57;3.78;-0.61;-2.80;-0.30;0.37;-0.86;3.23;-0.91;-2.32;0.14;-0.96;-0.28;-0.06;-0.24;0.55;0.14;-0.07;1.04;-5.79;1.52;1.59;0.83;0.49;0.21;0.06;0.06;-0.49;-0.03;0.50;-0.87;
-0.91;0.85;0.12;0.66;0.68;0.39;0.06;0.00;-0.55;0.55;0.56;-0.57;2.80;-0.67;-1.89;-0.28;0.36;-0.87;-0.61;0.00;0.37;0.13;-0.96;-0.29;0.49;-0.18;0.30;0.15;-0.07;1.03;0.73;0.79;1.04;0.82;0.53;0.19;-0.18;-0.18;-0.06;-0.03;0.51;-0.87;
0.67;0.49;1.40;0.65;0.67;0.41;0.61;-0.43;0.30;0.54;0.56;-0.59;0.61;-0.91;0.06;-0.28;0.34;-0.87;-0.98;-0.98;0.73;0.14;-0.95;-0.30;-0.06;-0.37;0.85;0.15;-0.07;1.03;-1.46;-0.12;1.83;0.85;0.50;0.20;0.30;0.37;0.18;-0.02;0.50;-0.87;1.10;0.61;-0.61;0.21;0.50;0.86;
3.41;1.40;0.30;0.65;0.72;0.38;0.55;0.12;0.00;0.55;0.56;-0.59;-1.59;-0.30;-0.55;-0.27;0.35;-0.86;0.37;-0.12;-0.79;0.13;-0.95;-0.29;0.12;-0.18;0.06;0.15;-0.06;1.03;-0.98;0.55;2.26;0.83;0.49;0.20;0.06;0.79;-0.24;-0.02;0.50;-0.87;0.37;0.37;0.00;0.23;0.49;0.86;
0.18;0.37;1.89;0.64;0.69;0.39;0.37;-0.30;0.18;0.55;0.55;-0.58;-0.91;-0.12;0.06;-0.27;0.34;-0.87;-0.18;-0.30;-0.18;0.13;-0.95;-0.29;0.67;-0.67;0.37;0.16;-0.07;1.03;2.07;-0.12;0.49;0.83;0.50;0.21;-0.55;0.18;-0.06;-0.02;0.51;-0.87;
-4.15;-2.80;1.46;0.66;0.68;0.41;-0.55;0.43;1.59;0.54;0.57;-0.59;4.09;-0.85;-0.49;-0.28;0.36;-0.86;1.04;0.18;-0.91;0.13;-0.95;-0.30;0.18;-0.24;-0.24;0.15;-0.07;1.03;1.89;0.18;0.37;0.83;0.52;0.19;0.06;0.24;0.24;-0.02;0.51;-0.86;0.98;-0.12;-0.37;0.21;0.49;0.85;
1.22;-0.67;-1.16;0.67;0.67;0.40;0.61;0.24;0.06;0.55;0.56;-0.59;3.11;0.18;0.37;-0.27;0.34;-0.88;-0.49;-0.98;-0.67;0.14;-0.95;-0.30;0.12;-0.30;0.12;0.15;-0.07;1.03;-2.50;1.16;2.62;0.82;0.51;0.19;0.18;0.43;-0.06;-0.02;0.51;-0.86;0.18;0.06;0.06;0.22;0.50;0.85;
4.02;3.78;-0.30;0.65;0.67;0.40;-0.06;-0.24;0.30;0.55;0.56;-0.57;0.73;0.24;-0.06;-0.26;0.36;-0.87;2.13;-1.46;-1.28;0.12;-0.96;-0.32;0.30;-0.06;0.18;0.16;-0.07;1.04;-0.85;0.37;1.77;0.83;0.51;0.20;-0.12;0.67;-0.06;-0.01;0.51;-0.87;
0.61;0.55;-0.18;0.66;0.67;0.40;0.79;-0.37;0.06;0.54;0.56;-0.58;0.49;-0.85;-0.79;-0.26;0.35;-0.86;0.30;-0.43;0.00;0.12;-0.97;-0.30;0.24;-0.30;0.37;0.15;-0.07;1.03;-0.79;0.37;1.95;0.83;0.51;0.20;0.37;0.00;0.61;-0.02;0.51;-0.87;0.43;0.00;-0.37;0.22;0.49;0.86;
-1.34;-2.13;0.98;0.65;0.68;0.38;-0.37;0.43;0.12;0.54;0.56;-0.58;-1.77;0.06;-0.73;-0.27;0.36;-0.86;-1.77;1.40;0.18;0.12;-0.95;-0.31;-0.12;-0.18;0.37;0.15;-0.07;1.03;2.44;0.49;0.37;0.83;0.51;0.21;0.30;0.43;-0.43;-0.02;0.50;-0.86;
3.60;0.24;-0.37;0.66;0.67;0.41;0.79;0.49;0.43;0.53;0.55;-0.59;1.77;-0.91;-2.38;-0.25;0.36;-0.86;0.85;0.24;-0.43;0.13;-0.96;-0.30;0.61;-0.61;0.37;0.15;-0.06;1.03;0.55;1.34;1.10;0.83;0.51;0.20;0.37;-0.18;-0.12;-0.02;0.50;-0.87;0.18;0.06;-0.37;0.22;0.50;0.86;
3.23;1.59;-1.34;0.66;0.68;0.39;2.50;0.30;0.67;0.54;0.56;-0.57;-1.10;0.30;-0.12;-0.26;0.37;-0.87;0.30;-1.40;0.61;0.13;-0.96;-0.31;-0.18;-0.24;0.43;0.15;-0.07;1.04;-0.61;0.55;1.71;0.83;0.51;0.20;0.24;-0.06;0.00;-0.02;0.51;-0.86;
1.59;1.77;0.18;0.64;0.68;0.39;0.30;0.24;0.12;0.54;0.55;-0.58;0.73;-1.77;-1.10;-0.27;0.36;-0.86;0.55;-0.79;0.73;0.12;-0.95;-0.31;0.67;-0.55;0.12;0.15;-0.07;1.04;3.60;0.24;-1.46;0.83;0.52;0.22;-0.06;0.30;-0.37;-0.02;0.51;-0.86;0.37;0.37;-0.18;0.22;0.49;0.86;
5.12;1.28;1.04;0.65;0.74;0.37;0.12;0.24;0.37;0.54;0.55;-0.58;-0.43;-0.37;-1.34;-0.26;0.36;-0.87;0.30;-0.61;0.18;0.12;-0.95;-0.30;0.79;-0.43;0.37;0.15;-0.07;1.04;0.24;0.79;1.16;0.83;0.50;0.21;-0.24;0.18;0.24;-0.02;0.50;-0.87;0.43;0.43;-0.67;0.22;0.49;0.85;
-0.67;-0.67;2.32;0.65;0.68;0.39;-0.91;0.85;-0.24;0.55;0.56;-0.58;0.12;-0.43;-1.16;-0.25;0.38;-0.87;-0.12;2.26;-0.12;0.12;-0.96;-0.33;0.79;0.12;0.24;0.15;-0.07;1.03;3.60;0.43;-0.85;0.83;0.51;0.20;0.24;-0.24;0.61;-0.01;0.51;-0.87;
1.34;1.10;-0.55;0.65;0.67;0.39;0.98;0.43;0.00;0.54;0.57;-0.58;1.16;-1.16;-0.98;-0.26;0.36;-0.88;0.06;-0.91;0.49;0.13;-0.96;-0.31;0.67;-0.43;0.06;0.15;-0.07;1.03;-0.37;0.55;1.59;0.83;0.52;0.19;0.30;0.06;0.00;-0.02;0.50;-0.87;0.43;0.24;-0.43;0.22;0.50;0.86;
2.13;2.50;-0.79;0.64;0.69;0.39;1.46;0.06;0.61;0.54;0.56;-0.58;-0.91;-0.18;-1.46;-0.26;0.35;-0.87;-0.37;-0.91;0.73;0.12;-0.96;-0.31;0.18;-0.24;0.12;0.15;-0.07;1.03;0.06;0.61;1.16;0.84;0.51;0.19;0.06;-0.12;-0.06;-0.01;0.50;-0.86;
1.95;0.24;0.37;0.64;0.71;0.39;0.24;0.24;-0.06;0.54;0.55;-0.58;0.49;-0.55;-0.91;-0.26;0.37;-0.87;0.85;-0.37;-0.37;0.13;-0.95;-0.31;0.24;-0.55;0.30;0.15;-0.08;1.03;-0.67;0.98;1.52;0.83;0.51;0.20;-0.06;0.37;0.06;-0.03;0.50;-0.85;0.61;-0.18;-0.06;0.22;0.49;0.86;
4.02;-0.30;1.59;0.65;0.68;0.39;-0.98;0.24;-0.55;0.54;0.56;-0.58;-1.10;0.30;-0.49;-0.25;0.37;-0.85;0.73;0.18;0.30;0.11;-0.96;-0.32;0.18;-0.55;0.06;0.15;-0.07;1.03;-0.18;1.40;1.34;0.83;0.52;0.20;0.18;0.06;0.18;-0.02;0.50;-0.86;0.18;0.37;-0.30;0.22;0.49;0.86;
-3.23;-3.72;0.43;0.65;0.67;0.39;-0.49;-0.06;-0.67;0.54;0.56;-0.58;2.07;0.24;-1.89;-0.25;0.37;-0.87;-0.06;0.67;0.91;0.14;-0.95;-0.32;0.12;-0.12;-0.06;0.16;-0.07;1.03;3.78;-0.30;0.79;0.83;0.52;0.19;0.37;0.37;-0.30;-0.02;0.51;-0.86;0.12;0.18;-0.24;0.22;0.50;0.85;
1.52;1.28;0.00;0.65;0.68;0.39;2.50;0.49;0.55;0.54;0.56;-0.59;0.61;-1.28;-1.16;-0.26;0.37;-0.87;2.01;-2.44;-0.24;0.13;-0.95;-0.30;0.24;-0.43;0.18;0.15;-0.07;1.04;-4.45;0.91;3.54;0.82;0.53;0.20;-0.12;0.00;-0.12;-0.02;0.50;-0.86;0.61;0.43;-0.37;0.22;0.49;0.84;
1.16;0.91;0.98;0.65;0.67;0.40;0.24;-0.18;0.43;0.54;0.57;-0.58;-3.29;-0.37;-0.12;-0.27;0.37;-0.86;2.99;-2.68;-0.37;0.12;-0.94;-0.29;0.18;-0.30;0.24;0.15;-0.07;1.04;-0.73;0.73;1.95;0.83;0.51;0.21;-0.06;-0.12;0.24;-0.02;0.51;-0.87;
-0.98;-1.10;1.46;0.65;0.70;0.39;-0.06;0.49;0.00;0.54;0.56;-0.58;-0.85;0.00;-0.43;-0.26;0.37;-0.87;-0.18;-0.37;-0.18;0.13;-0.95;-0.31;0.06;-0.37;0.73;0.15;-0.07;1.03;0.61;1.04;1.22;0.83;0.51;0.20;-0.24;0.00;-0.06;-0.02;0.51;-0.87;
-3.84;-2.44;-0.43;0.66;0.69;0.41;-0.37;0.06;0.73;0.55;0.57;-0.58;2.01;-1.28;-1.10;-0.26;0.38;-0.87;0.67;-0.91;-0.12;0.13;-0.95;-0.30;0.55;-0.55;0.30;0.16;-0.07;1.03;1.59;0.55;0.67;0.83;0.52;0.19;-0.85;1.22;0.18;-0.03;0.51;-0.87;
2.50;1.52;0.49;0.67;0.67;0.40;0.61;-0.55;-0.55;0.54;0.57;-0.59;0.67;-0.12;0.24;-0.25;0.38;-0.87;-0.73;0.06;0.55;0.13;-0.95;-0.31;-0.06;-0.12;0.37;0.15;-0.07;1.03;-0.49;0.73;1.22;0.83;0.53;0.20;-0.18;-0.24;0.43;-0.02;0.51;-0.86;0.30;0.67;-0.12;0.21;0.50;0.85;
1.65;0.85;-1.46;0.65;0.69;0.40;0.12;0.73;1.04;0.53;0.56;-0.58;1.83;-0.91;-1.65;-0.26;0.37;-0.87;0.37;-1.40;0.61;0.13;-0.95;-0.32;0.37;-0.12;0.12;0.15;-0.06;1.05;1.95;0.12;1.52;0.82;0.52;0.21;0.12;0.00;0.67;-0.02;0.50;-0.87;0.37;-0.06;-0.98;0.22;0.50;0.86;
2.93;0.67;-0.30;0.64;0.69;0.37;0.91;0.61;0.43;0.54;0.56;-0.58;-1.46;-0.73;-1.10;-0.27;0.35;-0.86;-0.43;0.06;0.30;0.11;-0.95;-0.30;0.37;-0.12;0.73;0.15;-0.08;1.04;1.34;0.98;1.04;0.83;0.51;0.20;0.12;0.18;-0.73;-0.02;0.50;-0.87;0.61;0.30;-0.55;0.22;0.50;0.85;
-25.91;-26.16;1.28;0.64;0.63;0.41;2.62;2.93;-0.24;0.48;0.57;-0.64;-28.96;3.41;5.18;-0.22;0.42;-0.86;-7.32;10.43;3.11;0.09;-0.93;-0.35;-0.06;-0.18;0.06;0.15;-0.06;1.04;14.15;6.46;11.22;0.84;0.53;0.19;-1.40;2.20;0.12;-0.02;0.50;-0.86;
18.84;6.89;-6.95;0.65;0.67;0.43;0.61;-2.38;2.13;0.53;0.57;-0.59;17.74;-3.48;-0.43;-0.22;0.39;-0.88;3.23;-3.60;-1.04;0.14;-0.94;-0.32;-7.44;-2.07;8.11;-0.06;-0.05;1.10;-7.13;0.06;3.05;0.81;0.53;0.21;-0.18;0.24;-0.18;-0.03;0.49;-0.87;2.62;0.73;-1.95;0.21;0.51;0.85;
-0.12;1.16;2.07;0.66;0.66;0.43;1.22;-0.73;0.24;0.53;0.57;-0.58;4.45;-1.89;-1.16;-0.25;0.38;-0.86;2.38;0.18;1.95;0.11;-0.96;-0.28;0.12;-0.18;0.43;0.16;-0.06;1.04;-0.30;1.16;1.28;0.83;0.51;0.19;0.24;0.12;0.12;-0.02;0.48;-0.87;1.10;-0.06;-0.37;0.22;0.50;0.85;
0.98;-0.85;0.85;0.66;0.65;0.42;0.67;-0.12;-0.37;0.53;0.57;-0.58;-0.24;-0.79;-1.34;-0.25;0.38;-0.86;-0.37;-0.55;0.91;0.12;-0.96;-0.28;0.30;0.24;-0.12;0.15;-0.05;1.03;-0.61;0.37;1.89;0.84;0.51;0.18;0.30;-0.12;0.06;-0.03;0.49;-0.88;0.12;0.06;-0.37;0.21;0.51;0.84;
-2.50;-0.18;0.85;0.68;0.63;0.43;1.28;0.30;0.30;0.53;0.57;-0.58;-0.37;0.67;-1.10;-0.24;0.39;-0.86;0.24;0.37;-0.85;0.11;-0.98;-0.29;-3.48;1.52;0.61;0.16;-0.05;1.03;0.79;0.98;0.49;0.84;0.49;0.19;0.30;-0.30;-0.06;-0.03;0.48;-0.88;0.12;-0.06;-0.37;0.21;0.51;0.85;
-2.80;-1.16;-0.06;0.69;0.61;0.44;0.79;0.79;-0.12;0.53;0.57;-0.57;-8.41;1.83;0.24;-0.25;0.39;-0.86;-0.49;-1.22;0.00;0.12;-0.97;-0.30;0.49;-0.43;0.43;0.17;-0.07;1.04;0.55;0.67;1.10;0.84;0.51;0.18;0.43;0.00;-0.30;-0.03;0.48;-0.88;
1.77;4.82;-0.18;0.68;0.63;0.43;-0.06;0.49;0.43;0.53;0.56;-0.59;0.98;-1.04;1.10;-0.24;0.39;-0.85;3.35;-2.93;-2.38;0.10;-0.96;-0.28;-1.16;-4.15;0.49;0.16;-0.07;1.04;-4.02;0.91;1.83;0.84;0.49;0.19;-0.91;1.71;0.43;-0.02;0.49;-0.87;
-2.20;-1.46;0.67;0.67;0.65;0.44;0.12;0.18;0.00;0.53;0.58;-0.57;-2.74;0.30;-0.61;-0.25;0.37;-0.86;0.06;-0.12;-0.06;0.11;-0.97;-0.27;3.66;-0.12;-0.30;0.16;-0.06;1.03;0.37;0.43;0.98;0.84;0.50;0.20;-0.06;0.30;-0.49;-0.02;0.49;-0.87;2.07;0.79;-0.85;0.23;0.46;0.86;
-3.66;-0.91;0.24;0.67;0.65;0.42;-0.67;0.06;-0.30;0.53;0.57;-0.58;1.71;-0.73;-1.52;-0.25;0.38;-0.86;0.43;0.18;-0.73;0.11;-0.96;-0.27;0.37;-0.18;0.24;0.15;-0.06;1.04;1.52;0.55;0.49;0.84;0.51;0.19;1.04;0.18;0.24;-0.03;0.48;-0.88;
-1.59;-1.59;-1.28;0.68;0.63;0.42;0.85;-0.43;0.55;0.54;0.57;-0.57;-5.30;1.95;0.00;-0.26;0.37;-0.86;-0.55;-0.43;0.00;0.13;-0.97;-0.29;0.43;-0.06;0.18;0.16;-0.06;1.04;-1.28;1.04;1.83;0.83;0.51;0.20;0.30;0.24;0.06;-0.03;0.48;-0.88;
-1.77;-0.18;0.85;0.67;0.67;0.42;2.26;0.61;0.98;0.54;0.56;-0.58;2.50;-2.07;-0.98;-0.25;0.36;-0.85;0.12;-1.10;0.00;0.11;-0.95;-0.28;0.43;-0.55;0.06;0.16;-0.05;1.03;-3.23;0.00;2.07;0.84;0.50;0.19;0.06;0.24;-0.30;-0.02;0.48;-0.87;
0.73;0.73;0.67;0.67;0.65;0.42;0.79;0.12;0.91;0.53;0.56;-0.58;-3.11;0.06;-1.34;-0.26;0.36;-0.86;-0.18;-0.12;0.61;0.10;-0.95;-0.27;0.49;-0.73;0.37;0.16;-0.06;1.03;2.74;0.24;0.30;0.85;0.49;0.20;-0.18;0.06;-0.24;-0.03;0.48;-0.88;0.18;-0.06;-1.04;0.23;0.46;0.87;
-3.60;-0.79;0.91;0.68;0.64;0.42;0.85;0.00;0.37;0.54;0.57;-0.58;-4.39;0.91;-0.85;-0.25;0.38;-0.86;-1.04;1.04;-0.30;0.11;-0.97;-0.29;0.18;-0.06;0.18;0.16;-0.05;1.04;0.85;0.98;1.59;0.83;0.51;0.19;-0.18;-0.18;-0.06;-0.02;0.47;-0.88;
2.99;0.43;-0.37;0.68;0.64;0.42;0.49;-0.43;-0.37;0.53;0.57;-0.57;2.93;-0.55;-0.98;-0.25;0.37;-0.86;-2.01;1.10;1.10;0.13;-0.97;-0.27;0.49;-0.79;0.24;0.16;-0.05;1.04;-2.07;0.37;1.89;0.83;0.51;0.19;0.18;0.06;-0.24;-0.02;0.48;-0.88;
0.24;0.43;-0.12;0.68;0.64;0.43;0.67;-0.37;0.55;0.54;0.57;-0.58;2.56;-1.59;-0.55;-0.24;0.39;-0.87;0.49;-1.40;0.67;0.11;-0.96;-0.28;-0.30;-0.06;0.30;0.17;-0.05;1.05;-0.49;0.67;1.52;0.84;0.50;0.19;0.24;0.18;0.06;-0.03;0.48;-0.88;
0.12;1.04;-0.30;0.67;0.65;0.42;0.30;0.24;0.43;0.54;0.56;-0.58;-0.24;-0.73;-1.46;-0.26;0.38;-0.86;1.52;-1.40;-0.37;0.11;-0.96;-0.27;0.24;-0.12;0.24;0.15;-0.06;1.02;-10.18;4.09;3.60;0.84;0.50;0.19;0.24;0.12;-0.06;-0.03;0.48;-0.88;
-1.10;-1.83;-0.37;0.68;0.65;0.42;-1.10;0.18;1.28;0.54;0.55;-0.58;-0.55;-0.55;-0.55;-0.25;0.37;-0.87;-1.22;0.61;0.06;0.11;-0.97;-0.28;0.67;0.12;0.98;0.16;-0.05;1.03;1.77;0.06;1.04;0.84;0.51;0.20;0.06;0.12;0.00;-0.03;0.49;-0.88;
-2.74;-2.68;-0.55;0.67;0.66;0.42;-0.18;0.37;0.00;0.54;0.57;-0.58;0.73;-0.85;-1.59;-0.26;0.39;-0.88;0.79;0.37;-0.73;0.12;-0.96;-0.29;0.37;-0.49;0.79;0.15;-0.06;1.03;-0.67;1.10;0.85;0.84;0.51;0.20;-0.30;-0.55;0.37;-0.02;0.49;-0.88;
-1.04;0.24;-0.37;0.68;0.64;0.42;0.67;0.18;0.61;0.53;0.57;-0.57;-1.59;-0.06;-0.37;-0.26;0.37;-0.87;-0.67;-0.37;0.85;0.11;-0.97;-0.28;-0.18;-0.43;0.67;0.16;-0.05;1.04;-0.91;0.30;1.40;0.83;0.51;0.19;0.30;0.30;-0.06;-0.03;0.49;-0.88;
-0.06;1.46;-0.91;0.66;0.65;0.42;1.04;-0.37;0.67;0.54;0.57;-0.57;-0.67;-1.52;-1.22;-0.26;0.36;-0.87;2.38;-2.38;-0.49;0.12;-0.96;-0.27;0.37;-0.91;0.43;0.16;-0.05;1.04;-2.26;0.49;2.32;0.83;0.51;0.19;-0.06;0.12;0.06;-0.03;0.49;-0.89;
-0.30;0.37;0.12;0.65;0.66;0.40;1.40;-0.24;0.18;0.54;0.56;-0.58;-2.62;-0.18;-0.18;-0.26;0.35;-0.87;-1.04;0.43;1.65;0.11;-0.97;-0.28;0.18;0.06;0.43;0.16;-0.06;1.04;-2.32;0.73;2.80;0.83;0.50;0.20;0.12;-0.30;-0.12;-0.02;0.48;-0.88;
-1.65;-0.67;1.59;0.67;0.66;0.42;0.30;0.18;-0.55;0.54;0.56;-0.59;-1.22;-0.85;-0.91;-0.25;0.36;-0.86;0.49;0.85;-0.06;0.12;-0.96;-0.28;0.49;-0.30;0.30;0.16;-0.05;1.03;3.17;1.28;0.12;0.84;0.51;0.21;-0.18;0.30;-0.12;-0.02;0.48;-0.87;
-1.89;-0.91;0.37;0.68;0.64;0.43;0.43;0.98;-0.43;0.54;0.56;-0.58;0.18;-0.18;-1.04;-0.26;0.36;-0.87;-0.98;0.85;0.85;0.12;-0.96;-0.28;0.24;-0.79;0.18;0.16;-0.05;1.03;-1.52;1.16;2.26;0.82;0.51;0.18;0.18;-0.06;-0.06;-0.03;0.48;-0.87;
5.91;1.83;2.20;0.67;0.67;0.42;0.79;0.37;0.79;0.55;0.56;-0.58;2.01;-1.04;-1.34;-0.25;0.37;-0.86;1.65;-2.56;-1.10;0.11;-0.96;-0.29;0.49;-0.37;0.12;0.16;-0.05;1.04;-1.77;1.04;1.83;0.84;0.50;0.19;0.12;-0.06;0.49;-0.02;0.48;-0.88;0.30;0.24;-0.85;0.23;0.47;0.87;
2.62;1.16;-0.30;0.67;0.65;0.41;1.22;1.59;-0.06;0.55;0.56;-0.59;3.84;-1.16;-2.13;-0.26;0.37;-0.88;-1.10;-0.98;-0.18;0.11;-0.96;-0.31;0.18;-0.49;0.18;0.16;-0.05;1.03;-1.16;0.61;0.61;0.83;0.50;0.21;-0.06;-0.06;0.00;-0.03;0.48;-0.88;
-5.85;-3.29;7.68;0.65;0.64;0.44;1.16;-0.55;-1.83;0.55;0.56;-0.59;-15.37;6.52;-2.07;-0.24;0.42;-0.86;-3.84;7.07;1.34;0.10;-0.96;-0.30;0.24;-0.30;-0.06;0.16;-0.05;1.03;-1.40;2.01;1.34;0.85;0.52;0.16;-0.24;1.89;0.61;-0.02;0.48;-0.86;0.43;0.18;-0.43;0.24;0.46;0.87;
35.61;14.45;0.37;0.64;0.71;0.41;-4.82;-5.30;5.61;0.52;0.57;-0.57;9.39;-0.30;-0.49;-0.22;0.41;-0.87;4.02;-1.22;-0.43;0.16;-0.96;-0.32;0.24;-0.43;0.30;0.15;-0.05;1.04;-0.61;-3.05;-5.12;0.79;0.53;0.21;-0.06;-0.37;-0.37;-0.03;0.49;-0.87;
2.68;-0.67;0.73;0.66;0.66;0.41;1.16;-0.79;0.79;0.57;0.57;-0.57;7.56;-3.72;-1.04;-0.27;0.37;-0.85;-2.80;-0.55;0.55;0.11;-0.95;-0.28;0.24;-0.79;-0.12;0.16;-0.05;1.03;-11.77;-0.30;1.83;0.82;0.52;0.19;0.12;0.30;0.18;-0.03;0.49;-0.88;0.79;0.06;-0.24;0.24;0.47;0.87;
-0.85;-0.79;-0.06;0.65;0.68;0.39;0.55;-0.49;0.91;0.54;0.56;-0.57;0.91;-0.79;-1.52;-0.26;0.38;-0.87;-0.24;-0.18;1.40;0.12;-0.96;-0.30;0.49;-0.30;0.00;0.16;-0.06;1.03;-0.30;0.73;1.34;0.82;0.51;0.20;0.12;-0.06;0.30;-0.03;0.48;-0.88;
4.02;1.52;0.61;0.66;0.69;0.39;1.28;0.61;1.28;0.53;0.56;-0.57;2.13;0.06;-2.20;-0.26;0.38;-0.86;0.49;-1.71;0.85;0.12;-0.96;-0.30;0.37;-0.79;-0.12;0.16;-0.06;1.04;0.06;0.43;1.77;0.84;0.50;0.20;0.12;0.06;-0.18;-0.02;0.49;-0.89;0.43;0.18;0.06;0.23;0.46;0.87;
-5.12;-1.28;-0.43;0.66;0.67;0.39;-0.30;0.30;0.43;0.54;0.56;-0.57;1.95;-0.67;-0.49;-0.26;0.38;-0.86;-1.52;1.10;0.12;0.12;-0.96;-0.30;-0.30;-0.24;0.24;0.16;-0.05;1.04;1.77;1.34;0.55;0.82;0.51;0.19;0.00;0.24;0.06;-0.02;0.49;-0.87;
5.43;1.95;0.12;0.64;0.67;0.40;0.55;0.37;0.49;0.54;0.56;-0.58;0.43;-0.37;-1.10;-0.25;0.38;-0.87;0.55;-2.07;0.37;0.13;-0.95;-0.31;-0.06;-0.30;0.85;0.16;-0.05;1.03;-0.73;0.49;1.52;0.82;0.52;0.19;0.55;0.37;-0.06;-0.03;0.48;-0.88;0.85;-0.06;-0.43;0.24;0.46;0.86;
2.74;1.52;0.24;0.65;0.68;0.40;0.49;-0.30;0.06;0.54;0.56;-0.59;-0.43;-0.55;-1.28;-0.25;0.38;-0.87;2.01;-2.80;-0.12;0.13;-0.96;-0.31;0.43;-0.24;0.06;0.16;-0.06;1.03;-2.44;0.98;2.68;0.84;0.50;0.21;-0.30;0.00;-0.12;-0.02;0.48;-0.88;
-0.49;0.67;0.37;0.64;0.67;0.40;-0.12;0.06;-0.18;0.54;0.56;-0.58;-0.79;-0.06;-0.67;-0.25;0.38;-0.87;1.16;-0.30;-0.67;0.12;-0.96;-0.30;0.06;-0.24;0.24;0.16;-0.05;1.03;-1.34;0.73;0.98;0.83;0.51;0.21;0.18;0.00;-0.12;-0.02;0.49;-0.88;
-0.12;0.12;0.55;0.65;0.69;0.39;0.91;-1.04;0.73;0.54;0.56;-0.57;1.40;-0.67;-0.98;-0.26;0.37;-0.86;-1.28;-1.10;0.43;0.12;-0.95;-0.30;0.18;0.24;0.73;0.16;-0.05;1.05;2.01;0.12;-0.49;0.83;0.51;0.21;0.24;-0.06;-0.12;-0.03;0.50;-0.88;
