0.43;0.24;0.30;-0.05;-1.12;0.24;
1.34;-0.91;4.51;-0.05;-1.13;0.24;
0.85;1.22;2.93;-0.06;-1.10;0.23;
1.52;0.49;1.28;-0.06;-1.11;0.25;
3.48;1.89;-0.30;-0.07;-1.15;0.29;
1.34;0.30;0.24;-0.04;-1.13;0.24;
-0.24;-0.24;-0.24;-0.06;-1.12;0.24;
5.37;3.78;6.16;-0.07;-1.07;0.26;
0.98;0.67;0.18;-0.05;-1.12;0.25;
1.04;0.49;-7.80;-0.05;-1.13;0.23;
-0.12;0.12;0.61;-0.05;-1.12;0.25;
0.30;0.30;-0.12;-0.06;-1.12;0.25;
0.55;0.49;0.24;-0.06;-1.12;0.25;
1.04;0.00;0.00;-0.05;-1.12;0.24;
0.61;0.49;0.24;-0.06;-1.12;0.24;
-0.43;1.04;-0.55;-0.05;-1.12;0.24;
1.59;-1.71;2.20;-0.07;-1.13;0.23;
-3.11;-3.41;29.02;-0.15;-1.04;0.24;
0.61;-0.49;-1.77;-0.06;-1.13;0.25;
1.16;-0.12;0.61;-0.06;-1.12;0.25;
-0.06;0.00;0.98;-0.06;-1.12;0.26;
-0.30;-0.24;3.41;-0.06;-1.14;0.25;
0.18;0.24;0.79;-0.06;-1.12;0.25;
0.18;0.06;0.73;-0.06;-1.12;0.25;
0.55;0.30;0.61;-0.06;-1.12;0.25;
0.91;-0.24;0.98;-0.06;-1.11;0.24;
0.73;0.30;-0.37;-0.07;-1.12;0.25;
1.10;0.00;0.12;-0.06;-1.11;0.25;
0.37;0.12;-0.06;-0.07;-1.12;0.25;
0.00;0.06;-0.12;-0.05;-1.12;0.25;
0.79;-0.06;0.12;-0.06;-1.12;0.25;
0.18;0.18;0.30;-0.06;-1.13;0.25;
0.73;0.12;0.00;-0.07;-1.11;0.26;
-0.12;-0.18;0.06;-0.06;-1.11;0.25;
0.43;0.49;0.12;-0.06;-1.13;0.24;
0.85;-0.06;0.06;-0.06;-1.12;0.25;
0.67;-0.49;0.61;-0.05;-1.12;0.24;
0.55;0.55;0.43;-0.06;-1.12;0.25;
0.24;0.55;-0.43;-0.06;-1.12;0.25;
0.18;0.37;-0.49;-0.06;-1.12;0.25;
0.91;-0.55;0.12;-0.06;-1.12;0.25;
0.49;0.24;0.24;-0.06;-1.11;0.26;
0.30;0.12;0.00;-0.06;-1.11;0.25;
-0.06;0.49;0.73;-0.05;-1.12;0.24;
0.06;0.67;0.00;-0.07;-1.12;0.26;
0.06;0.55;-0.06;-0.06;-1.12;0.24;
0.73;-0.06;0.24;-0.06;-1.12;0.25;
0.55;0.37;0.18;-0.06;-1.11;0.25;
0.67;0.30;-0.18;-0.06;-1.12;0.25;
0.24;0.24;0.18;-0.06;-1.12;0.25;
0.12;0.49;0.37;-0.06;-1.12;0.24;
0.67;0.12;0.30;-0.07;-1.12;0.25;
0.49;0.12;0.06;-0.05;-1.12;0.25;
0.61;-0.24;0.00;-0.06;-1.11;0.25;
1.10;-0.24;0.00;-0.06;-1.11;0.25;
2.87;-1.28;2.93;-0.06;-1.13;0.25;
0.61;0.37;0.61;-0.05;-1.12;0.25;
1.04;0.30;0.12;-0.06;-1.12;0.25;
0.37;0.18;0.12;-0.06;-1.11;0.25;
0.30;0.12;0.00;-0.06;-1.12;0.25;
0.61;0.00;-0.06;-0.06;-1.12;0.25;
0.30;0.49;0.79;-0.06;-1.13;0.25;
0.79;0.24;0.49;-0.06;-1.12;0.25;
0.24;0.30;-0.30;-0.06;-1.12;0.25;
0.61;0.00;-0.06;-0.06;-1.12;0.25;
0.49;-0.43;0.06;-0.06;-1.12;0.25;
0.24;0.00;-0.37;-0.06;-1.12;0.24;
0.30;0.00;-0.67;-0.06;-1.12;0.25;
0.30;0.12;-0.37;-0.06;-1.12;0.25;
0.00;0.06;-0.12;-0.06;-1.12;0.25;
1.16;-0.12;0.12;-0.06;-1.13;0.25;
0.30;0.06;0.43;-0.06;-1.12;0.25;
0.30;-0.30;-0.18;-0.06;-1.12;0.24;
0.79;0.12;0.06;-0.06;-1.12;0.25;
0.18;0.06;-0.18;-0.06;-1.11;0.25;
0.67;-0.06;-0.18;-0.06;-1.11;0.25;
0.18;0.61;-0.24;-0.06;-1.11;0.25;
-0.12;0.18;-0.12;-0.06;-1.12;0.25;
0.18;0.37;-0.30;-0.06;-1.12;0.25;
0.43;0.30;-0.67;-0.07;-1.12;0.25;
0.12;0.30;-0.37;-0.06;-1.12;0.26;
0.24;0.43;0.37;-0.07;-1.12;0.24;
0.49;-0.24;0.43;-0.07;-1.13;0.25;
0.55;-0.06;-0.55;-0.07;-1.11;0.25;
0.55;0.00;0.12;-0.06;-1.12;0.25;
0.91;-0.24;-0.12;-0.06;-1.11;0.24;
0.73;0.18;0.18;-0.07;-1.11;0.25;
0.49;0.24;0.24;-0.07;-1.12;0.25;
0.37;0.12;-0.79;-0.06;-1.12;0.25;
0.49;0.18;-0.55;-0.06;-1.12;0.25;
1.28;-0.24;-0.43;-0.06;-1.11;0.25;
0.55;0.30;0.61;-0.06;-1.11;0.25;
0.55;0.73;-0.30;-0.06;-1.13;0.25;
0.61;-0.24;0.43;-0.07;-1.12;0.26;
0.37;0.06;-0.55;-0.06;-1.12;0.25;
0.30;0.37;0.61;-0.06;-1.11;0.25;
0.43;0.24;-0.61;-0.06;-1.12;0.25;
0.67;0.61;0.43;-0.06;-1.12;0.24;
0.73;0.30;-0.12;-0.07;-1.13;0.25;
0.24;-0.24;-0.43;-0.07;-1.11;0.25;
0.24;0.37;0.00;-0.06;-1.12;0.25;
0.43;0.12;0.43;-0.06;-1.12;0.25;
0.06;-0.18;-0.24;-0.06;-1.11;0.26;
-0.30;0.61;0.12;-0.06;-1.11;0.25;
0.37;0.00;-0.55;-0.06;-1.11;0.25;
0.79;0.24;-0.12;-0.07;-1.12;0.25;
0.85;0.18;0.49;-0.06;-1.12;0.25;
0.06;-0.18;0.12;-0.06;-1.12;0.24;
0.67;0.30;0.43;-0.07;-1.12;0.25;
0.67;0.30;0.49;-0.06;-1.11;0.25;
0.79;0.18;0.61;-0.06;-1.12;0.25;
0.00;0.67;-0.37;-0.06;-1.12;0.25;
0.37;0.43;-0.12;-0.06;-1.12;0.25;
1.04;0.06;0.67;-0.07;-1.13;0.24;
0.37;0.06;0.06;-0.07;-1.11;0.25;
0.79;-0.24;0.24;-0.07;-1.12;0.26;
0.06;0.91;0.18;-0.06;-1.12;0.25;
0.00;0.00;-0.24;-0.06;-1.12;0.26;
0.43;0.73;0.30;-0.06;-1.12;0.25;
0.49;0.18;-0.55;-0.06;-1.12;0.25;
0.24;0.18;0.18;-0.06;-1.12;0.24;
0.30;0.12;0.24;-0.07;-1.11;0.25;
0.55;0.37;0.67;-0.06;-1.11;0.26;
0.73;-0.18;0.37;-0.06;-1.12;0.24;
0.85;0.06;0.85;-0.06;-1.11;0.25;
0.18;0.24;0.73;-0.06;-1.11;0.24;
0.06;0.61;0.61;-0.07;-1.12;0.24;
0.30;-0.06;0.00;-0.06;-1.12;0.25;
0.18;0.43;0.00;-0.07;-1.12;0.25;
0.06;0.24;-0.55;-0.06;-1.12;0.25;
0.24;0.43;0.00;-0.06;-1.11;0.25;
0.55;0.24;-0.43;-0.06;-1.13;0.25;
0.24;0.00;-0.30;-0.07;-1.12;0.25;
0.18;0.06;-0.18;-0.06;-1.12;0.25;
0.43;-0.24;-0.24;-0.06;-1.12;0.25;
-0.43;0.30;-0.06;-0.07;-1.12;0.25;
0.67;0.43;-0.06;-0.06;-1.12;0.25;
-0.24;0.18;-0.24;-0.06;-1.11;0.25;
0.55;0.37;-0.18;-0.06;-1.12;0.24;
0.91;0.61;-0.55;-0.06;-1.12;0.25;
0.55;0.06;-0.55;-0.06;-1.11;0.25;
-0.30;-0.37;-0.06;-0.06;-1.12;0.25;
0.79;0.43;-0.06;-0.06;-1.12;0.25;
1.16;0.00;0.06;-0.06;-1.12;0.25;
0.43;0.24;0.24;-0.07;-1.12;0.26;
0.30;0.30;-0.12;-0.07;-1.12;0.25;
0.30;-0.55;0.30;-0.07;-1.12;0.25;
0.67;0.55;0.12;-0.06;-1.12;0.25;
0.06;0.24;-0.06;-0.07;-1.12;0.25;
0.61;0.30;0.06;-0.06;-1.12;0.24;
0.06;0.12;-0.98;-0.06;-1.12;0.25;
0.55;0.12;-0.49;-0.06;-1.12;0.25;
0.67;0.06;-0.30;-0.06;-1.11;0.25;
0.73;0.30;-0.12;-0.07;-1.11;0.25;
0.18;0.37;-0.06;-0.07;-1.12;0.25;
0.85;0.43;-0.06;-0.06;-1.12;0.25;
1.16;0.12;0.49;-0.06;-1.12;0.26;
0.18;0.43;0.37;-0.06;-1.12;0.25;
0.49;-0.12;-0.18;-0.06;-1.12;0.25;
0.24;0.12;0.37;-0.07;-1.12;0.24;
0.43;0.43;-0.37;-0.06;-1.13;0.25;
0.18;0.18;0.06;-0.05;-1.11;0.26;
1.04;0.30;0.00;-0.06;-1.12;0.25;
0.55;0.37;-0.12;-0.07;-1.11;0.25;
0.61;0.49;0.30;-0.06;-1.12;0.25;
-0.49;0.18;0.18;-0.06;-1.10;0.24;
0.00;0.06;0.24;-0.06;-1.11;0.25;
0.06;0.67;0.12;-0.06;-1.12;0.25;
0.30;0.55;-0.24;-0.06;-1.12;0.25;
0.61;0.37;0.67;-0.06;-1.12;0.25;
0.55;0.37;-0.30;-0.07;-1.12;0.25;
0.30;0.49;-0.06;-0.06;-1.11;0.25;
0.61;0.06;-0.49;-0.07;-1.12;0.25;
0.49;0.37;-0.49;-0.07;-1.11;0.25;
0.73;0.49;0.18;-0.07;-1.12;0.25;
0.24;0.00;0.06;-0.07;-1.12;0.25;
0.24;0.18;-0.67;-0.07;-1.12;0.25;
-6.10;-3.54;-4.02;-0.05;-1.21;0.25;
1.28;-1.34;0.98;-0.07;-1.12;0.24;
0.24;-0.12;0.18;-0.07;-1.12;0.25;
-0.30;0.06;-0.37;-0.06;-1.12;0.25;
0.55;-0.06;-0.91;-0.07;-1.11;0.25;
-10.30;3.78;-10.79;-0.07;-1.15;0.24;
0.61;0.43;0.73;-0.07;-1.12;0.25;
2.32;0.98;0.91;-0.06;-1.11;0.25;
-0.91;-3.35;-3.72;-0.13;-1.11;0.14;
0.30;-0.73;-0.06;-0.07;-1.11;0.26;
2.74;-3.84;5.24;-0.02;-1.14;0.24;
0.73;-1.22;0.61;-0.06;-1.12;0.25;
7.38;0.43;7.62;-0.07;-1.14;0.26;
-2.26;-2.26;2.13;-0.07;-1.11;0.26;
0.79;0.12;0.85;-0.07;-1.13;0.25;
0.85;-0.06;0.30;-0.07;-1.11;0.25;
-0.18;0.55;-0.37;-0.07;-1.12;0.25;
0.73;0.18;0.37;-0.06;-1.12;0.25;
0.37;0.18;-0.12;-0.07;-1.12;0.25;
0.24;-0.06;0.06;-0.06;-1.12;0.24;
0.18;0.18;-0.30;-0.06;-1.11;0.25;
0.55;0.49;0.30;-0.06;-1.11;0.25;
0.24;0.00;-0.30;-0.06;-1.12;0.25;
0.98;0.55;0.18;-0.07;-1.11;0.25;
0.24;0.79;0.43;-0.07;-1.12;0.25;
0.43;-0.06;-0.12;-0.06;-1.12;0.26;
0.79;0.30;-0.37;-0.06;-1.12;0.26;
0.73;-0.06;0.00;-0.06;-1.12;0.25;
0.98;-0.43;-0.79;-0.08;-1.12;0.26;
0.61;0.55;-0.67;-0.06;-1.12;0.25;
-0.85;1.52;-2.68;-0.06;-1.13;0.25;
0.73;0.24;0.24;-0.06;-1.12;0.25;
4.39;3.72;-4.09;-0.11;-1.09;0.30;
1.65;-1.28;1.71;-0.06;-1.12;0.25;
1.52;4.21;-1.34;-0.07;-1.08;0.23;
-0.67;-4.76;2.01;-0.08;-1.11;0.25;
-0.49;0.24;-0.37;-0.06;-1.12;0.25;
0.55;0.18;0.67;-0.07;-1.13;0.26;
0.18;0.24;-0.24;-0.06;-1.12;0.25;
0.91;0.43;0.67;-0.07;-1.12;0.25;
0.24;0.24;-0.06;-0.07;-1.12;0.25;
0.73;-0.18;-0.43;-0.07;-1.11;0.25;
1.52;0.06;0.00;-0.07;-1.11;0.26;
0.43;0.49;0.18;-0.05;-1.12;0.24;
0.37;-0.24;0.12;-0.07;-1.12;0.25;
0.85;0.24;-0.37;-0.07;-1.11;0.25;
0.37;0.30;-0.30;-0.06;-1.12;0.25;
0.18;0.06;-0.06;-0.07;-1.12;0.24;
0.55;-0.06;-0.18;-0.06;-1.11;0.26;
0.91;0.67;0.24;-0.06;-1.12;0.25;
-0.12;0.06;0.00;-0.06;-1.12;0.25;
0.91;0.00;-0.06;-0.06;-1.11;0.25;
0.61;0.18;0.12;-0.07;-1.12;0.26;
0.67;0.24;-0.24;-0.06;-1.12;0.25;
0.91;0.37;0.18;-0.06;-1.12;0.24;
0.37;0.37;-0.30;-0.06;-1.11;0.24;
1.10;0.06;0.24;-0.07;-1.12;0.25;
0.43;-0.24;-0.55;-0.06;-1.12;0.25;
0.43;-0.18;0.37;-0.06;-1.12;0.25;
0.24;0.00;-0.18;-0.06;-1.12;0.24;
0.12;0.37;-0.06;-0.06;-1.12;0.26;
0.30;0.37;0.67;-0.07;-1.12;0.25;
0.43;0.30;0.12;-0.06;-1.12;0.24;
0.12;-0.30;-0.37;-0.06;-1.12;0.25;
0.06;0.91;-0.06;-0.06;-1.11;0.25;
0.49;-0.06;-0.12;-0.07;-1.12;0.25;
0.30;0.24;-0.06;-0.06;-1.11;0.25;
0.43;0.43;0.12;-0.07;-1.12;0.25;
0.37;0.55;0.06;-0.06;-1.11;0.25;
2.20;-0.37;1.83;-0.07;-1.12;0.25;
0.12;-0.18;0.12;-0.06;-1.12;0.25;
-0.18;0.06;0.24;-0.07;-1.11;0.25;
0.61;0.37;-0.79;-0.06;-1.12;0.25;
0.18;-0.12;-0.61;-0.06;-1.12;0.25;
0.98;0.49;0.12;-0.07;-1.11;0.25;
0.67;-0.79;0.12;-0.07;-1.11;0.25;
0.55;-0.06;0.43;-0.06;-1.12;0.25;
-0.37;0.00;-0.67;-0.07;-1.13;0.25;
-0.43;0.06;-0.43;-0.06;-1.12;0.26;
0.61;-0.12;0.18;-0.06;-1.12;0.24;
0.67;0.61;0.12;-0.06;-1.12;0.26;
0.49;-0.24;-0.24;-0.06;-1.12;0.25;
0.43;-0.06;0.61;-0.06;-1.12;0.25;
0.00;-0.24;0.00;-0.06;-1.12;0.26;
-0.12;0.67;0.24;-0.07;-1.10;0.25;
0.61;0.55;-0.43;-0.08;-1.12;0.25;
0.79;0.18;-0.24;-0.07;-1.12;0.26;
0.61;0.06;-0.30;-0.06;-1.11;0.25;
0.55;0.30;0.12;-0.07;-1.11;0.25;
2.62;5.61;2.32;-0.04;-1.26;0.28;
0.12;0.18;-0.06;-0.06;-1.12;0.25;
0.06;0.12;0.30;-0.05;-1.11;0.25;
0.49;0.49;-0.18;-0.07;-1.12;0.26;
0.12;0.00;0.12;-0.06;-1.12;0.25;
0.18;0.37;0.43;-0.07;-1.12;0.25;
-0.24;1.22;0.06;-0.07;-1.11;0.25;
5.18;0.00;-3.72;-0.10;-1.08;0.30;
0.98;0.91;0.30;-0.06;-1.12;0.25;
-2.50;-0.24;-2.56;-0.05;-1.12;0.23;
-0.85;-0.55;-0.12;-0.07;-1.12;0.26;
0.37;-0.12;0.00;-0.07;-1.12;0.25;
0.37;0.24;0.12;-0.07;-1.11;0.24;
0.43;-0.12;-0.12;-0.06;-1.11;0.24;
-0.30;0.00;-0.30;-0.06;-1.11;0.25;
0.61;-0.49;-0.12;-0.07;-1.12;0.26;
-0.24;0.37;-1.65;-0.07;-1.10;0.24;
0.61;-0.18;0.37;-0.06;-1.11;0.26;
0.30;-0.24;0.12;-0.06;-1.12;0.25;
0.37;-0.30;-0.43;-0.07;-1.12;0.25;
0.91;0.79;-0.12;-0.07;-1.12;0.26;
0.43;-0.12;0.00;-0.06;-1.11;0.26;
0.37;-0.30;-0.06;-0.06;-1.12;0.26;
0.55;0.18;-0.43;-0.07;-1.12;0.25;
0.30;0.00;-0.49;-0.06;-1.12;0.25;
0.85;0.06;-0.12;-0.06;-1.12;0.25;
0.55;0.37;-0.24;-0.06;-1.12;0.25;
0.06;0.06;0.06;-0.07;-1.12;0.25;
0.24;0.18;0.79;-0.07;-1.12;0.26;
0.73;0.55;0.18;-0.06;-1.12;0.25;
0.55;-0.37;-0.37;-0.07;-1.12;0.26;
0.61;0.06;-0.06;-0.07;-1.12;0.25;
0.73;0.30;0.43;-0.06;-1.12;0.25;
0.30;0.12;0.24;-0.07;-1.13;0.25;
0.43;0.18;0.43;-0.06;-1.12;0.25;
0.49;0.37;0.30;-0.07;-1.12;0.25;
1.16;-0.12;-0.30;-0.06;-1.12;0.25;
0.24;0.37;-0.18;-0.06;-1.11;0.25;
0.49;0.30;0.37;-0.07;-1.11;0.25;
0.85;0.18;0.12;-0.06;-1.12;0.26;
0.43;0.49;0.00;-0.06;-1.12;0.25;
0.12;-0.12;0.30;-0.07;-1.12;0.25;
0.67;-0.24;-0.12;-0.07;-1.12;0.26;
0.24;-0.12;0.18;-0.06;-1.12;0.25;
1.04;-0.30;-0.49;-0.07;-1.11;0.26;
0.67;0.43;-0.18;-0.06;-1.11;0.25;
0.79;0.12;-0.06;-0.07;-1.12;0.26;
0.00;-0.06;-0.73;-0.06;-1.12;0.26;
0.85;0.55;0.61;-0.06;-1.11;0.26;
0.61;0.37;0.12;-0.06;-1.12;0.26;
0.49;0.06;0.30;-0.07;-1.12;0.25;
0.43;0.55;0.12;-0.06;-1.12;0.25;
0.37;0.18;-0.61;-0.07;-1.11;0.25;
0.61;-0.06;0.06;-0.06;-1.12;0.26;
0.30;-0.12;-0.30;-0.06;-1.12;0.26;
0.06;0.37;0.24;-0.07;-1.12;0.25;
0.61;0.06;0.24;-0.06;-1.12;0.26;
0.43;0.00;-0.06;-0.07;-1.12;0.25;
0.18;0.18;-0.12;-0.07;-1.11;0.25;
0.06;-0.18;-0.37;-0.07;-1.11;0.25;
0.61;0.18;0.30;-0.06;-1.12;0.25;
0.73;0.24;0.30;-0.07;-1.11;0.25;
0.24;0.06;-0.24;-0.06;-1.12;0.26;
-0.24;0.00;-0.18;-0.07;-1.12;0.26;
0.18;0.98;0.30;-0.06;-1.12;0.25;
0.49;0.12;0.00;-0.07;-1.12;0.26;
0.61;0.61;-0.24;-0.07;-1.12;0.25;
0.79;0.00;0.24;-0.06;-1.12;0.25;
0.91;-0.18;-0.37;-0.06;-1.12;0.26;
48.29;-22.07;146.28;-0.04;-1.03;0.31;
72.56;35.67;-37.38;0.22;-1.49;0.36;
13.29;8.41;20.91;-0.03;-1.22;0.30;
-35.91;1.83;-14.70;-0.01;-1.15;0.39;
-22.32;-1.71;-15.55;0.03;-1.13;0.29;
-17.01;-34.57;-129.21;-0.06;-1.15;0.33;
1.77;0.12;1.71;-0.02;-1.13;0.26;
-0.24;-0.30;-1.83;-0.01;-1.12;0.25;
-0.06;0.30;-0.61;-0.02;-1.12;0.26;
1.46;0.00;0.43;-0.03;-1.13;0.27;
0.43;-0.06;0.37;-0.02;-1.12;0.26;
5.67;5.79;13.35;-0.02;-1.08;0.23;
3.96;-1.16;3.90;-0.03;-1.08;0.29;
2.80;2.74;5.00;-0.04;-1.15;0.29;
-0.85;-1.40;-2.32;-0.04;-1.11;0.23;
-1.52;0.06;-1.71;-0.04;-1.16;0.28;
1.71;2.74;4.27;-0.04;-1.13;0.27;
0.98;-0.43;-0.12;-0.02;-1.12;0.27;
0.49;0.24;-0.06;-0.03;-1.12;0.26;
0.43;0.12;0.12;-0.03;-1.12;0.27;
0.73;-0.06;-0.12;-0.04;-1.11;0.26;
0.24;1.10;0.37;-0.02;-1.12;0.27;
1.04;0.24;0.30;-0.03;-1.11;0.26;
4.94;0.30;2.32;-0.00;-1.05;0.22;
3.60;1.59;8.41;-0.01;-1.02;0.29;
4.27;2.93;5.67;-0.02;-1.08;0.26;
0.91;0.18;0.00;-0.03;-1.12;0.26;
0.43;0.24;0.18;-0.02;-1.12;0.27;
0.30;0.00;0.24;-0.02;-1.12;0.27;
0.79;0.55;0.43;-0.02;-1.12;0.27;
0.61;-0.55;-0.06;-0.03;-1.11;0.26;
-0.37;-10.85;-3.96;-0.10;-1.14;0.22;
0.43;-3.48;-3.23;-0.04;-1.13;0.32;
0.06;-2.87;-3.66;-0.02;-1.12;0.26;
0.85;-0.12;0.24;-0.04;-1.12;0.27;
0.43;0.30;0.30;-0.03;-1.12;0.26;
0.30;0.12;0.61;-0.03;-1.12;0.27;
1.10;0.43;0.49;-0.03;-1.11;0.27;
1.16;0.00;0.91;-0.03;-1.12;0.27;
0.91;-0.06;-0.43;-0.03;-1.12;0.26;
0.73;0.30;0.49;-0.02;-1.11;0.26;
0.30;0.06;-0.37;-0.03;-1.12;0.27;
0.49;-0.12;-0.37;-0.03;-1.12;0.26;
0.06;0.37;0.30;-0.04;-1.12;0.27;
0.79;0.12;-0.12;-0.03;-1.12;0.27;
0.67;0.24;0.37;-0.03;-1.12;0.27;
0.00;0.61;0.06;-0.03;-1.12;0.26;
0.37;0.12;0.18;-0.03;-1.12;0.26;
0.85;0.55;0.00;-0.03;-1.11;0.27;
0.30;-0.24;0.06;-0.04;-1.12;0.27;
0.30;0.73;-0.24;-0.03;-1.12;0.26;
0.30;0.24;-0.18;-0.04;-1.12;0.27;
0.98;0.24;-0.12;-0.03;-1.12;0.27;
0.37;0.73;-0.06;-0.04;-1.12;0.25;
0.79;0.24;-0.06;-0.04;-1.12;0.27;
0.55;-0.18;0.18;-0.03;-1.12;0.27;
0.12;0.30;-0.18;-0.04;-1.12;0.27;
0.49;0.55;-0.12;-0.03;-1.11;0.27;
-0.06;0.30;-0.30;-0.03;-1.12;0.27;
0.67;0.18;0.00;-0.04;-1.11;0.27;
-0.12;0.67;-0.18;-0.03;-1.12;0.27;
0.49;0.24;0.00;-0.03;-1.12;0.27;
0.24;0.18;0.67;-0.04;-1.12;0.26;
0.24;0.12;-0.24;-0.03;-1.11;0.27;
0.67;0.43;0.06;-0.04;-1.12;0.26;
1.89;-0.73;0.61;-0.03;-1.12;0.26;
0.37;-0.43;-0.91;-0.04;-1.12;0.27;
0.30;-0.24;0.30;-0.04;-1.12;0.25;
-4.15;-5.37;-10.79;-0.03;-1.11;0.27;
1.71;-3.35;-1.40;-0.05;-1.12;0.30;
0.61;0.55;0.61;-0.04;-1.12;0.27;
1.10;2.13;2.80;-0.05;-1.12;0.29;
-1.16;-1.40;-1.95;-0.04;-1.12;0.27;
-0.98;0.49;-2.20;-0.04;-1.12;0.30;
1.10;0.43;1.10;-0.04;-1.12;0.27;
-0.30;1.10;1.46;-0.05;-1.13;0.30;
1.52;-1.46;-0.67;-0.06;-1.15;0.32;
0.30;-1.34;-1.71;-0.02;-1.09;0.25;
1.71;2.01;2.44;-0.04;-1.12;0.27;
0.30;-0.43;0.00;-0.03;-1.11;0.27;
0.73;0.49;0.24;-0.04;-1.12;0.26;
1.89;0.73;2.07;-0.03;-1.11;0.26;
0.49;0.12;0.24;-0.03;-1.12;0.27;
0.30;-0.24;0.06;-0.03;-1.12;0.26;
0.91;-0.18;0.06;-0.04;-1.11;0.26;
0.91;0.49;0.43;-0.03;-1.12;0.27;
0.85;0.30;0.24;-0.03;-1.11;0.27;
0.37;0.00;-0.49;-0.03;-1.12;0.26;
0.24;0.06;-0.30;-0.03;-1.12;0.26;
0.12;-0.12;-0.18;-0.03;-1.11;0.27;
0.06;0.37;-0.12;-0.03;-1.12;0.26;
0.00;0.55;0.06;-0.04;-1.12;0.27;
0.67;0.37;-0.30;-0.04;-1.13;0.26;
0.67;-0.37;0.98;-0.04;-1.11;0.27;
0.79;0.79;0.49;-0.03;-1.11;0.27;
0.55;0.30;0.18;-0.03;-1.11;0.26;
0.24;0.30;-0.73;-0.03;-1.12;0.26;
0.43;-0.18;0.18;-0.04;-1.11;0.28;
0.24;0.49;-0.67;-0.04;-1.12;0.26;
0.73;-0.06;0.06;-0.04;-1.11;0.28;
0.98;-0.24;0.06;-0.04;-1.11;0.28;
-0.18;0.24;-0.61;-0.04;-1.12;0.26;
0.55;0.24;0.00;-0.03;-1.12;0.28;
0.67;0.30;0.24;-0.04;-1.11;0.27;
0.24;0.67;0.37;-0.04;-1.11;0.27;
0.61;-0.30;0.06;-0.04;-1.11;0.27;
0.61;-0.24;0.37;-0.03;-1.11;0.27;
0.55;0.30;0.30;-0.03;-1.11;0.26;
0.67;-0.12;0.00;-0.03;-1.11;0.26;
0.37;0.00;0.24;-0.04;-1.12;0.27;
0.61;0.30;0.06;-0.03;-1.12;0.29;
0.43;0.00;0.37;-0.04;-1.12;0.27;
-0.06;0.06;-0.24;-0.04;-1.12;0.27;
0.49;0.30;0.00;-0.04;-1.12;0.27;
0.85;-0.37;-0.55;-0.04;-1.12;0.27;
0.85;0.12;0.37;-0.04;-1.12;0.27;
0.67;0.24;-0.06;-0.03;-1.11;0.26;
0.67;-0.43;0.00;-0.03;-1.11;0.26;
0.61;0.06;-0.12;-0.04;-1.12;0.27;
0.61;-0.24;-0.49;-0.04;-1.12;0.27;
1.04;-0.18;0.06;-0.04;-1.12;0.27;
0.49;0.79;0.49;-0.04;-1.11;0.27;
0.85;0.12;0.43;-0.04;-1.12;0.27;
0.24;0.12;0.61;-0.04;-1.12;0.27;
0.91;-0.06;-0.12;-0.04;-1.12;0.27;
0.30;0.30;-0.12;-0.04;-1.12;0.27;
0.49;0.18;0.00;-0.03;-1.12;0.27;
0.49;0.06;0.12;-0.04;-1.12;0.28;
0.12;0.24;-0.06;-0.03;-1.11;0.26;
1.04;0.37;-0.06;-0.04;-1.12;0.27;
0.79;0.18;-0.06;-0.04;-1.11;0.27;
0.37;0.24;0.12;-0.03;-1.11;0.28;
0.43;-0.24;0.49;-0.04;-1.12;0.27;
0.55;-0.43;0.00;-0.03;-1.11;0.27;
0.79;-0.06;0.00;-0.04;-1.11;0.27;
0.79;0.06;-0.37;-0.04;-1.11;0.27;
0.49;0.43;0.43;-0.04;-1.11;0.26;
0.43;0.00;-0.06;-0.04;-1.12;0.27;
0.73;-0.24;0.24;-0.04;-1.12;0.27;
0.18;0.55;0.12;-0.04;-1.12;0.27;
0.55;0.61;0.12;-0.03;-1.12;0.27;
0.30;-0.06;0.24;-0.03;-1.11;0.28;
0.30;0.06;-0.18;-0.04;-1.12;0.27;
0.00;0.06;-0.18;-0.03;-1.12;0.27;
0.30;0.06;0.00;-0.04;-1.12;0.27;
0.55;0.18;-0.18;-0.04;-1.12;0.27;
0.49;0.12;0.06;-0.04;-1.11;0.28;
0.67;0.37;-0.06;-0.04;-1.11;0.28;
0.30;0.00;0.24;-0.03;-1.12;0.27;
-0.12;0.43;0.43;-0.04;-1.11;0.27;
0.30;0.67;0.00;-0.03;-1.11;0.26;
0.49;0.24;-0.24;-0.04;-1.11;0.28;
0.37;-0.06;0.12;-0.04;-1.12;0.26;
0.67;0.43;0.30;-0.04;-1.12;0.26;
0.91;0.12;-0.12;-0.05;-1.11;0.27;
0.43;0.49;0.61;-0.05;-1.11;0.27;
0.85;0.12;0.24;-0.04;-1.11;0.28;
0.91;0.24;0.30;-0.04;-1.12;0.28;
0.18;0.06;0.00;-0.04;-1.13;0.27;
0.67;-0.06;0.43;-0.04;-1.12;0.27;
1.40;-0.24;0.43;-0.03;-1.12;0.26;
0.37;0.55;-0.85;-0.05;-1.12;0.28;
0.43;0.24;0.18;-0.04;-1.11;0.28;
0.30;-0.06;0.00;-0.04;-1.11;0.27;
-0.37;0.18;-0.12;-0.04;-1.11;0.27;
-0.18;0.67;0.43;-0.03;-1.11;0.27;
0.06;-4.76;-0.30;-0.03;-1.12;0.29;
0.79;0.37;0.61;-0.05;-1.11;0.27;
2.50;-1.40;2.50;-0.05;-1.12;0.28;
0.49;-0.43;-0.49;-0.04;-1.12;0.28;
0.85;-0.30;-0.12;-0.04;-1.12;0.27;
0.12;-0.30;-0.06;-0.05;-1.12;0.28;
0.24;0.18;0.18;-0.05;-1.11;0.27;
0.49;0.49;-0.06;-0.05;-1.12;0.27;
0.37;0.79;0.43;-0.04;-1.12;0.28;
0.30;0.30;-0.18;-0.04;-1.11;0.27;
0.61;-0.43;-0.12;-0.05;-1.11;0.28;
0.49;0.00;-0.24;-0.06;-1.11;0.27;
0.06;0.12;-0.37;-0.04;-1.12;0.27;
0.24;0.55;0.00;-0.05;-1.11;0.28;
0.85;-0.24;-0.12;-0.04;-1.11;0.28;
0.85;0.24;0.06;-0.05;-1.11;0.28;
0.18;0.30;0.00;-0.05;-1.11;0.28;
0.61;0.00;0.00;-0.05;-1.11;0.29;
0.55;0.37;-0.12;-0.05;-1.12;0.27;
0.61;0.98;0.37;-0.05;-1.11;0.29;
0.55;-0.06;0.00;-0.04;-1.11;0.28;
0.24;0.24;0.24;-0.05;-1.12;0.28;
0.06;0.18;0.24;-0.04;-1.11;0.28;
0.91;-0.12;0.24;-0.04;-1.11;0.28;
-0.18;0.12;0.06;-0.05;-1.12;0.28;
0.55;0.06;-0.30;-0.04;-1.11;0.28;
0.79;-0.67;0.55;-0.05;-1.12;0.28;
0.79;0.67;-0.06;-0.04;-1.11;0.28;
0.67;1.04;0.12;-0.04;-1.11;0.28;
0.37;0.12;0.00;-0.05;-1.12;0.27;
0.24;-0.73;0.24;-0.05;-1.11;0.28;
0.18;0.00;-0.49;-0.05;-1.11;0.28;
0.43;0.67;-0.30;-0.05;-1.11;0.27;
0.79;0.12;-0.67;-0.05;-1.11;0.28;
0.06;-0.12;0.30;-0.05;-1.11;0.27;
0.30;0.30;0.49;-0.05;-1.11;0.29;
0.43;0.18;0.49;-0.05;-1.11;0.27;
0.43;0.00;0.12;-0.05;-1.11;0.28;
0.55;0.12;0.37;-0.04;-1.11;0.28;
0.61;0.55;0.06;-0.05;-1.11;0.28;
0.43;0.12;-0.30;-0.05;-1.12;0.29;
-0.18;0.00;-0.12;-0.05;-1.12;0.28;
0.43;0.18;-0.12;-0.05;-1.12;0.29;
1.22;0.12;0.61;-0.05;-1.11;0.28;
0.00;0.73;0.12;-0.04;-1.11;0.28;
0.61;0.37;-0.18;-0.05;-1.11;0.28;
0.12;-0.18;-0.24;-0.05;-1.11;0.27;
0.24;0.30;-0.18;-0.04;-1.11;0.28;
0.30;-0.12;0.00;-0.05;-1.11;0.27;
1.10;-0.12;-0.18;-0.05;-1.11;0.28;
-0.18;0.43;-0.18;-0.05;-1.12;0.27;
0.49;-0.37;-0.37;-0.04;-1.12;0.28;
0.79;0.37;0.43;-0.05;-1.10;0.28;
0.30;0.55;0.30;-0.05;-1.11;0.27;
0.55;-0.06;0.06;-0.05;-1.11;0.28;
0.91;-0.06;-0.12;-0.06;-1.11;0.28;
0.12;0.12;-0.24;-0.05;-1.11;0.28;
0.73;-0.18;0.06;-0.05;-1.11;0.28;
0.37;0.24;0.00;-0.05;-1.12;0.28;
0.49;0.24;-0.37;-0.06;-1.12;0.28;
0.30;0.85;-0.06;-0.06;-1.11;0.28;
0.98;0.24;0.00;-0.05;-1.11;0.28;
0.00;0.24;-0.06;-0.04;-1.11;0.28;
0.55;-0.06;0.18;-0.05;-1.12;0.28;
0.67;0.24;0.00;-0.04;-1.11;0.28;
0.79;-0.06;0.24;-0.05;-1.11;0.28;
0.43;0.06;0.67;-0.04;-1.12;0.26;
1.22;1.10;0.98;-0.05;-1.11;0.28;
0.91;0.24;0.43;-0.05;-1.11;0.28;
0.55;0.12;-0.24;-0.04;-1.12;0.28;
0.55;0.24;-0.12;-0.06;-1.11;0.28;
0.43;0.00;0.00;-0.05;-1.11;0.28;
0.12;0.67;0.18;-0.05;-1.11;0.28;
0.37;0.43;0.24;-0.05;-1.11;0.28;
0.18;0.24;-0.43;-0.04;-1.11;0.27;
0.67;0.24;0.00;-0.04;-1.11;0.28;
10.79;-6.77;9.57;-0.07;-1.15;0.28;
0.06;-0.55;0.12;-0.06;-1.11;0.29;
0.61;0.00;-0.49;-0.06;-1.10;0.28;
0.49;-0.61;-0.24;-0.07;-1.11;0.29;
0.61;0.30;0.24;-0.06;-1.11;0.29;
0.61;0.24;0.30;-0.05;-1.11;0.29;
0.73;0.06;0.49;-0.06;-1.11;0.29;
0.61;0.12;0.43;-0.06;-1.11;0.27;
1.10;-0.85;-0.37;-0.05;-1.11;0.29;
1.10;-0.24;-0.24;-0.06;-1.12;0.28;
0.73;0.30;0.30;-0.06;-1.11;0.29;
0.61;0.73;0.30;-0.06;-1.12;0.29;
-0.12;-0.61;-0.12;-0.06;-1.11;0.29;
0.24;0.73;0.73;-0.06;-1.11;0.28;
0.55;0.49;0.06;-0.06;-1.11;0.29;
0.61;-0.30;0.12;-0.06;-1.11;0.29;
0.43;0.30;0.12;-0.06;-1.11;0.28;
0.37;0.06;-0.24;-0.06;-1.11;0.28;
0.43;-0.24;0.00;-0.06;-1.11;0.28;
0.37;0.55;0.37;-0.06;-1.11;0.28;
-0.12;-0.18;-0.79;-0.06;-1.11;0.28;
0.00;-0.30;-0.30;-0.05;-1.10;0.28;
0.61;0.43;0.06;-0.06;-1.11;0.29;
0.55;-0.06;0.06;-0.06;-1.11;0.30;
0.67;-0.06;0.24;-0.06;-1.11;0.28;
0.73;0.79;0.43;-0.06;-1.11;0.29;
0.37;0.12;0.06;-0.06;-1.11;0.29;
-0.06;-0.06;-0.18;-0.06;-1.11;0.29;
0.43;-0.12;-0.37;-0.06;-1.10;0.28;
0.73;0.30;0.12;-0.07;-1.11;0.28;
0.18;0.00;-0.06;-0.06;-1.11;0.29;
0.67;0.30;-0.30;-0.06;-1.11;0.28;
0.61;0.06;0.67;-0.06;-1.11;0.28;
0.49;0.73;0.49;-0.06;-1.11;0.29;
0.37;0.00;-0.43;-0.06;-1.11;0.29;
0.37;-0.37;0.06;-0.06;-1.11;0.28;
0.49;0.24;-0.12;-0.06;-1.10;0.29;
0.37;0.12;0.49;-0.06;-1.11;0.28;
0.24;0.12;0.06;-0.06;-1.11;0.28;
1.52;0.12;0.55;-0.06;-1.11;0.28;
0.24;-0.06;0.18;-0.06;-1.11;0.29;
0.49;0.49;0.12;-0.06;-1.10;0.28;
0.85;-0.06;0.37;-0.06;-1.10;0.30;
0.18;0.00;0.43;-0.07;-1.10;0.29;
0.37;0.61;0.30;-0.05;-1.11;0.29;
0.79;-0.18;-0.55;-0.06;-1.11;0.29;
0.61;0.18;0.37;-0.06;-1.10;0.29;
0.67;0.18;-0.43;-0.05;-1.11;0.28;
0.55;-0.43;-0.43;-0.06;-1.10;0.28;
0.55;0.43;0.06;-0.06;-1.11;0.28;
0.55;0.06;-0.06;-0.06;-1.11;0.29;
1.10;0.18;0.55;-0.06;-1.11;0.29;
0.73;0.67;0.37;-0.06;-1.11;0.29;
0.79;0.30;-0.18;-0.05;-1.11;0.29;
0.43;-0.79;0.06;-0.06;-1.11;0.28;
0.49;0.00;-0.61;-0.06;-1.11;0.29;
0.85;-0.18;0.43;-0.06;-1.10;0.28;
0.18;0.30;0.37;-0.07;-1.11;0.29;
0.37;-0.06;-0.18;-0.06;-1.11;0.29;
0.85;0.55;0.49;-0.06;-1.10;0.29;
0.06;0.24;0.37;-0.06;-1.11;0.29;
0.67;-0.18;0.06;-0.06;-1.11;0.29;
0.43;0.79;0.00;-0.06;-1.11;0.29;
0.49;0.12;-0.30;-0.06;-1.11;0.29;
0.18;0.30;-0.43;-0.06;-1.11;0.28;
0.61;-0.24;0.06;-0.06;-1.11;0.28;
0.98;-0.24;-0.37;-0.07;-1.12;0.29;
0.91;-0.06;0.12;-0.05;-1.11;0.28;
0.37;0.12;0.30;-0.06;-1.11;0.30;
0.49;0.06;0.67;-0.07;-1.10;0.28;
0.24;0.06;0.37;-0.06;-1.11;0.29;
1.10;0.37;0.73;-0.06;-1.11;0.29;
0.73;0.67;-0.12;-0.06;-1.11;0.29;
0.49;0.06;0.06;-0.06;-1.10;0.29;
-1.59;1.22;-2.87;-0.06;-1.10;0.28;
-4.94;0.55;-6.52;-0.05;-1.10;0.28;
0.98;-0.73;0.24;-0.06;-1.10;0.29;
0.79;0.79;0.00;-0.06;-1.11;0.28;
0.79;-0.55;-0.55;-0.06;-1.11;0.29;
0.98;0.24;-0.06;-0.06;-1.10;0.29;
-0.18;0.43;0.18;-0.06;-1.11;0.29;
0.79;0.37;-0.30;-0.06;-1.10;0.29;
-1.34;-0.98;-1.95;-0.07;-1.11;0.29;
0.37;0.24;0.37;-0.06;-1.11;0.29;
0.30;0.00;0.06;-0.06;-1.10;0.28;
0.61;0.00;-0.18;-0.05;-1.11;0.29;
0.18;0.24;-0.30;-0.06;-1.11;0.29;
0.37;-0.37;-0.18;-0.05;-1.10;0.28;
0.12;0.49;0.37;-0.06;-1.10;0.29;
0.55;-0.24;0.00;-0.05;-1.11;0.29;
0.43;0.06;0.43;-0.05;-1.11;0.29;
0.30;0.73;0.37;-0.06;-1.11;0.28;
0.67;-0.24;0.24;-0.06;-1.11;0.30;
0.85;0.85;0.12;-0.06;-1.11;0.29;
0.00;-0.37;-0.24;-0.05;-1.10;0.29;
0.43;0.00;-0.12;-0.06;-1.10;0.29;
3.05;0.12;2.93;-0.06;-1.11;0.30;
0.43;0.06;0.18;-0.06;-1.11;0.28;
0.67;0.24;-0.24;-0.07;-1.11;0.28;
0.98;0.06;-0.24;-0.06;-1.11;0.29;
0.06;0.43;-0.12;-0.05;-1.11;0.29;
1.28;0.12;-0.06;-0.06;-1.11;0.29;
0.73;-0.24;0.00;-0.06;-1.11;0.28;
0.73;0.12;-0.06;-0.07;-1.10;0.30;
0.98;-0.91;0.37;-0.06;-1.10;0.29;
0.43;0.37;0.12;-0.06;-1.11;0.27;
0.37;0.37;-0.12;-0.06;-1.11;0.29;
0.12;0.00;-0.67;-0.06;-1.12;0.29;
0.37;0.06;0.61;-0.06;-1.10;0.28;
0.37;0.91;0.30;-0.06;-1.10;0.29;
0.67;0.30;-0.30;-0.06;-1.11;0.28;
0.61;0.24;0.30;-0.06;-1.11;0.29;
0.79;-0.06;0.06;-0.06;-1.11;0.29;
0.37;0.37;0.49;-0.06;-1.11;0.28;
0.18;-0.43;-0.37;-0.05;-1.11;0.29;
0.30;0.43;-0.12;-0.06;-1.10;0.29;
1.34;0.06;0.30;-0.06;-1.12;0.28;
0.55;-0.30;-0.18;-0.06;-1.11;0.28;
0.67;-0.18;0.18;-0.06;-1.11;0.28;
0.61;0.49;0.00;-0.06;-1.11;0.29;
0.30;-0.18;0.06;-0.06;-1.11;0.29;
0.37;-0.06;-0.55;-0.07;-1.11;0.28;
-0.37;0.43;0.06;-0.06;-1.11;0.29;
0.49;-0.30;-0.12;-0.06;-1.11;0.29;
0.91;-0.18;0.30;-0.05;-1.12;0.28;
0.24;0.12;0.00;-0.06;-1.11;0.28;
0.55;0.06;0.37;-0.06;-1.10;0.28;
0.91;0.12;0.06;-0.06;-1.10;0.29;
0.49;0.37;0.06;-0.06;-1.11;0.29;
0.67;-0.18;-0.37;-0.07;-1.11;0.29;
-0.12;0.24;-0.24;-0.06;-1.11;0.28;
0.30;0.73;0.12;-0.06;-1.10;0.29;
0.79;0.06;0.12;-0.06;-1.11;0.28;
0.67;0.30;0.43;-0.06;-1.11;0.28;
0.43;0.24;0.30;-0.06;-1.11;0.28;
0.49;0.24;-0.18;-0.07;-1.11;0.28;
0.61;-0.24;0.00;-0.06;-1.11;0.29;
0.49;-0.24;-0.12;-0.06;-1.10;0.29;
0.67;0.79;0.49;-0.06;-1.11;0.28;
0.85;0.18;0.00;-0.06;-1.11;0.29;
0.24;0.18;0.18;-0.06;-1.10;0.28;
0.37;0.43;-0.18;-0.06;-1.12;0.28;
0.67;0.18;-0.18;-0.06;-1.10;0.29;
0.79;-0.30;0.06;-0.06;-1.11;0.29;
0.73;0.24;-0.12;-0.06;-1.10;0.29;
0.37;0.43;0.85;-0.06;-1.10;0.28;
-0.06;0.67;0.30;-0.06;-1.10;0.29;
0.73;-0.61;-0.61;-0.06;-1.11;0.29;
0.30;0.30;0.12;-0.06;-1.11;0.29;
0.06;0.43;-0.24;-0.07;-1.11;0.28;
-2.07;-0.55;-3.66;-0.06;-1.12;0.28;
-2.62;2.87;-4.63;-0.05;-1.10;0.32;
-5.18;0.30;-4.45;-0.06;-1.10;0.28;
-0.18;0.30;0.37;-0.06;-1.11;0.29;
0.37;-0.12;-0.18;-0.06;-1.11;0.29;
0.67;0.06;0.24;-0.07;-1.11;0.28;
0.55;0.30;0.06;-0.06;-1.11;0.30;
0.85;-0.37;-0.30;-0.06;-1.11;0.28;
0.67;0.30;0.18;-0.06;-1.11;0.30;
0.24;0.06;0.18;-0.08;-1.10;0.29;
0.12;0.55;0.00;-0.06;-1.12;0.29;
-0.06;0.37;0.85;-0.07;-1.11;0.29;
0.43;0.30;0.24;-0.06;-1.10;0.29;
0.55;1.46;0.49;-0.06;-1.12;0.29;
1.04;0.00;0.30;-0.06;-1.11;0.29;
0.00;0.00;-0.67;-0.07;-1.11;0.29;
-0.12;0.61;-0.61;-0.06;-1.11;0.28;
-0.49;0.24;0.06;-0.06;-1.12;0.27;
0.73;0.43;0.30;-0.06;-1.11;0.28;
1.16;-0.30;0.61;-0.06;-1.11;0.29;
0.49;0.85;1.22;-0.07;-1.10;0.29;
0.73;-0.91;-0.79;-0.05;-1.10;0.27;
1.59;1.71;2.62;-0.06;-1.10;0.30;
0.43;-0.18;-0.55;-0.06;-1.11;0.28;
0.67;0.12;0.12;-0.06;-1.11;0.29;
0.24;-0.06;0.12;-0.07;-1.11;0.28;
