-7.38;-5.00;-18.35;0.98;-0.30;-0.11;0.85;1.28;-0.67;0.03;0.81;-0.52;2.20;-4.27;1.04;-0.43;-0.73;-0.46;-4.45;-3.54;0.43;0.42;-0.67;0.67;-0.12;-0.49;0.55;0.19;-0.26;0.99;-1.22;0.85;-3.66;0.66;0.64;0.42;
-10.06;1.77;-7.74;1.02;-0.20;-0.08;2.80;-0.67;-0.37;0.04;0.83;-0.52;5.61;-0.55;2.68;-0.39;-0.72;-0.49;5.91;2.93;-0.24;0.46;-0.64;0.66;0.30;-0.43;0.24;0.18;-0.26;0.99;0.06;1.40;3.48;0.65;0.63;0.42;
2.50;2.68;0.73;1.00;-0.23;-0.08;-0.49;0.55;0.43;0.06;0.83;-0.51;-0.37;-0.37;-1.04;-0.41;-0.73;-0.48;2.87;0.43;-0.73;0.44;-0.64;0.66;0.30;-0.55;0.24;0.18;-0.26;0.99;0.06;-0.06;0.79;0.63;0.63;0.42;0.49;-0.06;-0.12;-0.11;0.20;-0.97;0.30;-0.06;-0.18;0.25;0.44;0.87;
-2.07;-4.27;-0.12;0.99;-0.23;-0.12;0.12;0.00;-0.30;0.07;0.83;-0.51;0.24;-0.55;-1.46;-0.41;-0.75;-0.44;1.65;0.18;0.06;0.44;-0.61;0.69;0.06;-0.43;0.43;0.19;-0.27;0.99;0.12;0.61;1.77;0.64;0.64;0.42;
-5.43;1.83;-6.52;0.99;-0.28;-0.14;0.37;0.37;0.18;0.06;0.83;-0.51;-0.67;0.06;-0.30;-0.42;-0.76;-0.46;0.18;-0.24;0.12;0.43;-0.61;0.69;0.00;0.06;0.61;0.19;-0.26;0.98;-0.55;0.85;1.16;0.63;0.64;0.42;0.43;0.12;-0.73;0.26;0.44;0.87;
0.73;0.12;1.10;0.99;-0.21;-0.14;-0.06;0.37;-0.49;0.06;0.83;-0.52;-0.30;-0.12;-0.18;-0.42;-0.75;-0.45;1.34;0.06;-0.24;0.43;-0.60;0.71;0.30;-0.79;0.00;0.19;-0.27;1.00;0.06;1.04;1.52;0.64;0.63;0.42;0.30;0.18;0.37;-0.11;0.20;-0.97;0.49;-0.18;-0.43;0.26;0.45;0.87;
-2.13;0.06;-0.49;0.99;-0.22;-0.15;1.16;-0.06;0.37;0.06;0.83;-0.51;0.55;-1.16;-1.16;-0.42;-0.74;-0.46;-1.52;-0.85;1.10;0.43;-0.60;0.70;0.37;-0.18;0.00;0.19;-0.26;0.99;0.43;0.30;0.98;0.62;0.63;0.41;
-0.67;1.16;-0.37;0.99;-0.22;-0.12;0.61;0.61;0.12;0.07;0.82;-0.52;0.73;-0.18;-1.22;-0.41;-0.74;-0.45;-0.18;-0.43;-0.06;0.43;-0.61;0.68;0.55;-0.49;0.43;0.18;-0.27;1.00;0.61;0.85;1.34;0.64;0.64;0.42;
-0.12;-0.06;0.49;0.99;-0.22;-0.12;0.85;0.55;0.12;0.06;0.83;-0.53;0.85;0.18;-0.43;-0.41;-0.74;-0.45;1.04;-0.18;-0.24;0.44;-0.61;0.69;0.00;0.00;0.73;0.19;-0.26;0.99;-0.37;0.67;1.77;0.64;0.63;0.42;1.10;-0.24;-0.61;-0.12;0.20;-0.98;0.30;0.12;-0.61;0.25;0.45;0.88;
-0.73;-1.77;0.18;0.99;-0.21;-0.13;0.43;0.61;0.30;0.06;0.83;-0.51;0.98;-1.59;-0.91;-0.41;-0.74;-0.46;-2.93;-0.79;0.37;0.42;-0.61;0.68;-0.12;0.49;-0.12;0.20;-0.27;0.99;-0.61;1.22;7.50;0.62;0.63;0.45;
-5.98;-1.04;-1.83;0.98;-0.28;-0.06;0.79;-1.04;0.18;0.07;0.82;-0.52;-3.72;2.13;-1.89;-0.43;-0.72;-0.48;-1.71;-0.98;-0.49;0.44;-0.64;0.66;1.71;0.43;1.71;0.19;-0.22;0.99;0.91;-0.18;3.11;0.63;0.62;0.43;
0.85;0.91;-6.28;0.98;-0.29;-0.03;0.67;0.06;-0.24;0.06;0.83;-0.52;2.68;-2.38;1.40;-0.43;-0.71;-0.50;3.11;-0.37;0.00;0.42;-0.64;0.66;0.37;-0.12;0.06;0.19;-0.22;1.00;-0.49;-0.67;-1.10;0.64;0.63;0.42;
-4.57;-5.00;-0.73;0.99;-0.29;-0.12;0.98;0.61;-1.16;0.07;0.83;-0.51;1.89;0.24;-1.04;-0.43;-0.75;-0.44;-0.98;-0.91;-0.37;0.42;-0.62;0.69;0.06;-0.37;0.24;0.20;-0.23;1.00;1.10;0.18;0.91;0.64;0.63;0.42;
-1.83;-0.55;-0.18;0.97;-0.29;-0.10;1.04;0.18;0.67;0.06;0.83;-0.52;-0.06;0.30;-1.40;-0.43;-0.74;-0.44;-0.91;-1.65;0.30;0.42;-0.62;0.68;0.00;-0.06;0.37;0.20;-0.21;1.01;-0.24;0.37;1.46;0.65;0.63;0.42;
-1.46;0.00;-0.30;0.98;-0.28;-0.09;1.22;0.43;0.79;0.06;0.83;-0.52;0.67;-1.04;0.06;-0.43;-0.74;-0.46;0.30;-0.55;0.18;0.43;-0.64;0.68;-0.24;-0.67;0.49;0.20;-0.22;1.02;-1.16;1.34;1.71;0.64;0.63;0.42;
0.37;1.10;0.55;0.98;-0.28;-0.10;-0.30;0.18;-0.06;0.07;0.82;-0.52;0.67;-0.12;-0.73;-0.43;-0.74;-0.45;2.56;1.10;-0.67;0.42;-0.63;0.68;0.55;0.00;0.06;0.19;-0.22;1.02;0.12;1.46;1.40;0.65;0.63;0.42;0.79;-0.06;0.55;-0.12;0.19;-0.98;0.37;0.12;-0.55;0.27;0.41;0.88;
-1.04;-1.34;-0.37;0.97;-0.29;-0.12;-0.37;0.06;0.61;0.07;0.83;-0.52;-1.22;0.00;0.06;-0.42;-0.75;-0.44;-5.30;-1.59;2.13;0.44;-0.63;0.66;0.55;-0.37;0.30;0.20;-0.22;1.00;2.50;3.60;4.63;0.69;0.62;0.43;
-2.26;3.54;-2.62;0.96;-0.32;-0.05;-0.85;0.00;0.73;0.07;0.82;-0.52;-2.56;0.73;1.34;-0.43;-0.74;-0.48;3.84;-1.04;-1.77;0.43;-0.66;0.65;0.18;1.77;-2.13;0.20;-0.25;1.01;-2.62;0.00;2.74;0.65;0.63;0.42;0.49;-0.37;-0.12;-0.12;0.21;-0.98;14.09;5.06;-8.78;0.23;0.49;0.84;
-2.07;-3.23;-5.12;0.97;-0.30;-0.05;0.49;0.67;-0.91;0.06;0.82;-0.54;-3.66;-1.04;-0.85;-0.42;-0.73;-0.46;1.65;0.98;0.12;0.44;-0.67;0.63;1.22;-0.30;0.37;0.20;-0.23;1.00;-3.05;0.00;2.38;0.65;0.63;0.40;
1.16;-0.06;6.77;0.99;-0.28;-0.05;2.32;1.22;0.49;0.07;0.82;-0.52;1.83;0.49;-0.73;-0.42;-0.72;-0.45;0.98;0.30;-0.91;0.45;-0.65;0.64;0.91;-0.43;0.37;0.19;-0.22;1.00;0.43;0.73;1.16;0.65;0.64;0.42;-0.30;0.06;-0.06;-0.11;0.20;-0.97;0.49;0.12;-0.06;0.27;0.40;0.88;
-7.01;-3.05;-6.95;0.97;-0.28;-0.08;1.16;-0.79;1.95;0.08;0.82;-0.51;-2.32;3.60;-2.13;-0.40;-0.75;-0.48;1.77;-3.29;-2.20;0.45;-0.63;0.67;0.85;-0.55;0.30;0.20;-0.22;1.00;1.71;-0.61;-2.13;0.62;0.64;0.41;-0.12;0.43;-0.06;-0.12;0.21;-0.97;0.12;-0.49;-0.18;0.27;0.40;0.87;
-4.70;15.43;-15.73;1.02;-0.13;-0.21;0.85;-3.11;-1.46;0.06;0.82;-0.49;-28.05;6.22;2.26;-0.38;-0.77;-0.52;23.17;12.13;-4.21;0.48;-0.54;0.68;0.12;-0.73;0.12;0.21;-0.22;0.99;1.10;3.11;2.44;0.66;0.62;0.42;
-6.59;9.33;-16.65;1.10;0.02;0.03;-24.51;-11.34;5.43;0.10;0.77;-0.34;-42.99;10.73;-10.79;-0.34;-0.46;-0.89;-94.45;-37.68;-10.18;0.48;-0.27;1.03;-2.26;0.06;0.91;0.19;-0.23;0.99;-102.20;11.46;17.56;0.74;0.29;0.77;-0.61;0.06;0.00;-0.11;0.20;-0.97;0.06;0.12;-0.18;0.29;0.41;0.89;
-1.04;-24.09;-20.49;1.12;0.19;0.09;-4.27;9.33;-10.85;0.16;0.84;-0.34;-35.49;-2.68;-15.06;-0.28;-0.48;-0.76;30.55;-4.63;2.32;0.48;-0.71;0.61;6.59;-1.77;-0.73;0.20;-0.24;1.01;1.40;4.76;6.89;0.66;0.62;0.44;0.79;0.18;0.30;-0.11;0.20;-0.97;
-8.23;1.22;-11.16;0.99;-0.11;0.27;8.78;-7.50;4.70;0.19;0.92;-0.31;10.06;-4.02;-5.98;-0.43;-0.57;-0.74;8.72;4.27;-1.71;0.46;-0.74;0.61;1.04;-0.37;0.12;0.20;-0.22;1.00;-0.98;2.01;1.83;0.65;0.63;0.39;
1.10;-0.61;1.71;0.99;-0.04;0.21;6.77;0.79;0.79;0.19;0.89;-0.35;-13.48;5.43;-9.33;-0.37;-0.57;-0.69;-1.16;-8.35;0.85;0.44;-0.71;0.60;0.61;-0.55;0.55;0.19;-0.22;1.00;7.62;-2.13;-1.34;0.68;0.60;0.38;
-2.20;-7.26;7.68;0.98;-0.08;0.23;1.83;2.32;1.16;0.20;0.86;-0.41;14.57;-0.79;1.83;-0.38;-0.59;-0.67;-2.32;-0.55;0.24;0.45;-0.75;0.55;0.06;-0.12;0.49;0.20;-0.23;1.01;4.15;2.01;-0.18;0.69;0.64;0.36;
-0.67;0.55;0.79;1.00;-0.12;0.25;0.73;0.30;0.49;0.22;0.86;-0.38;-0.18;-0.91;-0.85;-0.37;-0.65;-0.62;1.04;-1.04;-0.67;0.47;-0.72;0.55;-0.12;-0.43;0.12;0.20;-0.23;1.01;-0.37;0.98;1.22;0.68;0.61;0.37;-2.44;-8.66;-5.12;0.05;0.20;-1.03;-0.18;-0.12;-0.18;0.28;0.40;0.88;
0.37;0.91;-0.49;1.00;-0.11;0.24;0.91;0.49;0.06;0.21;0.87;-0.39;-0.06;-0.49;-0.91;-0.36;-0.65;-0.62;1.22;-0.55;-0.37;0.48;-0.72;0.56;-0.37;-0.12;0.30;0.20;-0.22;1.01;0.18;0.00;0.91;0.68;0.62;0.37;0.06;0.43;-0.06;-0.12;0.20;-0.97;0.30;-0.49;-0.37;0.28;0.40;0.89;
-0.43;1.40;-23.66;0.97;-0.06;0.27;-3.23;3.23;3.54;0.22;0.91;-0.36;-53.96;5.18;23.96;-0.42;-0.59;-0.67;-37.74;-27.62;3.05;0.53;-0.80;0.45;-2.74;-0.73;1.89;0.19;-0.22;1.01;1.52;-8.54;-5.61;0.68;0.70;0.30;0.49;0.12;-0.12;-0.12;0.21;-0.98;-0.30;-0.98;0.30;0.27;0.41;0.89;
-14.57;13.17;-41.10;0.86;0.39;0.46;12.20;-2.26;9.33;0.33;0.82;-0.39;-64.45;46.83;10.98;-0.27;0.04;-0.96;-3.11;-17.20;3.35;0.45;-0.75;0.43;-0.43;-0.06;0.12;0.19;-0.23;1.01;-0.06;-1.40;-0.85;0.73;0.64;0.34;
1.83;1.04;-3.78;0.63;0.56;0.59;2.87;-0.18;1.95;0.36;0.68;-0.51;-5.61;-4.45;7.68;-0.17;0.13;-0.97;-5.24;-1.46;2.56;0.42;-0.90;0.29;0.37;-0.30;0.30;0.19;-0.21;1.00;2.38;-2.20;-0.79;0.71;0.63;0.23;0.61;0.24;0.06;-0.12;0.20;-0.97;
-15.24;7.13;7.74;0.58;0.49;0.56;7.32;-2.50;4.94;0.39;0.61;-0.56;-13.90;6.04;-5.37;-0.18;0.18;-0.98;7.99;1.22;0.18;0.44;-0.85;0.30;0.30;-0.61;0.12;0.20;-0.22;1.00;2.50;5.49;3.78;0.72;0.62;0.25;-1.52;1.40;0.61;-0.11;0.20;-0.96;
3.05;1.77;1.46;0.58;0.61;0.57;3.54;7.74;-5.73;0.36;0.71;-0.55;5.24;-0.98;-11.22;-0.16;0.21;-0.96;-5.49;-10.91;7.87;0.40;-0.88;0.25;0.55;-0.37;0.00;0.20;-0.22;0.99;-23.05;9.51;14.27;0.76;0.69;0.20;0.67;-0.24;-0.18;-0.10;0.23;-0.96;0.30;-0.30;-0.12;0.28;0.41;0.89;
-1.28;9.39;8.23;0.47;0.65;0.62;4.39;3.72;5.43;0.34;0.73;-0.53;-7.50;-3.29;-13.90;-0.23;0.15;-1.01;-15.55;-12.44;0.61;0.36;-0.95;0.10;-0.18;-0.18;0.43;0.20;-0.22;1.00;-8.23;-4.39;-4.02;0.73;0.54;0.30;0.49;0.06;-0.18;-0.11;0.22;-0.97;-1.71;-1.10;0.55;0.29;0.40;0.89;
3.54;1.83;-1.16;0.43;0.64;0.66;2.07;4.51;0.37;0.35;0.58;-0.70;-6.52;-1.83;5.55;-0.16;0.16;-0.96;-6.34;-3.05;5.12;0.38;-0.96;-0.05;0.00;-0.55;0.61;0.19;-0.21;1.00;-2.62;-1.89;-1.22;0.71;0.63;0.26;-0.24;0.12;0.37;-0.10;0.23;-0.96;
10.12;10.49;0.37;0.53;0.66;0.62;-0.79;1.28;0.98;0.38;0.63;-0.70;1.16;-4.57;8.41;-0.15;0.07;-0.91;18.17;5.24;-1.16;0.40;-1.00;-0.01;-0.43;-0.49;0.24;0.19;-0.22;1.00;-0.49;0.06;-0.18;0.74;0.63;0.25;
-0.43;-0.67;-0.18;0.45;0.67;0.65;-0.43;0.61;1.22;0.36;0.60;-0.65;-4.39;-1.52;0.43;-0.18;0.16;-0.94;3.05;-1.04;-0.55;0.39;-0.94;-0.02;0.24;-0.37;0.30;0.19;-0.21;1.00;-0.67;0.06;1.28;0.72;0.64;0.25;
1.89;1.10;0.37;0.45;0.66;0.64;0.06;0.37;-0.73;0.38;0.60;-0.67;0.55;-0.91;-0.73;-0.17;0.16;-0.94;1.59;-0.06;0.18;0.41;-0.94;-0.01;0.30;-0.37;0.24;0.20;-0.22;1.01;0.91;0.73;1.10;0.71;0.65;0.24;0.30;0.12;-0.49;-0.10;0.23;-0.96;
-0.98;-1.40;0.49;0.46;0.67;0.63;1.22;-0.06;-0.43;0.37;0.61;-0.66;-1.16;-0.85;-1.16;-0.17;0.16;-0.95;0.12;-1.04;0.98;0.39;-0.93;-0.02;0.43;-0.61;0.12;0.20;-0.21;1.01;-0.79;0.49;1.83;0.71;0.65;0.25;
0.12;0.43;-0.37;0.46;0.67;0.64;0.24;0.30;0.73;0.37;0.60;-0.66;-0.55;-0.30;-0.91;-0.17;0.16;-0.94;0.30;-0.06;0.00;0.41;-0.93;-0.02;0.12;-0.30;0.06;0.19;-0.21;1.00;-0.12;0.61;1.77;0.71;0.65;0.24;-0.06;0.24;-0.12;-0.11;0.24;-0.97;
0.67;0.18;0.37;0.44;0.66;0.64;0.43;-0.06;-0.24;0.37;0.60;-0.67;0.12;-0.49;-1.77;-0.17;0.16;-0.95;1.40;-0.37;0.00;0.40;-0.93;-0.02;0.43;-0.06;0.61;0.19;-0.22;1.00;-0.98;0.91;0.98;0.70;0.65;0.24;-0.24;0.18;0.30;-0.10;0.23;-0.96;
-2.01;-0.98;0.00;0.44;0.66;0.64;-0.12;-0.18;0.24;0.38;0.61;-0.67;1.71;-0.79;-0.85;-0.18;0.17;-0.94;0.73;-0.24;-0.06;0.41;-0.94;-0.02;0.49;-0.37;0.00;0.19;-0.22;1.00;-0.18;0.37;1.22;0.71;0.65;0.25;
-0.49;0.18;-0.30;0.45;0.66;0.64;0.37;0.37;0.55;0.37;0.60;-0.66;0.24;0.18;-0.73;-0.18;0.16;-0.95;0.79;0.37;-0.18;0.40;-0.94;-0.02;-0.49;-0.61;-0.06;0.20;-0.21;1.00;-1.10;0.67;1.77;0.71;0.64;0.25;0.12;-0.24;-0.43;0.27;0.41;0.88;
0.61;0.61;0.00;0.45;0.67;0.63;0.98;0.12;1.28;0.37;0.60;-0.66;-0.67;-0.06;-0.49;-0.17;0.15;-0.95;0.85;-1.04;-0.61;0.41;-0.93;-0.01;0.37;-0.18;0.73;0.19;-0.21;1.00;0.00;0.61;1.22;0.70;0.65;0.25;0.06;0.06;0.37;-0.11;0.23;-0.96;
0.12;0.24;-0.43;0.44;0.67;0.63;0.49;-0.24;0.24;0.39;0.60;-0.67;0.30;-0.67;-0.91;-0.18;0.16;-0.94;0.61;-0.12;-0.43;0.40;-0.94;-0.00;-0.18;-0.37;0.43;0.20;-0.20;1.00;0.30;0.43;1.40;0.71;0.65;0.25;0.30;-0.55;0.00;-0.10;0.23;-0.97;
-3.54;-1.83;-0.06;0.44;0.67;0.63;1.40;0.30;0.06;0.38;0.59;-0.66;-0.43;-0.12;-1.34;-0.18;0.16;-0.95;-0.43;-0.49;-0.12;0.41;-0.94;-0.01;0.24;-0.37;0.43;0.20;-0.21;1.00;-0.67;0.43;1.77;0.71;0.65;0.25;
-0.85;-1.10;0.30;0.43;0.66;0.63;0.79;0.24;0.37;0.37;0.60;-0.65;0.67;-0.55;-1.22;-0.17;0.17;-0.95;-0.79;-0.73;0.30;0.40;-0.93;-0.00;0.43;0.18;0.06;0.20;-0.21;1.00;0.06;1.34;0.73;0.71;0.65;0.24;-0.37;-0.37;-0.98;-0.11;0.23;-0.97;
0.37;0.55;0.12;0.44;0.70;0.62;0.73;-0.18;-0.37;0.38;0.62;-0.66;0.91;-1.22;-0.85;-0.17;0.17;-0.94;-0.18;-0.98;0.24;0.40;-0.94;-0.01;0.24;-0.12;0.61;0.19;-0.22;1.00;-0.30;0.85;1.28;0.71;0.65;0.24;3.11;0.00;-0.85;-0.10;0.23;-0.97;
0.55;-0.18;0.24;0.44;0.68;0.64;0.61;0.55;-0.37;0.38;0.60;-0.65;-1.22;0.18;-0.98;-0.17;0.17;-0.93;-0.73;-1.65;0.37;0.41;-0.94;-0.02;-0.37;-0.37;0.67;0.20;-0.21;1.00;1.16;0.67;-0.06;0.71;0.65;0.24;0.98;0.00;0.30;-0.11;0.23;-0.96;
-2.80;-5.43;-0.67;0.46;0.66;0.63;0.61;2.62;1.77;0.38;0.60;-0.67;-2.32;-1.34;1.46;-0.20;0.21;-0.97;-0.67;-0.55;-0.24;0.37;-0.94;-0.03;-0.18;0.12;0.00;0.20;-0.21;1.01;-0.55;0.43;2.01;0.71;0.65;0.24;-0.12;0.00;-0.12;-0.10;0.23;-0.97;
-3.66;-4.88;-7.74;0.47;0.63;0.66;0.61;0.67;0.00;0.37;0.62;-0.64;-2.68;-1.04;-1.65;-0.17;0.19;-0.91;-0.12;-1.59;0.37;0.37;-0.95;-0.06;1.10;-0.30;0.37;0.20;-0.22;1.01;1.16;0.61;0.98;0.71;0.64;0.24;
-0.98;-3.17;2.20;0.45;0.64;0.66;-0.67;-0.61;1.10;0.38;0.60;-0.67;3.78;-1.34;-1.16;-0.17;0.22;-0.95;0.49;0.12;-0.73;0.38;-0.95;-0.05;0.06;-0.49;0.00;0.19;-0.22;0.99;0.43;0.85;0.49;0.71;0.65;0.24;0.00;0.06;0.00;-0.11;0.23;-0.96;
1.71;1.59;1.16;0.45;0.66;0.64;0.91;0.18;0.24;0.38;0.58;-0.66;0.79;-0.98;-1.34;-0.17;0.19;-0.93;0.12;0.00;-1.22;0.39;-0.94;-0.05;0.06;-0.06;0.06;0.20;-0.21;1.00;0.00;0.43;1.40;0.72;0.64;0.25;-0.24;-0.12;-0.49;-0.11;0.23;-0.97;
2.50;1.34;3.72;0.44;0.65;0.65;1.04;0.67;-0.37;0.38;0.60;-0.66;-2.99;0.79;-0.98;-0.17;0.19;-0.93;-0.61;-0.37;-0.73;0.39;-0.95;-0.04;0.55;-0.55;0.55;0.20;-0.22;0.99;1.89;1.40;0.55;0.71;0.65;0.26;0.00;0.85;0.37;-0.11;0.24;-0.96;
1.16;-0.55;-2.56;0.44;0.67;0.65;1.04;-0.24;-0.73;0.37;0.60;-0.67;-0.61;0.61;-0.98;-0.16;0.19;-0.95;0.30;-1.04;-0.55;0.41;-0.93;-0.05;0.30;-0.06;0.30;0.19;-0.21;0.99;0.00;1.10;1.04;0.70;0.65;0.25;1.40;0.55;-0.61;0.28;0.41;0.88;
-3.29;-1.77;1.83;0.44;0.69;0.65;-0.12;0.55;1.59;0.37;0.59;-0.68;1.71;-1.95;-1.40;-0.17;0.20;-0.94;0.67;0.55;0.91;0.41;-0.94;-0.03;0.06;-0.55;-0.06;0.20;-0.22;0.99;-0.49;0.24;2.07;0.71;0.66;0.25;-0.06;-0.24;0.06;-0.10;0.24;-0.96;
-0.73;-0.30;0.12;0.44;0.66;0.64;-0.12;0.98;0.12;0.38;0.59;-0.67;-0.98;-0.30;-1.04;-0.17;0.18;-0.94;0.49;-1.04;0.00;0.40;-0.93;-0.04;0.43;-0.06;0.67;0.20;-0.21;1.01;-0.73;-0.37;1.52;0.71;0.65;0.25;
-0.49;0.00;0.12;0.45;0.66;0.64;0.24;0.37;0.73;0.37;0.60;-0.67;-1.95;0.18;-0.91;-0.18;0.19;-0.95;-0.67;-0.73;0.12;0.40;-0.94;-0.03;0.43;-0.30;0.37;0.20;-0.21;1.00;0.00;0.73;1.59;0.71;0.65;0.26;0.12;0.06;0.30;-0.10;0.24;-0.96;
-1.89;1.10;-0.37;0.44;0.67;0.63;-0.18;0.06;-0.85;0.37;0.59;-0.67;-0.91;0.12;-1.59;-0.16;0.19;-0.94;1.52;-0.67;-0.12;0.40;-0.94;-0.02;0.30;-0.30;0.18;0.20;-0.21;1.01;-0.85;1.04;1.16;0.71;0.64;0.24;
-1.77;-2.07;0.85;0.44;0.66;0.63;0.12;0.24;1.16;0.38;0.59;-0.67;0.18;0.12;-1.16;-0.17;0.19;-0.94;0.18;0.12;0.43;0.40;-0.94;-0.02;-1.04;0.67;0.73;0.20;-0.21;1.01;-0.49;0.67;1.22;0.70;0.65;0.25;-0.24;0.55;0.06;-0.11;0.23;-0.96;0.12;0.06;-0.67;0.28;0.41;0.88;
