-0.12;-0.06;-0.12;-0.14;0.01;-0.99;0.12;-0.30;0.61;0.01;0.06;-1.00;0.37;-0.85;-1.10;0.18;-0.37;0.93;0.79;-0.43;0.37;-0.49;-0.28;-0.83;0.49;0.00;0.37;0.02;-0.31;0.99;0.00;0.61;1.71;-0.17;-0.65;-0.78;0.43;0.18;0.00;0.04;-0.32;0.96;
0.12;-0.30;0.30;-0.14;0.01;-0.98;0.73;0.18;0.30;0.02;0.07;-1.00;-0.12;-0.30;-1.28;0.17;-0.36;0.94;0.55;-0.12;-0.43;-0.49;-0.28;-0.82;0.55;0.06;-0.18;0.01;-0.30;0.99;-0.12;0.61;1.04;-0.17;-0.66;-0.79;0.00;0.06;-0.12;0.04;-0.32;0.96;
-0.24;-0.12;0.55;-0.14;0.01;-0.98;0.12;-0.61;0.24;0.02;0.06;-1.00;0.30;0.37;-1.28;0.17;-0.36;0.93;0.18;-0.43;0.06;-0.48;-0.28;-0.84;-0.24;-0.24;0.85;0.02;-0.30;0.99;-0.24;0.85;1.65;-0.17;-0.65;-0.78;0.24;0.43;-0.43;0.04;-0.32;0.95;
-0.06;-0.30;0.00;-0.14;0.02;-0.98;0.79;0.55;0.00;0.02;0.06;-1.01;-0.06;-0.67;-1.22;0.17;-0.36;0.93;0.67;-0.55;0.43;-0.49;-0.28;-0.82;0.00;-0.37;0.73;0.02;-0.30;0.99;-0.12;0.49;1.77;-0.17;-0.65;-0.79;0.43;0.24;-0.18;0.04;-0.32;0.94;
-0.43;-0.61;0.43;-0.15;0.02;-0.98;0.30;0.00;0.43;0.02;0.06;-0.99;0.12;-0.49;-1.04;0.16;-0.36;0.93;0.00;-0.73;-0.24;-0.50;-0.28;-0.83;0.24;-0.12;0.30;0.02;-0.31;0.99;0.12;0.61;1.59;-0.18;-0.65;-0.80;0.18;-0.12;-0.30;0.04;-0.32;0.96;
-0.55;-0.18;0.24;-0.14;0.01;-0.98;0.79;0.73;0.37;0.02;0.07;-1.01;0.06;-0.49;-1.28;0.17;-0.36;0.94;-0.37;-0.12;0.12;-0.49;-0.28;-0.82;0.30;-0.49;-0.12;0.02;-0.30;1.00;-0.61;1.04;0.85;-0.17;-0.66;-0.80;0.06;-0.12;-0.06;0.04;-0.32;0.95;
-0.49;-0.24;-0.12;-0.15;0.02;-0.98;0.49;0.18;0.00;0.02;0.06;-1.00;-0.24;-0.79;-0.85;0.17;-0.36;0.94;0.79;-0.12;0.30;-0.48;-0.28;-0.83;0.06;-0.43;0.30;0.02;-0.30;0.99;-0.24;1.16;1.46;-0.17;-0.66;-0.80;0.06;0.49;0.12;0.04;-0.33;0.95;
0.00;0.06;0.12;-0.14;0.02;-0.99;0.85;0.73;0.18;0.02;0.06;-1.01;-0.24;-0.43;-0.49;0.18;-0.37;0.93;0.67;-0.79;0.24;-0.49;-0.28;-0.83;0.43;-0.24;0.55;0.02;-0.31;0.98;0.55;0.37;1.95;-0.17;-0.65;-0.79;-0.37;-0.18;-0.06;0.04;-0.32;0.96;
-0.61;0.37;0.18;-0.15;0.00;-0.99;0.73;-0.18;0.00;0.02;0.06;-0.99;1.16;-0.79;-0.85;0.17;-0.36;0.93;0.06;-0.24;0.43;-0.49;-0.28;-0.84;0.37;-0.49;0.18;0.02;-0.31;0.99;-0.24;0.55;0.85;-0.17;-0.65;-0.79;-0.06;-0.06;0.18;0.04;-0.32;0.95;
0.06;-0.37;-0.24;-0.14;0.02;-0.98;-1.04;-0.12;-0.24;0.03;0.07;-0.99;0.91;-0.43;-0.85;0.17;-0.36;0.94;0.24;-0.85;0.12;-0.49;-0.29;-0.83;0.06;-0.85;0.24;0.03;-0.31;0.99;-0.30;0.37;2.13;-0.18;-0.66;-0.78;-0.06;0.49;-0.06;0.04;-0.32;0.96;
-0.24;0.06;0.49;-0.15;0.01;-0.99;0.24;0.24;0.37;0.02;0.06;-1.00;-0.24;-0.61;-0.61;0.18;-0.36;0.93;0.18;0.00;-0.18;-0.49;-0.29;-0.82;0.00;-0.30;0.30;0.03;-0.31;1.00;-0.24;0.43;0.85;-0.17;-0.65;-0.79;0.18;0.30;0.30;0.05;-0.32;0.95;
56.77;-123.84;1.22;-0.22;0.05;-1.00;-27.07;-1.46;33.17;0.08;0.32;-1.03;-10.91;-15.85;-43.54;0.70;-0.62;0.80;-2.62;0.18;1.77;-0.49;-0.28;-0.83;0.73;-0.98;0.73;0.02;-0.31;1.00;0.12;-0.73;2.56;-0.19;-0.64;-0.79;-0.18;-0.06;-0.24;0.04;-0.32;0.96;
28.54;11.34;-22.74;-0.35;0.12;-0.94;36.59;49.21;2.32;-0.07;-0.16;-0.90;-30.49;24.76;-36.40;-1.49;-0.42;0.97;11.16;-12.68;-8.48;-0.43;-0.32;-0.89;-0.24;-0.12;-0.06;0.02;-0.31;1.00;11.34;-2.56;4.76;-0.20;-0.66;-0.77;-0.49;0.30;-0.18;0.04;-0.32;0.96;
37.80;41.04;-4.82;-0.12;0.05;-1.14;-37.26;-32.44;0.73;-0.12;-0.03;-1.09;43.90;-7.07;11.77;0.26;-0.51;0.85;2.26;0.49;2.68;-0.48;-0.30;-0.76;0.24;1.04;-0.73;0.01;-0.30;0.98;-1.52;1.28;1.28;-0.21;-0.70;-0.73;0.24;0.37;-0.12;0.04;-0.31;0.95;
26.22;23.35;4.39;-0.14;0.03;-0.99;33.72;-2.99;48.05;0.29;-0.50;-0.85;-4.27;-2.99;11.89;0.10;-0.48;0.94;1.46;-1.04;-0.55;-0.49;-0.27;-0.82;0.37;-0.49;0.55;0.02;-0.31;0.99;0.06;0.12;1.83;-0.18;-0.66;-0.77;0.37;0.12;0.06;0.04;-0.33;0.95;
-25.98;4.27;-3.84;-0.09;-0.20;-0.99;5.55;2.62;-5.79;0.03;0.04;-1.05;8.41;-32.13;-7.50;0.08;-0.28;1.06;-2.26;1.34;1.71;-0.49;-0.28;-0.82;-0.91;-0.06;0.43;0.05;-0.25;1.02;3.78;-0.43;2.44;-0.18;-0.67;-0.80;-0.18;-0.12;-0.12;0.04;-0.32;0.95;
5.79;-8.41;-8.60;-0.24;-0.13;-0.93;16.16;4.82;-7.01;-0.07;-0.07;-1.05;-8.29;3.54;2.62;0.10;-0.12;1.03;0.67;-2.26;-2.26;-0.47;-0.28;-0.83;-0.91;0.00;-0.12;0.05;-0.26;1.00;-2.99;1.52;1.04;-0.18;-0.67;-0.76;0.12;-0.37;-0.24;0.04;-0.32;0.95;
5.12;-0.91;6.89;-0.07;-0.18;-1.00;-0.30;-12.99;65.18;0.07;-0.04;-1.03;-9.15;0.12;-7.93;0.08;-0.17;1.00;-7.68;-3.23;-6.40;-0.43;-0.25;-0.77;0.55;-1.10;0.73;0.04;-0.26;1.00;1.16;1.83;-3.84;-0.18;-0.67;-0.75;0.18;-0.43;0.55;0.04;-0.32;0.95;
-24.94;15.12;-2.93;-0.04;-0.18;-1.09;4.33;20.91;17.50;-0.04;0.28;-0.78;-12.99;0.30;4.15;0.03;-0.30;1.04;-0.24;-0.24;0.55;-0.48;-0.28;-0.83;0.61;-0.49;0.49;0.04;-0.26;1.00;2.44;0.73;1.10;-0.17;-0.66;-0.77;0.43;0.00;0.30;0.04;-0.32;0.95;
-0.30;0.24;0.24;-0.02;-0.11;-0.99;2.20;0.73;1.16;0.00;0.12;-1.00;-13.96;-1.77;-3.23;0.09;-0.18;1.03;2.13;-1.95;1.95;-0.50;-0.28;-0.83;0.43;-0.30;0.30;0.05;-0.26;1.01;9.39;-3.05;2.50;-0.19;-0.66;-0.79;0.06;-0.12;0.12;0.04;-0.32;0.96;
-17.32;-21.59;7.26;0.19;-0.13;-0.91;25.24;-55.30;-24.63;0.12;0.40;-1.13;21.52;42.56;15.85;0.07;-0.32;0.91;13.05;5.12;11.65;-0.53;-0.25;-0.89;1.71;-1.28;0.00;0.05;-0.27;1.00;-154.82;22.80;-28.90;-0.30;-0.57;-0.48;0.00;0.06;-0.43;0.04;-0.33;0.96;
-115.67;-113.54;-35.30;0.17;-0.38;-0.89;407.50;-123.78;53.90;-0.77;-1.15;1.98;122.74;-79.21;35.49;0.11;-0.26;0.88;-1.22;13.60;21.16;-0.44;-0.30;-0.84;-1.65;0.18;0.98;0.04;-0.27;1.00;-1.59;1.95;2.62;-0.17;-0.67;-0.80;-0.37;0.12;0.24;0.04;-0.32;0.95;
-153.78;-135.61;124.51;-0.12;0.43;-0.85;-180.55;69.82;92.50;0.02;-0.03;-0.81;-92.13;35.61;-8.11;-0.02;-0.10;0.98;-23.11;-17.56;-45.18;-0.51;-0.52;-0.76;0.55;0.06;0.30;0.05;-0.27;1.01;3.54;-14.02;-17.38;-0.15;-0.72;-0.64;0.24;0.18;-0.49;0.04;-0.33;0.96;
-28.35;18.17;-12.74;-0.03;-0.05;-1.02;3.54;-5.79;-4.33;-0.05;0.15;-0.88;41.46;-14.88;-0.43;0.05;-0.16;1.02;4.39;9.15;12.13;-0.51;-0.26;-0.86;-0.49;0.18;0.43;0.04;-0.27;1.01;0.49;1.16;-6.16;-0.16;-0.66;-0.77;0.12;0.18;-0.43;0.03;-0.32;0.96;
-46.59;-28.84;31.16;-0.19;0.08;-0.68;18.35;-89.39;-59.39;0.11;0.35;-0.83;-129.70;82.20;7.80;-0.04;-0.13;1.14;-2.44;-5.49;-4.76;-0.49;-0.28;-0.84;-0.91;0.18;0.37;0.04;-0.27;0.99;-12.87;4.82;1.46;-0.17;-0.66;-0.81;0.37;-0.06;0.12;0.03;-0.32;0.95;
127.26;63.78;86.71;0.27;0.36;-1.00;82.32;149.70;174.09;0.37;0.12;-0.80;-56.34;-134.33;-72.74;0.13;-0.19;0.93;-9.21;-1.28;36.95;-0.53;-0.34;-0.81;-0.06;0.00;0.00;0.04;-0.27;1.01;153.29;-117.50;11.95;-0.35;-1.21;-0.70;-0.06;0.06;-0.37;0.03;-0.32;0.96;
-22.26;-10.91;7.38;0.16;-0.34;-0.75;-55.73;-96.46;-7.20;0.77;-0.18;-0.53;-34.27;95.24;7.07;0.68;-0.23;0.76;45.49;53.11;-43.54;-0.51;-0.22;-0.84;0.30;-0.12;0.30;0.04;-0.27;1.01;-82.32;41.40;6.34;-0.26;-1.09;-0.30;0.30;0.06;-0.43;0.04;-0.32;0.95;
-38.96;10.06;-8.60;0.03;0.15;-0.97;1.71;29.09;14.88;-0.01;0.04;-1.10;-126.46;-2.01;41.22;0.37;0.08;1.73;-0.79;1.22;0.00;-0.48;-0.25;-0.84;0.30;0.12;0.49;0.03;-0.27;1.00;-26.10;28.23;10.67;-0.23;-0.95;-0.45;0.43;0.18;-0.06;0.04;-0.32;0.96;
2.01;5.79;-1.65;-0.00;0.09;-0.93;5.06;16.46;-18.96;0.15;0.05;-1.03;-55.91;34.82;47.38;0.13;-0.05;1.08;31.89;7.32;25.43;-0.46;-0.25;-0.74;5.12;-2.68;1.22;0.04;-0.22;1.01;-1.04;-71.52;-54.76;-0.14;-0.85;-0.52;0.24;-0.06;-0.06;0.03;-0.32;0.95;
-99.94;49.51;-123.54;-0.80;-0.23;1.08;30.00;11.71;139.63;-0.05;0.64;-0.85;86.89;-23.54;-32.20;0.22;-0.22;0.91;-3.60;1.77;2.20;-0.49;-0.28;-0.84;0.55;-0.30;0.18;0.04;-0.27;1.00;21.40;-22.56;-10.37;-0.13;-0.73;-0.79;0.12;0.00;-0.06;0.04;-0.32;0.95;
1.65;4.33;0.67;-0.19;0.13;-0.98;3.48;0.43;-0.85;0.00;0.09;-1.01;1.77;-2.87;-1.16;0.11;-0.13;1.02;-0.06;-0.55;-0.24;-0.49;-0.27;-0.84;-0.12;-0.18;0.37;0.04;-0.27;1.00;-1.52;1.04;1.16;-0.21;-0.75;-0.68;0.24;0.24;0.00;0.04;-0.33;0.95;
-0.49;-0.06;0.61;-0.17;0.13;-0.97;0.49;-0.30;0.43;-0.00;0.09;-1.00;0.24;-0.24;-1.10;0.10;-0.15;1.00;0.55;-0.73;0.18;-0.48;-0.27;-0.84;0.37;-1.10;0.12;0.04;-0.27;1.00;-0.55;0.18;2.01;-0.22;-0.76;-0.68;-0.30;0.18;-0.12;0.04;-0.33;0.95;
-0.24;-0.61;0.49;-0.17;0.13;-0.97;0.43;-0.73;-0.61;-0.00;0.08;-1.01;-0.30;-0.06;-1.10;0.11;-0.14;1.01;0.85;-0.91;-0.37;-0.49;-0.27;-0.83;0.24;-0.12;0.37;0.04;-0.27;1.00;-1.46;1.34;1.40;-0.22;-0.75;-0.69;-1.71;-0.18;0.18;0.02;-0.37;0.94;
-0.37;-0.43;0.37;-0.17;0.13;-0.98;1.95;0.06;-0.12;-0.01;0.07;-1.00;-2.99;0.61;-1.46;0.11;-0.14;1.01;-0.06;0.12;0.37;-0.49;-0.28;-0.84;0.12;-0.12;0.06;0.04;-0.27;1.00;2.87;0.12;2.13;-0.21;-0.75;-0.68;-2.44;-1.52;0.43;0.01;-0.32;0.90;
-0.67;-0.06;0.06;-0.19;0.14;-0.97;0.61;0.06;-0.06;-0.00;0.08;-1.00;0.00;-0.43;-1.34;0.11;-0.14;1.01;0.49;-0.37;-0.06;-0.49;-0.28;-0.83;1.40;-0.85;-0.18;0.04;-0.27;1.01;-0.49;0.85;1.16;-0.21;-0.75;-0.68;27.80;28.72;38.35;0.17;-0.48;0.58;
-0.12;-0.98;0.73;-0.17;0.13;-0.97;0.37;0.00;0.24;0.01;0.09;-1.00;0.67;-0.30;-0.79;0.11;-0.14;1.01;0.37;-0.43;0.06;-0.48;-0.27;-0.83;-0.24;-0.43;0.12;0.04;-0.28;1.00;-0.30;1.04;1.46;-0.21;-0.75;-0.70;-6.28;-34.21;95.61;0.24;0.01;0.71;
0.12;-0.24;0.00;-0.17;0.13;-0.97;0.55;0.06;0.55;0.00;0.08;-1.00;0.00;-0.24;-0.73;0.11;-0.14;1.01;0.30;-0.12;0.43;-0.49;-0.28;-0.83;0.61;-0.18;0.30;0.05;-0.27;1.01;-0.61;0.37;1.46;-0.22;-0.75;-0.68;-61.28;-35.00;-11.16;0.14;0.34;1.05;
-0.30;0.06;-0.12;-0.18;0.13;-0.98;0.85;0.49;-0.06;0.00;0.08;-1.01;-0.06;-0.37;-0.55;0.11;-0.15;1.01;0.85;-0.18;0.18;-0.48;-0.28;-0.83;-1.22;0.37;0.30;0.04;-0.28;0.99;-0.37;0.61;1.71;-0.21;-0.75;-0.68;47.20;-146.52;-50.55;-0.02;0.90;0.89;
-0.85;0.00;0.00;-0.17;0.13;-0.97;0.91;-0.18;0.37;0.00;0.08;-1.00;-0.18;-0.61;-1.71;0.11;-0.14;1.01;0.67;-0.98;0.73;-0.49;-0.28;-0.84;0.91;-4.51;-6.10;0.15;-0.47;0.75;0.61;0.24;1.59;-0.22;-0.75;-0.69;47.32;-11.95;-51.16;-0.27;0.61;0.15;
-0.30;-0.18;0.37;-0.17;0.14;-0.97;0.61;0.06;0.24;0.01;0.08;-1.00;0.67;-0.55;-0.98;0.12;-0.13;1.01;-1.65;1.10;0.91;-0.49;-0.28;-0.86;-8.84;3.23;0.73;0.05;-0.27;1.04;0.12;0.55;1.59;-0.21;-0.75;-0.68;-39.02;-55.30;-84.94;-0.62;0.63;-0.23;
-0.55;-0.06;0.85;-0.18;0.13;-0.98;0.98;-0.06;0.30;0.00;0.08;-1.01;-0.30;0.24;-1.52;0.11;-0.14;1.01;0.43;-0.43;-0.12;-0.48;-0.27;-0.82;1.89;-0.61;0.18;0.04;-0.27;1.00;-1.65;0.91;1.46;-0.21;-0.76;-0.69;18.78;21.40;-6.71;-0.87;0.28;0.42;
-0.24;-0.18;0.06;-0.17;0.14;-0.97;0.49;0.49;-0.12;-0.01;0.08;-1.00;0.37;-0.43;-1.16;0.11;-0.15;1.00;0.30;-0.85;0.12;-0.49;-0.27;-0.84;1.04;-0.37;0.24;0.03;-0.27;1.00;0.06;0.61;1.52;-0.22;-0.75;-0.69;7.32;-5.85;-15.00;-0.95;0.26;0.31;
-0.91;0.18;0.37;-0.17;0.14;-0.98;0.30;0.30;-0.12;0.00;0.08;-0.99;0.49;-0.30;-0.85;0.11;-0.14;1.00;0.12;-0.37;0.67;-0.49;-0.27;-0.83;1.34;-0.37;0.12;0.03;-0.28;0.99;0.00;0.49;1.59;-0.21;-0.76;-0.68;-5.00;0.43;6.46;-0.92;0.22;0.32;
-1.04;0.00;-0.24;-0.18;0.13;-0.97;0.43;0.24;0.30;0.01;0.08;-1.00;0.00;-0.43;-1.04;0.11;-0.14;1.00;0.49;-0.49;0.49;-0.48;-0.27;-0.83;0.06;-0.37;0.18;0.03;-0.28;1.00;-0.43;0.61;1.28;-0.21;-0.75;-0.68;-1.28;-2.38;-4.15;-0.91;0.26;0.31;
-0.49;-0.06;0.12;-0.17;0.13;-0.96;0.67;0.06;-0.06;0.00;0.08;-1.00;0.12;-0.61;-0.91;0.11;-0.14;1.00;0.61;-0.30;-0.24;-0.49;-0.27;-0.83;-1.77;0.06;-0.18;0.03;-0.29;0.97;-0.12;0.79;1.46;-0.21;-0.75;-0.69;-64.57;151.65;105.43;-0.93;0.18;0.48;
-0.37;-0.18;0.12;-0.17;0.13;-0.97;0.37;0.43;0.30;0.01;0.08;-1.00;0.37;-0.85;-1.04;0.12;-0.14;1.01;0.91;-0.06;0.18;-0.49;-0.27;-0.84;-0.73;0.43;0.24;0.04;-0.28;0.99;-0.30;0.79;1.71;-0.21;-0.75;-0.69;-19.27;53.60;-235.61;0.48;1.37;-0.32;
-0.37;0.00;0.49;-0.17;0.13;-0.98;0.30;0.30;-0.06;0.00;0.09;-1.01;0.06;-0.49;-0.61;0.11;-0.13;1.01;-0.37;-0.49;-0.85;-0.49;-0.28;-0.83;2.26;-0.73;0.24;0.03;-0.28;0.99;-0.18;0.85;1.59;-0.22;-0.75;-0.69;2.87;188.29;331.22;-0.85;-0.10;0.44;
-0.30;0.43;0.12;-0.17;0.14;-0.97;0.06;0.55;0.37;0.01;0.08;-1.00;0.37;-0.12;-0.79;0.11;-0.14;1.00;0.73;-0.37;0.37;-0.48;-0.28;-0.83;-4.45;3.23;0.91;0.05;-0.27;1.00;-1.04;0.49;1.52;-0.21;-0.75;-0.68;12.07;-333.66;-507.80;-0.21;1.34;-0.64;
-1.04;-0.06;0.18;-0.18;0.14;-0.97;0.49;0.24;-0.30;0.01;0.07;-1.00;-0.37;-0.12;-1.22;0.11;-0.15;1.01;0.49;-0.61;-0.12;-0.48;-0.27;-0.82;-2.20;1.10;0.67;0.05;-0.28;1.00;-0.06;0.67;1.28;-0.21;-0.75;-0.69;-69.88;6.59;-43.48;0.08;1.50;-0.32;
-0.24;-0.43;0.12;-0.17;0.13;-0.97;0.24;0.30;0.37;0.00;0.08;-1.00;-0.12;-0.55;-1.10;0.10;-0.14;1.01;0.49;-0.37;0.18;-0.48;-0.27;-0.84;0.18;-0.06;-0.49;0.05;-0.29;0.99;-0.43;0.12;1.95;-0.21;-0.76;-0.69;46.22;54.51;32.68;0.04;1.58;-1.01;
-0.91;0.49;0.12;-0.18;0.13;-0.97;0.67;0.12;0.18;0.00;0.07;-1.00;0.30;-0.85;-1.28;0.10;-0.15;1.00;0.24;-0.55;-0.12;-0.49;-0.27;-0.84;-27.38;-5.85;38.72;-0.09;-0.57;0.71;1.16;0.55;1.65;-0.21;-0.75;-0.69;106.40;624.09;514.33;-0.06;-0.17;-0.28;
0.00;-0.12;0.12;-0.18;0.14;-0.97;0.55;0.12;0.24;-0.00;0.07;-1.00;0.43;-0.55;-1.10;0.11;-0.14;1.01;0.12;-0.30;-0.49;-0.49;-0.27;-0.83;2.56;-0.12;0.43;0.05;-0.27;1.01;0.06;0.73;1.28;-0.21;-0.75;-0.68;88.90;361.71;306.77;-0.25;-1.29;1.86;
-0.12;-0.12;-0.12;-0.17;0.14;-0.97;0.43;0.18;0.30;0.01;0.09;-1.00;0.55;-0.30;-1.16;0.12;-0.14;1.00;0.06;-0.98;0.00;-0.49;-0.27;-0.83;-0.61;0.85;0.06;0.02;-0.29;1.01;0.61;0.73;1.77;-0.21;-0.75;-0.68;11.95;-11.34;-0.43;-0.76;-0.09;1.16;
0.06;-0.61;-0.12;-0.17;0.13;-0.97;0.12;0.12;-0.24;0.01;0.09;-1.00;-0.24;-0.37;-1.22;0.12;-0.15;1.02;0.55;-0.24;-0.06;-0.48;-0.28;-0.83;0.18;-0.06;0.49;0.04;-0.28;0.99;-0.18;0.30;2.26;-0.21;-0.76;-0.69;28.60;-433.90;-613.11;0.04;0.62;-0.45;
0.67;-0.61;-0.43;-0.18;0.13;-0.98;-0.06;0.00;0.06;0.01;0.08;-0.99;0.61;-0.30;-1.28;0.10;-0.14;1.01;0.12;-0.91;0.06;-0.48;-0.28;-0.83;0.12;0.00;0.30;0.04;-0.28;1.00;0.06;0.43;1.52;-0.21;-0.75;-0.70;-82.80;-202.74;-292.87;0.34;0.92;-0.82;
-0.30;-0.06;-0.24;-0.18;0.13;-0.97;0.43;-0.06;0.12;0.00;0.08;-1.01;0.30;-0.55;-1.04;0.11;-0.14;1.01;0.55;-0.55;0.00;-0.48;-0.28;-0.84;0.30;-0.18;0.49;0.04;-0.28;0.99;-0.55;1.04;1.16;-0.21;-0.75;-0.68;4.70;-8.60;-9.21;-0.84;0.54;-0.04;
-0.37;0.30;0.24;-0.17;0.13;-0.98;0.85;0.30;0.49;0.00;0.08;-1.00;-0.37;-0.18;-0.79;0.11;-0.15;1.01;0.49;-0.12;0.12;-0.48;-0.27;-0.83;1.10;-0.43;0.00;0.04;-0.28;1.01;-0.37;0.73;1.71;-0.21;-0.76;-0.69;67.87;2.99;13.35;-0.91;0.04;0.82;
-0.06;0.00;0.06;-0.17;0.13;-0.97;0.49;0.43;0.24;0.01;0.08;-1.00;0.00;-0.18;-1.28;0.11;-0.14;1.00;0.12;-0.24;0.18;-0.48;-0.28;-0.84;-0.18;-0.91;1.46;0.04;-0.26;1.01;0.85;0.73;1.59;-0.22;-0.75;-0.68;4.45;294.39;99.51;-0.58;0.48;1.04;
-0.24;-0.73;0.24;-0.17;0.13;-0.97;0.55;0.06;0.18;0.00;0.07;-1.00;0.24;0.00;-0.79;0.11;-0.14;1.01;0.24;-0.43;0.12;-0.49;-0.27;-0.83;1.16;-0.12;0.30;0.03;-0.28;1.00;-0.43;0.79;1.59;-0.22;-0.75;-0.69;87.99;221.83;78.90;-0.63;0.81;1.05;
-0.12;-0.12;0.00;-0.17;0.14;-0.98;0.61;0.43;-0.24;0.01;0.08;-0.99;0.37;-0.30;-0.85;0.11;-0.14;1.00;0.55;-0.49;0.00;-0.48;-0.27;-0.83;0.85;-0.85;0.43;0.04;-0.28;1.00;-0.61;0.98;1.77;-0.21;-0.76;-0.70;0.18;-42.62;47.62;-0.68;0.65;1.14;
0.61;0.12;0.24;-0.18;0.14;-0.97;0.55;0.30;0.43;0.01;0.07;-1.00;0.00;-0.24;-0.67;0.11;-0.15;1.01;0.55;-0.61;-0.12;-0.49;-0.28;-0.82;1.22;-0.73;0.73;0.04;-0.29;1.01;-0.43;1.04;1.40;-0.21;-0.75;-0.68;-110.49;-24.76;10.73;-0.44;0.84;-0.73;
0.18;-0.30;0.06;-0.17;0.14;-0.97;-0.49;0.12;-0.12;0.01;0.08;-1.00;0.06;-0.79;-1.28;0.11;-0.14;0.99;0.24;-0.24;0.30;-0.49;-0.27;-0.83;-9.57;2.26;-19.09;0.01;-0.28;1.02;0.49;0.43;2.07;-0.21;-0.75;-0.69;5.85;276.46;21.89;-0.57;0.73;-0.42;
-0.30;-0.18;0.06;-0.17;0.14;-0.97;0.30;0.37;0.06;-0.00;0.08;-1.00;0.24;-0.37;-1.22;0.12;-0.15;1.00;0.73;-0.61;-0.18;-0.49;-0.27;-0.83;-0.43;-2.44;4.45;0.03;-0.34;1.00;0.12;0.30;1.46;-0.22;-0.75;-0.69;111.16;236.52;78.17;-0.35;0.75;1.11;
0.00;-0.06;-0.24;-0.17;0.13;-0.97;0.43;0.06;0.30;0.00;0.07;-1.01;0.43;-0.73;-1.22;0.11;-0.15;1.01;0.24;-0.49;0.18;-0.49;-0.27;-0.82;5.18;-7.56;11.83;-0.21;-0.28;0.99;0.18;0.18;1.22;-0.21;-0.75;-0.69;-11.34;-20.00;6.34;-0.42;0.71;0.77;
-0.73;-0.18;-0.37;-0.18;0.14;-0.97;0.30;-0.37;0.06;-0.00;0.08;-1.00;-0.06;-0.73;-1.22;0.11;-0.14;1.00;-0.18;-0.49;-0.06;-0.48;-0.28;-0.84;0.37;0.18;-3.23;0.04;-0.23;1.01;0.55;0.43;1.40;-0.21;-0.75;-0.70;2.38;-356.46;14.15;-0.63;0.47;0.28;
-0.12;-0.43;0.06;-0.17;0.13;-0.97;0.73;0.18;0.30;0.01;0.07;-1.00;0.06;-0.18;-0.43;0.12;-0.14;1.02;-1.40;-0.91;-0.06;-0.47;-0.29;-0.84;-10.73;7.32;-3.35;0.03;-0.30;1.00;0.98;0.43;1.59;-0.21;-0.75;-0.69;-26.10;71.16;6.71;-0.58;0.79;-0.48;
-0.18;-0.49;-0.06;-0.17;0.13;-0.97;0.55;0.12;0.12;0.00;0.07;-1.01;0.30;-0.67;-1.10;0.10;-0.14;1.00;0.43;-0.55;0.24;-0.48;-0.28;-0.84;1.46;-0.49;0.06;0.03;-0.29;0.99;0.06;1.04;1.95;-0.22;-0.76;-0.68;-90.61;-187.93;-1.71;-0.37;0.52;1.11;
-0.24;-0.37;-0.24;-0.17;0.14;-0.97;0.37;0.24;-0.43;0.01;0.07;-1.00;-0.06;-0.30;-0.43;0.11;-0.14;1.01;0.37;-0.18;0.37;-0.49;-0.27;-0.83;-4.15;1.10;0.37;0.04;-0.29;0.99;0.06;0.91;1.65;-0.22;-0.75;-0.69;-50.12;-339.27;-21.77;-0.49;0.40;0.11;
-0.43;-0.18;-0.06;-0.18;0.13;-0.97;0.55;0.67;0.06;0.01;0.08;-1.00;0.00;-0.61;-0.98;0.11;-0.14;1.01;0.18;0.24;0.30;-0.49;-0.27;-0.83;1.95;1.71;-0.55;0.04;-0.31;0.99;-0.43;0.55;1.16;-0.21;-0.75;-0.69;-3.41;-80.79;-83.84;-0.22;1.08;-0.87;
-0.55;-0.37;0.00;-0.17;0.13;-0.97;0.55;0.06;0.06;0.01;0.08;-1.00;0.37;-0.49;-0.91;0.10;-0.15;1.00;0.00;-0.12;0.00;-0.48;-0.29;-0.84;-1.04;-0.79;0.06;0.03;-0.29;1.00;-0.61;0.73;1.46;-0.21;-0.75;-0.69;78.29;285.79;195.79;-0.28;0.57;0.07;
-0.55;-0.49;0.79;-0.16;0.13;-0.98;0.12;0.61;0.30;0.01;0.08;-1.00;-0.43;-0.67;-1.34;0.11;-0.14;1.01;0.18;-0.43;-0.12;-0.48;-0.28;-0.83;0.00;-0.49;0.12;0.04;-0.29;1.00;-0.67;0.55;1.16;-0.22;-0.75;-0.69;69.51;124.94;91.04;-0.87;0.22;0.51;
0.43;0.30;0.37;-0.18;0.14;-0.97;0.49;0.55;0.00;0.00;0.07;-1.00;0.24;-0.49;-0.91;0.10;-0.14;1.02;0.00;-0.43;0.43;-0.48;-0.28;-0.83;0.91;-0.43;1.04;0.03;-0.30;1.00;-0.06;0.61;1.04;-0.20;-0.75;-0.69;-36.22;43.54;68.78;-0.79;0.21;0.87;
-0.06;0.00;-0.06;-0.17;0.13;-0.97;0.49;0.37;0.43;0.00;0.07;-1.00;0.43;-0.61;-1.28;0.11;-0.14;1.01;0.30;-0.24;-0.18;-0.48;-0.28;-0.84;-2.26;-3.78;0.37;0.01;-0.25;0.97;0.06;0.67;1.46;-0.21;-0.75;-0.68;-26.83;11.10;-17.99;-0.33;1.06;-0.63;
-0.30;-0.06;0.12;-0.18;0.13;-0.97;0.85;0.30;0.18;0.00;0.07;-0.99;0.00;-0.43;-1.34;0.11;-0.14;1.01;0.43;-0.55;-0.12;-0.49;-0.28;-0.83;20.37;15.06;9.88;0.03;-0.25;0.97;-0.24;0.37;1.34;-0.21;-0.75;-0.69;151.10;224.76;314.02;0.08;1.26;-0.70;
-0.12;0.12;-0.18;-0.18;0.14;-0.96;0.30;0.24;0.00;0.01;0.07;-1.00;-0.06;-0.49;-1.10;0.10;-0.14;1.02;0.24;-0.91;-0.18;-0.49;-0.26;-0.84;-1.22;-0.91;-0.30;0.04;-0.30;0.99;-0.06;0.67;1.65;-0.22;-0.75;-0.69;145.37;128.78;245.24;-0.74;0.10;0.51;
0.06;-0.06;0.06;-0.17;0.13;-0.97;0.73;0.06;0.30;0.01;0.08;-1.00;-0.79;0.00;-0.24;0.11;-0.13;1.01;1.34;-1.10;-0.73;-0.48;-0.27;-0.83;0.55;0.18;-0.18;0.04;-0.31;1.00;-0.18;0.30;1.83;-0.21;-0.75;-0.69;-53.72;70.73;37.38;-0.87;0.30;0.59;
-0.30;-0.30;0.00;-0.17;0.14;-0.98;0.55;-0.06;0.43;0.01;0.07;-1.00;-0.43;-0.73;-1.16;0.11;-0.15;1.00;-0.18;-0.43;0.37;-0.48;-0.27;-0.83;0.91;0.67;1.40;0.02;-0.27;1.00;-0.49;0.61;1.83;-0.21;-0.75;-0.69;43.41;170.67;60.24;-0.35;1.01;0.09;
-0.06;-0.06;0.06;-0.17;0.13;-0.97;0.91;0.49;0.12;0.01;0.09;-1.00;-0.30;-0.24;-1.10;0.11;-0.13;1.01;0.30;-0.30;-0.06;-0.48;-0.27;-0.83;5.61;3.35;-1.28;0.05;-0.32;0.96;-0.43;0.67;1.10;-0.21;-0.75;-0.68;71.59;167.32;-15.79;-0.06;0.21;1.42;
0.00;-0.06;0.55;-0.17;0.14;-0.98;0.91;0.43;0.30;-0.00;0.08;-1.00;0.85;-1.22;-1.59;0.11;-0.13;1.01;0.55;-0.79;0.00;-0.48;-0.28;-0.83;44.39;-6.77;-9.15;-0.05;-0.57;0.96;-52.74;6.52;8.17;-0.25;-0.74;-0.77;74.02;83.96;-25.79;-0.22;0.92;-0.06;
-0.12;-0.12;0.12;-0.18;0.13;-0.97;0.73;0.00;-0.12;-0.00;0.08;-1.01;0.00;-0.30;-0.73;0.12;-0.14;1.01;0.55;-0.85;0.00;-0.48;-0.28;-0.84;9.09;-2.62;-0.79;-0.02;-0.24;0.89;-2.20;2.07;1.22;-0.19;-0.74;-0.67;-260.49;-345.06;-97.93;0.59;1.54;-0.64;
-0.24;-0.67;0.43;-0.17;0.13;-0.98;0.30;0.37;0.43;0.01;0.08;-1.01;0.06;-0.43;-0.85;0.12;-0.15;1.01;0.73;-0.18;-0.43;-0.49;-0.28;-0.83;75.49;-1.59;10.18;0.03;-0.08;1.03;-6.65;3.11;7.74;-0.21;-0.78;-0.68;-69.33;74.45;6.52;0.02;1.31;-0.62;
0.00;-0.12;0.55;-0.18;0.13;-0.97;0.37;-0.12;0.37;0.01;0.07;-1.01;0.06;-0.73;-0.79;0.11;-0.14;1.01;0.49;-0.18;-0.06;-0.49;-0.28;-0.83;34.88;17.80;19.94;-0.02;-0.24;0.80;0.12;0.55;1.34;-0.21;-0.74;-0.70;-1.46;-70.43;-112.07;0.33;1.27;0.39;
-0.18;-0.49;-0.37;-0.17;0.14;-0.97;0.55;0.00;0.12;0.01;0.07;-0.99;-0.30;-0.37;-0.79;0.12;-0.13;0.99;0.18;-0.24;0.00;-0.48;-0.28;-0.83;6.22;2.13;1.89;0.01;-0.25;0.97;0.37;-0.24;0.85;-0.21;-0.74;-0.70;-171.46;-416.34;-147.13;0.61;0.69;0.91;
-0.18;-0.43;0.12;-0.18;0.14;-0.98;0.37;0.12;0.06;0.01;0.07;-1.00;0.00;-0.67;-1.16;0.11;-0.14;1.01;0.18;-1.22;0.30;-0.48;-0.28;-0.84;8.48;2.32;4.09;0.01;-0.24;0.95;-1.71;0.85;1.10;-0.21;-0.73;-0.70;-269.82;-221.71;-114.76;0.63;1.65;-0.75;
-0.91;0.06;0.30;-0.18;0.14;-0.97;0.61;0.24;-0.18;0.01;0.07;-1.00;0.85;-0.43;-0.73;0.11;-0.14;1.01;0.73;-0.37;0.06;-0.48;-0.28;-0.84;-4.51;-4.94;-12.68;-0.00;-0.24;0.99;-0.73;0.61;0.55;-0.21;-0.74;-0.70;260.67;626.95;81.28;0.20;-0.14;-1.72;
-0.24;-0.12;-0.06;-0.18;0.14;-0.97;-0.06;0.37;0.00;0.01;0.07;-1.01;0.43;-0.24;-0.98;0.11;-0.14;1.01;0.24;-0.49;0.30;-0.48;-0.28;-0.84;-0.30;-3.84;-2.93;-0.00;-0.26;1.02;-0.55;0.24;1.52;-0.21;-0.74;-0.70;9.57;-70.24;-114.82;0.77;0.13;2.00;
-0.30;-0.18;0.06;-0.18;0.13;-0.98;0.55;0.18;0.06;0.00;0.07;-1.00;-0.12;-0.30;-1.10;0.12;-0.14;1.01;0.30;0.00;0.49;-0.48;-0.27;-0.83;12.62;4.15;3.96;-0.01;-0.27;1.00;0.00;0.37;1.46;-0.21;-0.74;-0.70;-376.89;-353.90;-285.91;0.96;0.87;-0.00;
-0.18;0.18;-0.06;-0.17;0.14;-0.97;0.37;-0.18;-0.06;0.01;0.08;-1.00;0.37;-0.18;-0.79;0.11;-0.14;1.01;0.91;-0.55;-0.43;-0.49;-0.27;-0.83;-7.32;0.43;2.74;-0.00;-0.28;1.02;-0.73;0.91;1.71;-0.21;-0.74;-0.70;150.43;395.12;297.68;0.47;0.97;-1.16;
-0.06;-0.30;-0.12;-0.17;0.13;-0.98;0.55;0.18;-0.18;0.00;0.07;-1.00;0.61;-0.24;-0.98;0.11;-0.14;1.00;0.67;-0.12;0.24;-0.49;-0.29;-0.83;5.55;-1.65;-2.74;0.00;-0.27;1.02;-0.79;1.04;1.52;-0.21;-0.74;-0.69;21.95;-31.83;-78.35;0.65;0.40;1.75;
-0.61;-0.24;-0.24;-0.17;0.13;-0.98;0.00;0.30;0.24;0.00;0.07;-1.00;0.00;-0.24;-0.55;0.11;-0.14;1.01;0.43;-0.49;-0.06;-0.49;-0.28;-0.83;10.49;3.11;2.74;0.00;-0.28;1.00;-0.79;0.61;2.07;-0.22;-0.74;-0.68;-341.46;-225.98;-188.17;1.10;1.61;-0.34;
-0.06;-0.18;0.55;-0.18;0.13;-0.97;0.91;0.61;0.12;0.01;0.06;-1.01;0.55;-0.98;-1.10;0.11;-0.14;1.01;0.18;-0.06;0.30;-0.48;-0.27;-0.83;-4.39;-1.65;-0.12;0.00;-0.25;1.01;-0.55;0.55;1.22;-0.21;-0.75;-0.70;270.43;488.41;247.13;0.61;0.61;-1.24;
-0.43;0.12;0.30;-0.18;0.13;-0.98;-0.06;0.43;0.30;-0.00;0.07;-1.01;0.37;-0.24;-1.40;0.11;-0.13;1.00;0.67;-0.55;0.18;-0.49;-0.28;-0.83;6.95;1.52;1.16;0.01;-0.27;1.00;0.00;0.85;1.40;-0.22;-0.74;-0.69;121.95;111.40;40.73;0.72;0.47;1.55;
-0.55;0.24;0.12;-0.18;0.13;-0.97;0.43;0.06;-0.06;0.01;0.08;-1.00;-1.83;-0.06;-0.79;0.12;-0.13;1.01;0.30;-0.43;0.18;-0.48;-0.27;-0.83;6.10;-0.06;-0.24;0.00;-0.28;1.00;-0.18;0.43;1.83;-0.22;-0.74;-0.69;-259.27;-335.98;-278.29;0.53;-0.00;0.69;
-0.91;-0.24;0.00;-0.18;0.14;-0.98;0.67;0.18;0.24;0.01;0.08;-1.00;0.12;-0.67;-1.04;0.12;-0.13;1.01;0.24;-0.24;0.12;-0.49;-0.28;-0.83;-14.88;-0.61;9.76;0.02;-0.33;1.01;-0.12;0.67;0.85;-0.21;-0.75;-0.69;-11.52;45.30;349.33;0.49;1.43;-1.09;
-0.12;0.18;0.30;-0.18;0.14;-0.98;-0.18;0.24;0.30;0.00;0.08;-1.00;-0.12;-0.37;-1.22;0.12;-0.14;1.01;0.61;-0.18;0.37;-0.49;-0.28;-0.83;3.78;0.12;0.61;0.01;-0.27;1.00;-0.37;0.55;1.52;-0.21;-0.74;-0.69;-47.50;-151.46;34.76;1.17;0.15;1.85;
-0.12;-0.37;-0.06;-0.18;0.14;-0.96;0.91;0.06;0.79;0.01;0.08;-1.01;0.06;-0.49;-1.28;0.11;-0.15;1.00;-0.06;-0.67;0.00;-0.49;-0.28;-0.83;4.33;2.68;1.83;0.00;-0.29;1.00;-0.30;0.98;1.10;-0.22;-0.74;-0.70;-176.77;-29.51;15.67;0.78;1.61;-0.11;
-0.37;-0.24;0.18;-0.18;0.14;-0.97;0.24;0.18;0.18;0.00;0.07;-1.01;-0.18;-0.37;-1.16;0.12;-0.13;1.01;0.00;-0.61;0.18;-0.49;-0.28;-0.84;-2.56;-1.52;-0.61;0.03;-0.30;1.00;-0.43;0.79;1.83;-0.22;-0.74;-0.69;-79.94;-10.00;35.85;0.53;0.42;1.07;
-0.73;-0.37;0.30;-0.18;0.14;-0.96;-0.18;0.12;-0.06;0.01;0.08;-1.00;0.49;-0.12;-1.16;0.12;-0.13;1.01;0.24;-0.73;-0.49;-0.48;-0.28;-0.83;9.33;1.28;-0.73;0.02;-0.28;0.99;0.12;0.79;1.77;-0.21;-0.74;-0.70;9.63;38.90;15.18;0.39;0.43;0.63;
-0.43;-0.30;-0.06;-0.18;0.14;-0.96;0.30;0.55;-0.30;0.01;0.07;-1.01;0.18;-0.43;-0.73;0.11;-0.14;1.00;0.79;-0.43;-0.06;-0.49;-0.28;-0.84;0.06;-0.49;0.67;0.02;-0.28;1.00;-0.73;1.04;1.40;-0.20;-0.74;-0.70;-32.99;-135.91;-58.96;0.34;0.00;0.71;
-0.24;-0.30;0.30;-0.17;0.14;-0.98;0.12;0.18;0.18;0.01;0.07;-1.00;0.30;-0.79;-1.22;0.11;-0.14;1.01;0.37;-0.61;-0.12;-0.48;-0.28;-0.83;-4.94;0.91;1.04;-0.01;-0.27;0.97;-5.30;2.56;1.40;-0.22;-0.75;-0.69;-116.04;-33.84;-50.61;0.30;1.02;0.18;
-0.37;-0.18;0.55;-0.17;0.14;-0.97;0.24;0.30;0.18;0.01;0.07;-1.01;0.00;-0.55;-1.28;0.11;-0.13;1.01;1.10;1.83;0.37;-0.48;-0.28;-0.83;9.76;0.37;1.16;0.06;-0.29;0.94;9.45;-3.96;9.33;-0.19;-0.66;-0.87;242.26;-117.74;124.88;0.44;0.71;1.69;
-0.73;-0.43;-0.30;-0.18;0.14;-0.96;0.79;0.24;-0.24;0.01;0.08;-1.00;-1.34;0.00;-0.43;0.12;-0.13;1.01;0.18;-0.55;0.18;-0.48;-0.28;-0.84;1.10;1.77;-0.24;0.01;-0.30;0.99;-55.61;8.96;5.43;-0.29;-0.72;-0.67;79.15;70.37;49.70;-0.15;0.79;0.29;
-0.91;-0.18;0.49;-0.17;0.14;-0.97;0.30;0.43;-0.06;0.01;0.06;-1.00;0.12;-0.73;-1.40;0.12;-0.13;1.01;0.79;-0.49;-0.06;-0.48;-0.27;-0.84;4.63;2.26;1.28;0.03;-0.29;0.97;5.37;0.55;2.32;-0.21;-0.69;-0.72;-6.89;140.37;43.11;-0.04;1.09;0.07;
-0.43;0.06;0.18;-0.17;0.13;-0.97;0.49;0.18;0.24;-0.00;0.07;-1.00;1.83;-4.02;0.12;0.13;-0.13;1.00;0.61;-1.10;-0.12;-0.48;-0.27;-0.84;0.24;0.55;0.79;0.01;-0.30;1.01;51.77;-15.12;5.91;-0.20;-0.72;-0.59;-102.62;-79.39;-51.22;-0.18;0.75;0.61;
-0.79;0.24;0.67;-0.17;0.14;-0.96;-0.37;-0.12;0.43;0.01;0.07;-1.01;0.91;-0.98;-0.49;0.11;-0.14;1.01;0.73;-0.61;0.24;-0.49;-0.28;-0.83;-8.60;8.54;-18.23;-0.03;-0.17;1.10;-19.21;-12.07;-1.59;-0.21;-0.61;-0.70;357.74;-11.10;-28.78;-0.19;0.76;0.63;
-0.06;0.24;0.00;-0.18;0.14;-0.97;0.12;-0.18;-0.12;0.01;0.07;-1.01;-1.22;-0.24;-0.61;0.12;-0.14;1.01;0.61;-0.24;0.12;-0.48;-0.28;-0.83;1.04;-0.91;0.49;0.03;-0.30;0.99;-0.37;0.37;1.28;-0.21;-0.74;-0.71;-28.84;-30.37;41.34;0.08;0.67;0.39;
-0.24;-0.37;0.12;-0.18;0.14;-0.97;0.73;0.55;0.18;0.01;0.08;-1.00;1.10;-0.43;-1.59;0.11;-0.14;1.01;0.98;-0.43;-0.18;-0.48;-0.27;-0.84;-0.55;0.18;0.43;0.03;-0.30;1.00;-8.90;5.91;6.46;-0.21;-0.69;-0.71;-64.76;-18.60;1.59;-0.40;-0.12;0.97;
-0.43;-0.24;0.18;-0.18;0.13;-0.97;0.49;0.00;0.00;0.01;0.08;-1.00;0.37;-0.49;-1.10;0.11;-0.14;1.01;0.18;0.43;0.18;-0.49;-0.28;-0.83;-13.11;5.61;-7.26;0.02;-0.35;0.99;-1.77;0.85;0.91;-0.21;-0.74;-0.71;21.28;-63.35;26.28;-0.05;-0.31;0.81;
-0.49;-0.06;0.24;-0.17;0.13;-0.97;-0.12;0.06;0.00;0.00;0.07;-1.00;-0.61;-0.24;-1.52;0.11;-0.14;1.01;0.49;-0.43;0.24;-0.48;-0.28;-0.84;-0.30;0.00;0.49;0.04;-0.30;1.00;0.12;0.91;1.16;-0.21;-0.73;-0.71;-0.24;0.30;0.49;0.02;-0.40;0.93;
-0.73;-0.24;0.55;-0.18;0.14;-0.97;0.37;-0.18;0.24;0.00;0.07;-1.00;-0.12;-0.55;-0.43;0.12;-0.14;1.00;0.24;-0.24;-0.12;-0.48;-0.27;-0.84;0.12;-0.30;0.24;0.04;-0.29;0.99;0.24;0.49;1.22;-0.20;-0.73;-0.71;-0.06;0.37;-0.18;0.02;-0.39;0.92;
-0.43;0.00;0.06;-0.18;0.13;-0.97;0.73;-0.18;0.00;0.00;0.07;-1.00;-0.12;-0.24;-0.79;0.12;-0.13;1.00;0.30;-0.43;0.00;-0.48;-0.28;-0.83;0.43;-0.30;0.55;0.03;-0.29;1.00;-0.24;0.79;1.34;-0.21;-0.73;-0.70;0.79;-0.12;-0.49;0.02;-0.39;0.92;
-0.30;0.18;0.43;-0.17;0.14;-0.97;0.67;0.00;0.00;0.00;0.06;-1.01;-0.49;-0.55;-1.10;0.11;-0.14;1.00;0.49;-0.18;0.06;-0.48;-0.27;-0.84;0.18;-0.43;0.00;0.04;-0.30;1.00;-0.73;0.43;1.77;-0.21;-0.74;-0.70;-0.18;0.12;-0.06;0.02;-0.39;0.92;
-0.18;0.24;-0.24;-0.17;0.14;-0.96;0.49;-0.06;0.00;0.01;0.07;-1.00;-0.12;-0.24;-0.85;0.11;-0.14;1.00;0.00;-0.49;1.22;-0.48;-0.28;-0.83;0.37;-0.18;0.49;0.04;-0.30;0.99;-0.12;0.18;1.71;-0.21;-0.73;-0.71;0.49;-0.24;-0.43;0.01;-0.39;0.92;
-0.37;-0.24;0.18;-0.18;0.13;-0.97;0.30;-0.12;0.18;0.01;0.07;-1.00;0.12;-0.67;-0.85;0.12;-0.14;1.01;0.37;-0.43;-0.30;-0.49;-0.27;-0.83;0.98;-0.30;0.30;0.03;-0.30;0.98;0.00;0.61;1.40;-0.21;-0.73;-0.71;0.24;-0.24;-0.24;0.01;-0.39;0.92;
-0.37;-0.67;0.67;-0.17;0.13;-0.98;0.00;0.24;0.18;0.00;0.07;-1.00;-0.49;0.24;-1.28;0.11;-0.14;1.01;0.49;-0.43;0.30;-0.48;-0.27;-0.83;-0.61;0.12;0.24;0.03;-0.29;1.00;-0.37;1.34;1.65;-0.21;-0.74;-0.71;0.06;0.18;-0.06;0.02;-0.39;0.92;
-0.37;-0.37;-0.18;-0.18;0.14;-0.97;0.49;0.24;-0.12;0.01;0.07;-1.01;-0.12;-0.18;-0.91;0.11;-0.14;1.01;0.55;-0.43;0.00;-0.49;-0.28;-0.83;-0.67;0.30;0.37;0.04;-0.30;0.98;-4.45;1.77;1.95;-0.22;-0.73;-0.71;1.40;0.37;0.61;0.02;-0.39;0.92;
-0.37;-0.18;0.24;-0.18;0.14;-0.97;0.98;0.12;-0.37;0.00;0.07;-1.01;-0.06;-0.24;-0.79;0.11;-0.14;1.01;0.00;0.24;0.43;-0.49;-0.28;-0.84;-1.04;0.43;0.06;0.03;-0.29;1.00;-0.98;0.67;1.22;-0.21;-0.74;-0.70;0.43;0.12;-0.18;0.02;-0.39;0.93;
-0.12;-0.06;0.37;-0.17;0.14;-0.97;0.61;0.49;0.55;0.01;0.07;-1.00;0.24;-0.79;-1.28;0.11;-0.13;1.01;0.37;0.18;0.24;-0.48;-0.27;-0.84;-0.30;-0.12;0.18;0.03;-0.31;0.99;-0.37;0.55;1.34;-0.22;-0.74;-0.71;0.06;0.61;-0.12;0.02;-0.38;0.92;
-0.37;-0.43;-0.49;-0.17;0.14;-0.97;0.43;0.49;-0.43;0.01;0.07;-1.00;0.30;-0.49;-0.55;0.11;-0.13;1.01;0.37;-0.73;-0.12;-0.49;-0.28;-0.83;-0.43;-0.61;0.30;0.03;-0.30;1.00;0.06;0.85;1.71;-0.20;-0.74;-0.71;0.30;0.00;-0.18;0.02;-0.38;0.93;
-0.24;-0.18;0.30;-0.18;0.14;-0.98;0.55;0.30;-0.12;0.01;0.07;-1.01;0.24;-0.67;-1.22;0.12;-0.14;1.02;0.49;-0.37;0.30;-0.49;-0.28;-0.84;0.06;-0.24;0.37;0.02;-0.29;1.00;0.30;0.61;0.91;-0.22;-0.73;-0.71;0.00;0.37;0.12;0.02;-0.39;0.93;
-0.18;0.12;0.00;-0.18;0.14;-0.98;0.67;0.24;0.37;0.00;0.07;-1.00;-0.24;-0.24;-1.04;0.12;-0.14;1.01;0.37;0.18;0.43;-0.49;-0.28;-0.82;0.24;-0.18;0.30;0.03;-0.30;1.00;-0.37;0.37;1.59;-0.21;-0.74;-0.72;-0.12;-0.06;0.06;0.02;-0.40;0.93;
-0.18;-0.24;-0.67;-0.18;0.13;-0.97;0.06;-0.30;0.37;0.01;0.06;-1.00;0.24;-0.43;-0.85;0.12;-0.13;1.00;0.85;-0.43;0.18;-0.49;-0.28;-0.84;0.85;-0.55;-0.18;0.02;-0.31;0.97;-0.91;1.10;1.52;-0.20;-0.73;-0.71;0.00;0.12;0.12;0.02;-0.38;0.93;
-0.55;0.06;0.00;-0.18;0.14;-0.98;0.37;0.43;0.43;0.00;0.07;-1.00;0.79;-0.73;-0.73;0.12;-0.13;1.02;0.18;-0.06;0.06;-0.48;-0.28;-0.84;0.24;-0.43;0.37;0.03;-0.30;1.00;-0.37;1.16;1.40;-0.21;-0.73;-0.70;0.67;-0.49;0.61;0.03;-0.38;0.94;
-0.73;-0.06;-0.06;-0.17;0.14;-0.97;0.43;0.43;0.06;0.00;0.07;-1.00;-0.30;-0.12;-0.61;0.12;-0.14;1.00;0.49;-0.73;0.00;-0.49;-0.28;-0.84;0.49;-0.37;0.49;0.03;-0.30;0.99;-0.06;0.79;1.59;-0.21;-0.74;-0.71;0.18;0.43;-0.30;0.02;-0.38;0.93;
-0.67;0.12;0.00;-0.18;0.14;-0.97;0.85;-0.12;0.06;0.01;0.08;-1.00;0.30;-0.37;-0.91;0.11;-0.14;1.00;0.18;-0.55;0.43;-0.49;-0.27;-0.83;0.24;-0.37;0.43;0.03;-0.29;1.00;0.24;0.55;1.77;-0.22;-0.73;-0.71;-0.12;0.18;0.24;0.02;-0.38;0.93;
-0.24;-0.24;0.61;-0.17;0.14;-0.97;0.61;0.30;0.30;0.01;0.07;-1.00;0.30;-0.24;-1.28;0.12;-0.14;1.01;0.49;-0.61;0.24;-0.48;-0.27;-0.83;0.37;-0.18;-0.06;0.02;-0.29;0.99;-0.12;0.73;1.52;-0.22;-0.72;-0.71;-0.12;0.30;-0.06;0.03;-0.39;0.92;
-0.43;0.12;0.30;-0.17;0.14;-0.98;0.00;0.18;0.49;0.01;0.07;-1.01;0.18;-0.18;-0.85;0.11;-0.14;1.01;1.04;-0.37;0.12;-0.49;-0.28;-0.84;0.12;-0.30;0.49;0.02;-0.30;1.00;-1.04;0.24;1.40;-0.21;-0.73;-0.70;0.12;0.06;-0.24;0.02;-0.39;0.93;
0.18;-0.49;0.43;-0.17;0.14;-0.97;0.24;0.30;-0.12;0.01;0.07;-1.00;0.61;-0.43;-1.10;0.11;-0.13;1.01;0.79;-0.24;-0.12;-0.48;-0.28;-0.83;-0.12;-0.49;0.24;0.04;-0.30;0.98;0.06;0.49;1.34;-0.21;-0.73;-0.71;-0.06;-0.12;0.00;0.02;-0.39;0.92;
-0.61;-0.18;-0.12;-0.17;0.13;-0.98;0.30;0.06;-0.06;0.01;0.06;-1.00;0.00;-0.43;-0.85;0.12;-0.14;1.01;0.37;-0.37;-0.43;-0.48;-0.28;-0.84;0.43;-0.12;0.06;0.02;-0.29;1.00;0.00;0.79;1.28;-0.20;-0.73;-0.70;-0.06;-0.12;0.00;0.03;-0.38;0.94;
0.18;-0.12;-0.37;-0.18;0.13;-0.97;0.79;0.30;0.18;0.01;0.07;-1.01;-0.30;-0.37;-1.16;0.11;-0.13;1.01;0.18;-0.55;0.24;-0.49;-0.28;-0.83;0.18;-0.67;0.12;0.03;-0.30;1.00;-0.18;0.18;1.40;-0.21;-0.74;-0.70;0.30;0.67;-0.37;0.02;-0.39;0.93;
-0.24;-0.30;0.24;-0.17;0.13;-0.96;0.61;0.61;0.24;0.01;0.07;-1.01;-0.18;-0.55;-1.04;0.11;-0.14;1.00;0.06;-0.30;-0.12;-0.48;-0.28;-0.84;0.37;-0.30;0.12;0.02;-0.29;0.99;0.00;0.79;1.77;-0.21;-0.74;-0.71;0.00;0.00;-0.24;0.02;-0.37;0.93;
-0.61;-0.30;0.12;-0.18;0.14;-0.96;0.00;0.30;0.30;0.01;0.07;-1.00;0.18;-0.55;-1.16;0.11;-0.15;1.00;0.37;-0.49;-0.30;-0.48;-0.28;-0.83;0.24;0.06;0.49;0.03;-0.30;0.99;-0.30;0.43;1.89;-0.21;-0.74;-0.70;0.67;-0.24;0.73;0.02;-0.38;0.93;
-0.37;-0.37;0.18;-0.17;0.13;-0.96;0.37;0.18;0.06;0.01;0.07;-1.01;0.30;-0.55;-0.98;0.11;-0.14;1.01;0.37;-0.61;-0.06;-0.47;-0.28;-0.83;-0.61;-0.24;0.12;0.03;-0.29;0.99;-0.55;0.98;1.77;-0.22;-0.73;-0.70;-0.18;0.18;0.30;0.02;-0.38;0.93;
-1.10;2.56;0.37;-0.17;0.12;-0.96;-11.89;-11.40;7.13;0.02;0.21;-0.91;1.40;-0.73;-1.46;0.10;-0.14;1.01;-1.95;2.80;1.22;-0.49;-0.28;-0.82;-0.91;0.06;0.49;0.02;-0.30;1.00;19.39;-2.32;2.74;-0.22;-0.76;-0.70;0.73;-0.06;-0.24;0.02;-0.38;0.93;
76.59;-31.59;98.60;-0.14;0.01;-0.69;-14.76;114.94;-33.60;-0.02;-0.01;-0.68;-84.88;62.32;30.30;-0.20;-0.16;1.06;0.79;-5.79;4.27;-0.52;-0.27;-0.82;-15.61;2.32;-6.40;0.06;-0.24;1.07;63.78;-11.16;12.80;-0.21;-0.77;-0.68;0.37;-1.10;-1.22;0.02;-0.38;0.93;
34.02;-0.37;25.61;-0.14;0.17;-0.97;-60.85;-5.18;-9.27;0.11;-0.19;-0.82;-35.24;16.28;-0.67;0.04;-0.28;0.88;17.26;-0.55;-3.17;-0.49;-0.27;-0.85;-3.29;1.83;0.73;0.04;-0.28;1.01;31.22;4.21;15.55;-0.22;-0.66;-0.78;3.41;-8.29;-4.51;0.01;-0.38;0.92;
-126.77;-109.82;61.10;-0.05;0.36;-0.81;10.30;-257.26;-20.12;0.45;-0.10;-1.21;21.95;65.43;32.68;-0.05;-0.34;1.05;0.06;-18.60;0.98;-0.45;-0.28;-0.84;-0.98;-0.98;1.46;0.03;-0.27;0.99;9.45;-14.51;-10.30;-0.22;-0.74;-0.53;0.91;0.37;0.49;0.01;-0.38;0.92;
-11.95;-42.68;21.22;-0.12;-0.31;-1.09;20.06;-361.28;-350.43;0.51;-0.71;-1.41;-84.33;61.16;-133.17;0.77;-2.00;0.13;6.04;17.07;33.29;-0.41;-0.43;-0.85;1.22;-1.77;0.18;0.03;-0.29;1.00;-9.02;3.29;2.62;-0.22;-0.68;-0.73;-1.34;1.28;0.67;0.00;-0.38;0.91;
2.07;-3.17;-4.51;-0.06;-0.55;-0.87;74.76;43.96;-18.90;0.35;-0.14;-0.79;-8.29;-3.84;-15.49;0.28;-0.24;0.82;-43.66;-25.67;19.76;-0.52;-0.23;-0.79;0.55;-1.52;0.67;0.04;-0.29;0.99;34.27;-20.37;-18.72;-0.32;-0.87;-0.51;0.37;-0.18;0.30;0.02;-0.39;0.93;
87.01;12.62;0.37;-0.07;-0.45;-0.68;29.33;68.60;-7.44;0.24;-0.08;-0.99;55.12;-94.70;-19.57;0.13;-0.26;1.06;7.38;2.80;6.22;-0.46;-0.21;-0.84;-0.37;0.12;0.06;0.03;-0.30;1.00;-38.96;27.74;9.94;-0.29;-0.90;-0.50;-0.67;-3.23;-2.99;0.03;-0.39;0.93;
18.23;-0.73;-2.62;-0.04;-0.60;-0.59;-16.04;-48.66;-7.68;0.16;0.10;-0.82;-16.22;57.32;7.56;0.19;-0.25;0.92;-6.22;-2.07;-5.91;-0.49;-0.24;-0.84;-4.82;2.38;-1.95;0.03;-0.35;0.98;2.68;-3.17;8.84;-0.23;-0.74;-0.72;-0.49;1.83;0.98;0.01;-0.37;0.93;
-68.60;-28.17;35.30;-0.06;-0.64;-0.70;-74.76;-112.87;-35.24;0.18;-0.06;-0.45;-27.87;31.04;0.98;0.08;-0.38;0.80;14.63;-3.66;1.95;-0.46;-0.26;-0.85;-0.73;-0.18;0.18;0.03;-0.30;0.99;63.54;-9.21;7.99;-0.19;-0.65;-0.73;0.79;-2.01;-1.52;0.01;-0.39;0.93;
31.77;12.68;-17.44;-0.12;-0.56;-0.90;95.73;112.74;7.87;0.27;-0.01;-0.93;13.29;-97.87;-10.06;0.26;-0.25;0.93;5.61;4.33;15.79;-0.48;-0.26;-0.81;0.00;0.00;0.73;0.03;-0.30;1.01;53.66;-50.00;-7.99;-0.29;-0.90;-0.39;0.49;0.24;0.06;0.01;-0.37;0.93;
-109.70;-120.43;-69.51;-0.13;-0.37;-0.38;-4.27;54.57;-5.37;0.21;0.09;-0.93;-39.33;-5.91;-3.29;0.11;-0.35;0.88;-2.38;1.28;0.67;-0.49;-0.24;-0.88;0.73;0.37;0.55;0.05;-0.29;1.00;-63.54;27.74;-0.79;-0.33;-0.84;-0.46;-3.29;1.34;-0.49;-0.00;-0.38;0.93;
-31.04;2.74;5.98;-0.20;-0.32;-0.55;1.77;-49.63;-3.60;0.34;-0.04;-0.91;-5.06;75.98;16.40;0.29;-0.39;0.80;-6.83;-6.40;15.30;-0.43;-0.29;-0.81;3.35;-3.29;-1.59;-0.01;-0.33;0.91;-25.61;5.06;5.12;-0.29;-0.78;-0.71;0.98;-1.04;-1.16;0.02;-0.39;0.93;
31.04;-8.66;-0.06;-0.27;-0.27;-0.97;-3.84;-0.79;1.95;0.02;0.12;-1.02;3.96;-5.43;6.34;0.10;-0.30;0.97;1.28;-0.73;-0.24;-0.47;-0.26;-0.84;0.30;0.00;0.30;0.03;-0.30;0.98;-7.50;2.26;2.13;-0.25;-0.79;-0.62;-0.43;0.12;-0.55;0.00;-0.38;0.93;
19.76;-23.96;-3.35;-0.18;-0.34;-0.81;10.91;3.54;2.07;-0.06;0.11;-1.08;0.49;-1.77;-0.79;0.14;-0.19;0.99;-0.24;0.24;0.06;-0.48;-0.26;-0.84;0.12;-0.24;0.43;0.04;-0.29;1.00;-0.55;0.37;1.04;-0.25;-0.75;-0.66;-0.49;1.40;0.67;0.01;-0.40;0.92;
-0.55;0.73;0.12;-0.26;-0.30;-0.91;0.73;-0.30;-0.24;0.02;0.11;-0.99;-0.49;-0.18;-1.10;0.15;-0.16;0.99;0.73;-0.98;0.00;-0.48;-0.26;-0.84;0.30;-0.30;0.43;0.03;-0.29;1.00;-0.73;0.79;1.77;-0.25;-0.74;-0.68;0.24;-0.06;-0.12;0.00;-0.41;0.92;
-0.12;-1.71;-1.10;-0.27;-0.30;-0.91;1.10;0.67;0.37;0.03;0.11;-1.00;-0.12;-0.85;-1.16;0.15;-0.16;0.99;-1.83;1.95;1.28;-0.49;-0.26;-0.85;-0.12;-0.55;0.43;0.04;-0.29;1.00;-0.24;0.67;1.22;-0.25;-0.74;-0.68;0.24;0.00;0.37;0.00;-0.40;0.92;
-0.30;-0.24;-0.79;-0.27;-0.30;-0.92;0.24;-0.06;0.43;0.03;0.10;-1.00;0.12;-0.43;-1.10;0.15;-0.17;1.00;0.30;-0.18;0.06;-0.48;-0.26;-0.84;0.12;-0.61;0.24;0.03;-0.28;0.98;0.12;0.61;1.77;-0.25;-0.74;-0.67;0.06;0.06;-0.06;0.00;-0.40;0.92;
-0.67;-0.67;-0.61;-0.27;-0.29;-0.91;0.61;-0.12;0.24;0.02;0.10;-1.00;-0.30;-0.91;-0.67;0.15;-0.17;0.99;0.73;-0.73;0.30;-0.48;-0.26;-0.84;0.24;-0.30;0.49;0.03;-0.29;1.00;-0.12;0.37;1.77;-0.25;-0.74;-0.68;0.24;0.06;-0.24;0.01;-0.40;0.92;
0.00;-0.37;-0.61;-0.27;-0.30;-0.91;0.06;0.18;0.30;0.03;0.09;-0.99;2.20;-2.68;-1.89;0.13;-0.15;1.01;-0.24;-0.55;0.06;-0.48;-0.26;-0.84;0.18;-0.12;0.12;0.03;-0.29;0.99;-0.18;1.04;1.71;-0.25;-0.74;-0.67;0.24;0.06;0.18;0.01;-0.40;0.93;
0.49;-0.91;-0.30;-0.26;-0.30;-0.92;0.79;0.18;0.55;0.03;0.10;-1.00;-0.43;-0.43;-0.49;0.16;-0.16;1.01;-0.06;-0.30;-0.24;-0.48;-0.26;-0.84;0.30;-0.85;0.67;0.04;-0.29;1.00;-0.37;0.30;1.52;-0.25;-0.74;-0.68;0.18;0.18;0.12;0.01;-0.40;0.93;
0.12;0.30;-0.06;-0.27;-0.29;-0.91;0.43;0.73;-0.18;0.02;0.11;-1.00;0.06;-0.37;-1.10;0.15;-0.17;1.00;1.89;-0.91;-0.91;-0.49;-0.26;-0.83;0.12;-0.55;0.00;0.04;-0.29;1.00;-0.85;0.79;1.52;-0.26;-0.73;-0.69;0.12;0.12;-0.18;0.00;-0.40;0.92;
-0.06;-0.37;-0.30;-0.27;-0.30;-0.90;0.30;0.37;0.24;0.02;0.11;-0.99;-0.55;-0.43;-1.28;0.16;-0.17;0.99;0.37;-0.30;0.18;-0.48;-0.27;-0.85;0.49;0.06;0.30;0.03;-0.29;1.00;-0.55;0.18;1.83;-0.24;-0.74;-0.68;0.12;0.37;0.18;0.01;-0.40;0.92;
-0.30;-0.30;0.00;-0.27;-0.31;-0.91;0.24;0.00;0.00;0.03;0.10;-1.00;-0.12;-0.73;-1.28;0.15;-0.17;1.00;0.12;-0.55;0.12;-0.49;-0.27;-0.84;0.49;-0.30;0.49;0.03;-0.29;1.00;-0.67;0.61;1.46;-0.25;-0.74;-0.69;0.30;0.12;-0.06;-0.00;-0.40;0.93;
-0.12;-0.12;-0.37;-0.26;-0.30;-0.92;1.10;-0.12;0.12;0.03;0.09;-1.00;0.00;-0.12;-0.98;0.16;-0.17;0.99;0.43;-0.37;0.24;-0.48;-0.26;-0.84;0.24;-0.37;0.67;0.04;-0.29;0.99;-0.85;0.91;1.10;-0.25;-0.74;-0.69;0.61;0.00;0.00;0.00;-0.39;0.92;
0.24;-0.12;-0.37;-0.26;-0.30;-0.91;0.49;0.12;0.18;0.03;0.10;-1.00;0.12;-0.43;-1.71;0.16;-0.16;0.99;0.18;-0.55;0.06;-0.48;-0.26;-0.85;0.12;-0.24;0.49;0.04;-0.29;1.00;-0.98;0.73;1.46;-0.24;-0.74;-0.69;-0.30;2.20;0.37;0.01;-0.39;0.92;
0.18;0.24;-0.30;-0.27;-0.30;-0.91;0.67;0.43;0.79;0.02;0.10;-1.00;-0.30;-0.61;-1.46;0.15;-0.17;1.00;0.67;-0.18;0.30;-0.48;-0.27;-0.84;0.43;-0.43;0.30;0.03;-0.29;1.00;-0.18;0.67;1.46;-0.24;-0.73;-0.70;0.00;0.00;0.30;0.00;-0.40;0.92;
1.04;-0.43;0.00;-0.26;-0.32;-0.90;0.61;0.37;0.06;0.03;0.10;-0.99;0.06;-0.37;-1.40;0.17;-0.16;0.99;0.85;-0.43;-0.12;-0.48;-0.27;-0.84;0.06;-0.30;0.37;0.04;-0.29;0.99;-0.43;0.67;1.77;-0.25;-0.74;-0.70;0.12;0.30;0.06;0.00;-0.40;0.92;
0.67;-0.37;0.55;-0.26;-0.32;-0.91;0.30;0.24;0.43;0.03;0.08;-1.01;-1.71;-0.12;-10.91;0.20;-0.25;0.97;2.38;-2.50;-0.98;-0.48;-0.26;-0.85;-0.79;0.00;0.67;0.04;-0.29;1.00;-0.43;0.67;1.71;-0.25;-0.73;-0.70;0.06;-0.06;0.37;0.01;-0.40;0.93;
-0.67;0.55;0.18;-0.27;-0.32;-0.90;-0.06;0.43;0.49;0.02;0.09;-1.00;-0.18;-0.30;-1.28;0.16;-0.16;0.99;0.55;-0.79;0.06;-0.48;-0.27;-0.85;0.30;-0.12;0.55;0.04;-0.29;1.00;-1.10;0.61;1.83;-0.25;-0.74;-0.70;0.12;0.37;-0.24;0.00;-0.40;0.92;
0.18;0.43;-0.06;-0.27;-0.33;-0.90;0.49;0.24;0.30;0.02;0.10;-1.01;0.24;-0.37;-0.67;0.16;-0.16;1.00;0.98;-0.43;0.06;-0.48;-0.26;-0.82;0.18;-0.43;0.49;0.04;-0.29;0.99;-0.18;0.79;1.95;-0.25;-0.72;-0.71;0.24;0.49;0.12;0.01;-0.40;0.93;
0.73;-0.43;-0.24;-0.27;-0.33;-0.90;0.61;0.06;-0.61;0.03;0.10;-1.01;0.18;-0.55;-2.01;0.16;-0.17;1.00;0.18;-0.24;-0.06;-0.49;-0.26;-0.83;0.24;-0.18;0.37;0.03;-0.29;0.99;-0.37;0.91;1.40;-0.24;-0.72;-0.71;0.18;-0.06;0.18;0.00;-0.39;0.92;
-0.85;-0.43;0.00;-0.27;-0.34;-0.90;-0.06;-0.24;0.00;0.03;0.09;-1.00;-0.18;-0.55;-1.52;0.16;-0.16;0.99;-0.37;-0.49;0.12;-0.48;-0.27;-0.84;0.43;-0.55;-0.06;0.03;-0.29;0.99;0.24;0.67;1.22;-0.25;-0.72;-0.71;0.12;0.12;0.18;0.00;-0.40;0.92;
-196.34;-207.99;-81.10;-0.20;-0.63;-1.87;67.68;48.72;30.55;-0.07;0.06;-0.82;-7.32;3.72;51.52;0.04;-0.01;1.14;5.98;13.23;9.09;-0.60;-0.32;-0.89;2.01;-2.32;-0.06;0.02;-0.30;0.98;81.77;11.95;32.87;-0.18;-0.76;-0.84;3.29;-7.74;-4.02;-0.00;-0.41;0.91;
-206.16;26.71;27.38;-0.38;-1.13;-2.00;-47.26;-21.10;-17.44;0.45;0.55;-0.90;-12.38;-2.99;-1.77;0.09;-0.15;1.02;2.26;-1.28;-1.83;-0.48;-0.26;-0.85;-0.06;-0.37;0.37;0.03;-0.29;0.99;19.21;-3.23;1.34;-0.25;-0.77;-0.64;-0.18;0.30;-0.43;0.01;-0.41;0.92;
-10.24;168.84;-90.67;-0.00;-0.03;-1.31;-31.59;-111.52;-30.79;0.16;0.26;-1.22;-119.57;177.68;2.87;-0.04;-0.46;0.57;5.85;-2.93;-2.62;-0.48;-0.25;-0.85;0.67;-0.61;0.24;0.04;-0.29;1.00;65.79;-22.13;-1.95;-0.25;-0.81;-0.65;6.46;-10.55;-5.18;0.00;-0.41;0.92;
-34.70;-7.68;42.56;-0.12;0.18;-0.74;-20.55;18.23;5.12;0.11;0.13;-1.08;-3.66;7.99;9.70;0.05;-0.15;1.02;-24.82;3.66;1.10;-0.39;-0.29;-0.86;9.15;-4.02;-0.24;0.04;-0.28;1.01;102.50;-38.78;1.89;-0.21;-0.81;-0.58;1.16;-4.27;-2.87;0.00;-0.40;0.93;
-0.43;10.55;7.74;-0.16;0.08;-0.87;6.65;3.17;3.60;0.08;0.20;-0.94;-4.21;3.23;-1.83;0.16;-0.18;0.98;5.73;-0.24;-2.32;-0.50;-0.25;-0.86;-1.16;0.43;0.67;0.03;-0.29;1.00;0.24;-0.12;0.79;-0.24;-0.83;-0.60;2.62;-3.41;-1.59;-0.01;-0.40;0.93;
-1.10;-0.43;0.18;-0.09;-0.22;-0.97;0.79;0.06;0.43;0.07;0.20;-0.98;-0.24;-0.49;-0.91;0.17;-0.17;1.00;0.73;-0.18;-0.06;-0.49;-0.26;-0.84;0.12;-0.49;0.24;0.03;-0.30;1.00;-0.43;0.98;1.46;-0.26;-0.82;-0.59;-0.18;-0.18;0.12;-0.01;-0.42;0.92;
-1.04;0.00;0.06;-0.08;-0.22;-0.97;0.61;0.18;0.30;0.07;0.19;-0.98;-0.43;-0.30;-1.16;0.17;-0.16;1.00;0.49;-0.43;0.24;-0.48;-0.27;-0.84;0.43;-0.61;0.37;0.03;-0.29;1.00;0.12;0.61;1.52;-0.25;-0.83;-0.59;0.18;0.85;0.37;-0.02;-0.41;0.93;
-0.85;-0.12;-0.55;-0.09;-0.21;-0.97;0.55;0.12;0.37;0.07;0.19;-0.98;0.24;-0.30;-0.43;0.16;-0.17;1.00;0.49;-1.10;0.18;-0.49;-0.27;-0.85;0.00;-0.43;0.43;0.03;-0.30;1.00;-1.16;0.30;1.28;-0.25;-0.82;-0.59;0.18;0.24;-0.12;-0.01;-0.41;0.92;
-0.37;-0.43;-0.18;-0.09;-0.22;-0.98;0.43;0.18;0.49;0.08;0.19;-0.98;-0.12;-0.43;-1.34;0.17;-0.17;0.99;1.10;-0.18;0.12;-0.48;-0.26;-0.84;0.00;-0.49;0.24;0.03;-0.29;1.00;-0.18;0.79;1.89;-0.25;-0.82;-0.59;-0.06;-0.06;-0.30;-0.02;-0.40;0.92;
-0.55;-0.37;-0.12;-0.09;-0.22;-0.98;0.18;0.00;0.43;0.07;0.18;-0.99;0.12;-0.43;-1.10;0.16;-0.17;0.99;0.37;-0.37;0.18;-0.48;-0.27;-0.83;0.43;-0.18;0.30;0.03;-0.29;0.99;-0.43;0.49;1.10;-0.25;-0.82;-0.59;0.18;0.18;-0.18;-0.01;-0.40;0.92;
-0.24;-0.30;0.00;-0.09;-0.22;-0.97;0.30;0.30;-0.18;0.07;0.19;-0.99;0.61;0.18;-0.30;0.16;-0.17;1.00;1.04;-0.30;0.18;-0.48;-0.26;-0.83;0.06;-1.16;0.37;0.03;-0.29;0.99;0.00;0.79;1.28;-0.25;-0.83;-0.58;0.24;0.24;-0.12;-0.01;-0.40;0.92;
-0.49;-0.24;0.24;-0.09;-0.21;-0.98;-0.12;0.12;0.12;0.08;0.19;-0.98;0.30;-0.73;-1.34;0.16;-0.17;0.98;0.24;0.00;-0.06;-0.48;-0.25;-0.83;-0.06;-0.61;0.00;0.03;-0.29;1.00;0.24;0.49;1.95;-0.26;-0.82;-0.59;0.18;0.24;-0.73;-0.01;-0.41;0.92;
-0.24;-0.37;0.18;-0.08;-0.22;-0.97;0.55;0.73;0.18;0.07;0.19;-0.99;0.24;-0.24;-0.79;0.17;-0.17;0.99;0.49;-0.79;0.00;-0.48;-0.26;-0.84;0.18;-0.61;0.00;0.03;-0.29;0.99;-0.55;0.67;1.34;-0.25;-0.82;-0.59;0.00;0.37;-0.18;-0.02;-0.41;0.92;
-0.98;0.12;-0.06;-0.09;-0.21;-0.97;0.24;-0.12;0.18;0.08;0.19;-0.98;0.37;-0.18;-0.91;0.16;-0.17;0.98;0.49;-0.18;-0.24;-0.48;-0.26;-0.84;0.18;-0.37;0.12;0.04;-0.30;0.99;-0.37;0.85;1.16;-0.25;-0.83;-0.60;0.43;0.24;0.37;-0.01;-0.41;0.93;
-0.79;0.24;0.49;-0.09;-0.21;-0.98;0.61;0.18;0.24;0.07;0.19;-0.99;0.43;-0.73;-1.22;0.17;-0.17;1.00;0.24;0.00;0.49;-0.48;-0.27;-0.85;0.49;-0.79;0.43;0.03;-0.29;0.99;-0.24;0.24;1.46;-0.25;-0.82;-0.59;0.37;0.12;0.30;-0.01;-0.40;0.91;
-0.30;-0.24;0.30;-0.09;-0.20;-0.96;0.24;0.24;0.24;0.08;0.20;-0.97;0.55;-0.55;-1.22;0.17;-0.17;0.99;0.37;-0.37;0.12;-0.48;-0.27;-0.84;0.67;-0.06;0.24;0.03;-0.29;1.00;-0.43;0.30;2.20;-0.25;-0.82;-0.59;0.30;0.12;0.37;-0.01;-0.40;0.92;
-0.43;0.49;-0.61;-0.08;-0.20;-0.97;0.06;-0.12;0.06;0.08;0.18;-0.98;-0.06;-0.30;-0.91;0.17;-0.16;1.00;0.49;-0.30;0.24;-0.48;-0.26;-0.83;0.67;-0.55;0.43;0.04;-0.29;0.99;-0.18;0.79;1.28;-0.25;-0.83;-0.59;0.24;-0.18;-0.37;-0.02;-0.40;0.91;
-0.61;-0.79;0.37;-0.09;-0.21;-0.97;0.67;0.24;0.24;0.07;0.19;-0.98;0.43;-0.43;-1.28;0.16;-0.16;1.00;1.04;-0.61;0.00;-0.48;-0.26;-0.84;0.43;0.18;0.12;0.04;-0.29;0.99;0.06;0.79;1.34;-0.25;-0.83;-0.59;0.06;-0.18;-0.24;-0.02;-0.41;0.90;
-0.18;0.12;0.37;-0.08;-0.21;-0.97;0.61;0.67;0.12;0.08;0.19;-0.98;0.73;-0.67;-0.85;0.17;-0.17;1.00;0.37;-0.43;0.12;-0.49;-0.27;-0.84;0.49;-0.49;0.24;0.03;-0.28;0.99;0.00;0.98;1.65;-0.25;-0.82;-0.59;0.06;0.06;-0.06;-0.01;-0.40;0.92;
-0.79;-0.12;0.12;-0.09;-0.21;-0.98;0.00;-0.30;-0.18;0.08;0.19;-0.98;-0.30;-0.73;-1.34;0.17;-0.17;1.00;0.18;-0.30;-0.06;-0.49;-0.27;-0.83;0.30;0.12;0.43;0.03;-0.29;0.98;0.12;0.43;1.59;-0.25;-0.81;-0.58;0.06;0.18;-0.12;-0.02;-0.40;0.92;
-0.61;-0.18;0.12;-0.09;-0.20;-0.98;0.24;0.24;0.00;0.07;0.18;-0.98;0.43;-0.18;-0.30;0.17;-0.17;0.99;0.00;-0.12;-0.12;-0.48;-0.27;-0.84;0.24;-0.24;0.37;0.03;-0.29;1.00;-0.61;0.73;1.34;-0.25;-0.82;-0.58;0.24;0.18;-0.55;-0.01;-0.41;0.91;
-0.06;0.00;0.24;-0.08;-0.21;-0.98;0.06;0.00;0.18;0.07;0.18;-0.98;0.06;-0.30;-0.98;0.17;-0.17;0.99;0.49;-0.49;-0.37;-0.48;-0.26;-0.84;0.30;-0.30;0.55;0.04;-0.30;0.99;-0.12;0.55;1.52;-0.25;-0.83;-0.58;-0.12;-0.12;-0.37;-0.01;-0.41;0.92;
-0.12;-0.12;-0.12;-0.08;-0.21;-0.96;0.37;0.18;0.00;0.07;0.19;-0.97;0.24;-0.06;-1.40;0.17;-0.16;0.99;1.22;-0.24;0.18;-0.48;-0.26;-0.84;-0.18;-0.30;0.37;0.04;-0.29;0.99;-0.43;0.98;1.77;-0.25;-0.82;-0.59;0.00;0.30;0.06;-0.02;-0.40;0.91;
-0.49;-0.43;0.24;-0.10;-0.20;-0.98;0.06;0.55;0.06;0.07;0.18;-0.98;0.12;-0.61;-1.22;0.16;-0.17;0.99;-0.43;-0.61;-0.18;-0.48;-0.26;-0.84;0.43;-0.30;0.06;0.03;-0.30;0.99;0.00;0.43;1.16;-0.25;-0.82;-0.60;-0.06;-0.18;-0.18;-0.02;-0.41;0.92;
-0.61;-0.24;-0.24;-0.09;-0.19;-0.98;0.37;-0.37;0.06;0.07;0.18;-0.98;0.06;-0.49;-1.40;0.16;-0.16;0.99;0.61;-0.43;-0.43;-0.48;-0.27;-0.85;0.37;-0.06;0.37;0.03;-0.30;0.99;-1.04;0.73;1.34;-0.25;-0.82;-0.59;0.43;-0.24;0.24;-0.01;-0.41;0.92;
0.12;-0.85;-0.06;-0.08;-0.20;-0.97;0.85;-0.06;0.06;0.07;0.19;-0.98;0.12;-0.73;-1.16;0.16;-0.17;1.00;0.67;-0.55;-0.12;-0.48;-0.26;-0.84;0.43;-0.37;0.55;0.03;-0.29;1.00;-0.06;0.79;1.28;-0.24;-0.82;-0.59;0.73;-0.06;0.00;-0.01;-0.41;0.91;
-0.18;-0.49;0.49;-0.08;-0.20;-0.97;0.61;0.24;0.37;0.07;0.20;-0.99;0.18;-0.61;-1.34;0.17;-0.17;1.01;0.85;-0.67;0.00;-0.49;-0.26;-0.84;-0.24;-0.12;0.43;0.03;-0.29;0.99;0.49;0.61;1.34;-0.25;-0.82;-0.60;0.00;0.06;0.06;-0.02;-0.41;0.92;
-0.49;-0.24;-0.24;-0.08;-0.21;-0.97;0.55;0.37;0.06;0.08;0.19;-0.98;0.37;-0.67;-0.85;0.17;-0.17;0.99;0.43;-0.49;0.43;-0.48;-0.27;-0.84;0.24;-0.55;0.43;0.03;-0.29;0.99;-0.30;0.85;1.22;-0.25;-0.82;-0.59;-0.43;-0.24;0.06;-0.02;-0.41;0.91;
-0.24;-0.12;-0.73;-0.08;-0.20;-0.98;0.12;0.24;0.61;0.07;0.18;-0.98;0.06;-0.30;-0.67;0.16;-0.17;0.99;0.55;-0.43;0.12;-0.48;-0.27;-0.84;-0.85;0.43;0.55;0.03;-0.29;0.99;0.06;0.79;1.71;-0.25;-0.83;-0.58;0.18;0.12;0.24;-0.01;-0.40;0.91;
-0.24;0.06;-0.37;-0.09;-0.20;-0.98;0.18;0.37;0.30;0.07;0.18;-0.98;0.12;-0.43;-1.16;0.16;-0.17;1.00;0.37;-0.43;0.18;-0.47;-0.26;-0.84;0.18;-0.12;0.18;0.04;-0.30;0.99;-0.18;0.73;1.22;-0.25;-0.82;-0.59;0.18;-0.73;-0.24;-0.02;-0.40;0.92;
-0.06;-0.12;0.24;-0.08;-0.20;-0.98;0.55;0.00;0.18;0.07;0.19;-0.98;-0.06;-0.79;-1.52;0.17;-0.17;1.00;0.43;-0.61;0.55;-0.48;-0.27;-0.84;0.43;-0.55;0.30;0.03;-0.29;0.99;-0.37;1.16;1.22;-0.25;-0.82;-0.59;-0.24;-0.18;0.12;-0.02;-0.40;0.92;
-0.24;0.00;0.06;-0.08;-0.20;-0.97;0.30;0.12;-0.18;0.08;0.19;-0.98;-0.67;-0.73;-1.10;0.16;-0.17;1.00;0.18;-0.24;0.24;-0.48;-0.26;-0.85;0.24;-0.37;0.49;0.03;-0.30;0.99;-0.18;0.37;1.52;-0.24;-0.83;-0.58;-0.24;-0.49;-0.18;-0.02;-0.40;0.92;
-0.24;-0.37;-0.18;-0.09;-0.21;-0.97;0.24;0.67;0.24;0.08;0.19;-0.98;-0.30;-0.67;-1.59;0.17;-0.17;0.99;0.67;-0.55;0.00;-0.48;-0.27;-0.85;0.06;-0.49;0.37;0.03;-0.30;1.00;0.37;0.61;1.28;-0.25;-0.82;-0.59;0.79;0.00;-0.12;-0.01;-0.41;0.91;
-0.18;0.00;-0.24;-0.08;-0.20;-0.98;0.43;0.18;0.06;0.08;0.19;-0.98;0.55;-0.49;-0.73;0.16;-0.16;1.00;0.61;-0.30;0.00;-0.48;-0.26;-0.84;0.37;-0.30;0.18;0.03;-0.29;0.99;0.61;0.49;1.16;-0.25;-0.82;-0.59;-0.06;0.00;-0.30;-0.01;-0.40;0.92;
-0.37;-0.37;0.37;-0.08;-0.20;-0.98;0.24;0.18;0.12;0.08;0.19;-0.98;0.30;-0.30;-1.52;0.16;-0.17;1.00;0.12;-0.85;-0.18;-0.48;-0.26;-0.84;0.55;-0.37;0.73;0.04;-0.29;0.99;-0.18;0.43;1.46;-0.25;-0.82;-0.59;0.06;0.12;-0.37;-0.02;-0.40;0.93;
-0.12;-0.37;0.00;-0.10;-0.20;-0.98;0.61;-0.06;-0.18;0.07;0.19;-0.99;0.06;-0.49;-0.85;0.16;-0.17;1.00;0.73;0.00;-0.30;-0.48;-0.27;-0.84;0.37;-0.37;0.18;0.03;-0.29;1.00;0.06;1.16;1.46;-0.25;-0.83;-0.59;0.00;-0.61;0.43;-0.01;-0.41;0.92;
-0.61;-0.24;0.18;-0.09;-0.20;-0.97;0.18;-0.18;0.06;0.07;0.19;-0.97;0.24;-0.67;-1.52;0.16;-0.17;1.00;-0.61;-0.43;-0.24;-0.48;-0.26;-0.83;0.37;-0.30;0.55;0.04;-0.29;1.00;-0.30;0.67;1.22;-0.24;-0.83;-0.59;0.06;0.18;0.12;-0.01;-0.41;0.92;
-0.85;-0.61;-0.06;-0.08;-0.20;-0.98;0.37;0.30;0.43;0.07;0.19;-0.98;0.61;-0.55;-0.67;0.16;-0.17;0.99;0.00;-0.67;0.00;-0.48;-0.26;-0.85;-0.06;-0.49;0.79;0.03;-0.29;0.99;-0.91;0.18;1.28;-0.24;-0.82;-0.59;0.67;-0.30;0.49;-0.01;-0.40;0.91;
-0.06;-0.49;0.18;-0.08;-0.20;-0.97;0.49;0.00;-0.18;0.07;0.19;-0.98;0.55;-0.79;-1.22;0.17;-0.17;1.00;-0.12;0.12;0.30;-0.48;-0.26;-0.84;0.49;-0.43;0.55;0.04;-0.29;1.00;-0.43;0.67;1.65;-0.24;-0.82;-0.59;-0.30;0.37;0.43;-0.02;-0.41;0.91;
-0.24;0.06;-0.18;-0.09;-0.21;-0.98;0.30;0.37;0.24;0.07;0.19;-0.98;0.06;-0.43;-0.73;0.17;-0.17;1.00;0.43;-0.79;0.43;-0.48;-0.27;-0.84;0.30;-0.12;0.12;0.03;-0.29;0.99;-0.37;0.98;1.34;-0.25;-0.83;-0.58;-0.06;0.06;-0.06;-0.02;-0.41;0.92;
-0.24;-0.18;-0.06;-0.08;-0.20;-0.96;0.61;0.12;0.00;0.07;0.19;-0.98;0.12;-0.73;-0.98;0.17;-0.17;0.99;0.49;-0.49;-0.06;-0.48;-0.26;-0.85;-0.12;-0.37;0.43;0.03;-0.29;1.00;0.43;0.79;1.65;-0.25;-0.82;-0.58;0.06;0.49;-0.30;-0.01;-0.41;0.92;
-0.73;-0.43;-0.30;-0.09;-0.20;-0.98;0.37;0.43;0.37;0.07;0.18;-0.98;-0.06;-0.49;-0.61;0.16;-0.17;0.99;0.30;-0.49;-0.18;-0.47;-0.26;-0.84;0.49;-0.61;0.55;0.03;-0.29;0.99;-0.24;0.91;1.52;-0.25;-0.82;-0.59;0.30;-0.30;0.06;-0.02;-0.41;0.92;
-0.30;-0.06;-0.06;-0.09;-0.20;-0.97;0.79;0.67;0.18;0.06;0.20;-0.98;-0.12;-0.43;-1.28;0.17;-0.16;0.99;0.61;-0.24;0.37;-0.48;-0.26;-0.85;0.67;-0.55;0.06;0.03;-0.29;1.00;0.06;0.37;1.65;-0.24;-0.83;-0.58;0.49;0.43;-0.06;-0.01;-0.41;0.91;
0.00;-0.18;0.30;-0.08;-0.20;-0.97;0.24;-0.37;0.30;0.07;0.19;-0.98;-0.18;-0.24;-1.40;0.17;-0.17;1.00;0.00;-0.67;-0.30;-0.49;-0.27;-0.84;0.43;-0.24;0.12;0.04;-0.29;0.98;-0.18;0.91;2.01;-0.25;-0.82;-0.59;-0.18;0.18;-0.12;-0.02;-0.41;0.92;
0.24;-0.30;-0.06;-0.08;-0.20;-0.98;0.67;0.37;0.00;0.07;0.19;-0.98;0.06;-0.61;-1.46;0.16;-0.17;1.00;0.24;-0.37;0.55;-0.48;-0.26;-0.83;0.30;-0.30;0.06;0.03;-0.30;0.99;0.00;0.49;1.65;-0.25;-0.82;-0.59;-0.12;0.06;-0.06;-0.02;-0.40;0.92;
-0.06;0.12;0.43;-0.08;-0.20;-0.98;0.49;0.12;0.37;0.07;0.19;-0.98;0.12;-0.55;-0.79;0.17;-0.17;0.99;0.79;-0.55;0.30;-0.48;-0.26;-0.84;0.06;-0.49;0.06;0.03;-0.30;1.00;-0.49;0.61;1.59;-0.25;-0.83;-0.59;0.30;0.43;-0.37;-0.01;-0.40;0.92;
-0.37;0.12;-0.06;-0.09;-0.20;-0.98;0.85;0.06;0.12;0.07;0.20;-0.97;-0.24;-0.30;-1.22;0.16;-0.17;0.99;0.37;-0.24;-0.12;-0.49;-0.26;-0.84;0.30;0.12;0.12;0.04;-0.29;0.99;-0.24;0.43;2.38;-0.25;-0.82;-0.58;0.06;0.00;0.06;-0.02;-0.40;0.92;
0.00;-0.49;-0.12;-0.09;-0.19;-0.97;0.24;-0.06;0.24;0.08;0.19;-0.98;0.18;-0.61;-0.91;0.17;-0.17;1.00;-0.06;-0.43;0.18;-0.49;-0.27;-0.84;0.12;-0.12;0.55;0.03;-0.29;0.99;-0.61;0.49;1.89;-0.25;-0.82;-0.59;0.18;0.49;-0.12;-0.02;-0.41;0.92;
-0.49;-0.12;0.37;-0.09;-0.19;-0.97;0.18;0.37;0.00;0.07;0.19;-0.98;0.00;-0.73;-0.91;0.16;-0.18;0.99;0.30;-0.43;0.06;-0.49;-0.27;-0.85;-0.06;-0.18;0.49;0.03;-0.29;0.99;-0.30;0.79;1.10;-0.24;-0.82;-0.59;0.49;-0.12;0.06;-0.02;-0.41;0.92;
0.06;-0.24;0.00;-0.08;-0.20;-0.97;0.43;-0.18;-0.06;0.07;0.19;-0.98;-0.18;-0.37;-1.28;0.17;-0.17;1.00;0.30;-0.30;0.24;-0.48;-0.27;-0.84;1.22;-0.55;0.00;0.03;-0.29;1.00;-0.24;1.10;1.28;-0.25;-0.82;-0.58;0.12;0.06;-0.18;-0.02;-0.40;0.92;
-0.49;-0.12;-0.06;-0.09;-0.19;-0.97;0.61;0.00;0.06;0.08;0.19;-0.99;0.37;-0.43;-1.22;0.17;-0.17;0.99;0.00;-0.67;0.18;-0.48;-0.27;-0.83;0.24;-0.55;0.18;0.03;-0.29;0.99;0.24;0.30;1.22;-0.25;-0.82;-0.59;0.37;0.18;0.06;-0.01;-0.40;0.92;
0.06;-0.43;0.00;-0.08;-0.20;-0.97;0.67;-0.18;0.12;0.08;0.20;-0.98;0.00;-0.61;-0.91;0.16;-0.16;0.99;0.30;-0.79;-0.61;-0.48;-0.25;-0.84;0.18;-0.12;0.24;0.03;-0.29;0.99;0.06;0.85;1.83;-0.24;-0.83;-0.59;0.85;0.12;-0.67;-0.02;-0.40;0.92;
-0.12;0.06;0.12;-0.08;-0.19;-0.97;0.49;0.30;0.37;0.07;0.19;-0.98;0.18;-0.30;-0.91;0.17;-0.17;1.00;0.37;-0.43;-0.12;-0.48;-0.26;-0.84;-0.06;-0.79;0.37;0.03;-0.29;0.99;0.49;0.55;1.28;-0.25;-0.82;-0.60;-0.43;-0.12;-0.24;-0.01;-0.41;0.92;
-0.18;-0.18;0.12;-0.08;-0.20;-0.97;0.67;0.43;0.00;0.07;0.19;-0.99;0.00;-0.43;-1.16;0.16;-0.17;1.00;0.12;-0.43;0.37;-0.48;-0.27;-0.84;0.37;-0.43;0.73;0.03;-0.29;0.99;-0.37;0.98;1.10;-0.25;-0.82;-0.58;0.30;-0.12;0.18;-0.03;-0.40;0.92;
0.12;-0.18;0.00;-0.09;-0.19;-0.97;-0.24;0.18;0.06;0.06;0.19;-0.97;0.67;-0.24;-1.28;0.17;-0.16;1.00;0.43;-0.30;-0.24;-0.48;-0.26;-0.83;0.30;-0.30;0.30;0.03;-0.29;1.00;-0.37;0.49;1.83;-0.25;-0.83;-0.60;0.30;0.30;0.00;-0.02;-0.41;0.91;
0.12;0.00;0.24;-0.09;-0.20;-0.98;-0.30;0.24;0.24;0.07;0.18;-0.99;0.06;-0.61;-0.98;0.17;-0.17;1.00;0.12;-0.49;0.12;-0.48;-0.26;-0.84;0.43;-0.37;-0.18;0.03;-0.29;0.99;0.00;0.55;1.46;-0.24;-0.83;-0.59;-0.12;0.18;-0.18;-0.01;-0.41;0.92;
0.43;-0.18;0.06;-0.08;-0.19;-0.97;0.30;0.37;0.00;0.06;0.19;-0.98;0.61;-0.43;-1.10;0.17;-0.17;1.00;0.24;-0.24;-0.18;-0.48;-0.27;-0.84;0.49;-0.24;0.18;0.03;-0.29;0.99;0.00;0.55;1.89;-0.24;-0.82;-0.60;0.24;0.49;0.06;-0.02;-0.40;0.92;
-0.18;-0.37;0.06;-0.08;-0.19;-0.98;0.79;0.73;0.12;0.07;0.18;-0.98;0.06;-0.91;-0.85;0.16;-0.17;0.99;0.37;-0.43;-0.12;-0.49;-0.26;-0.85;-0.06;-0.24;0.30;0.03;-0.30;1.00;0.12;0.67;0.85;-0.25;-0.82;-0.59;0.00;-0.06;-0.06;-0.01;-0.41;0.92;
-0.61;-0.30;0.30;-0.08;-0.20;-0.98;0.67;-0.18;0.24;0.07;0.18;-0.98;0.37;-0.61;-0.61;0.16;-0.17;1.00;0.30;-0.55;-0.43;-0.49;-0.26;-0.84;0.30;-0.43;0.37;0.04;-0.29;0.99;-0.24;0.73;1.16;-0.25;-0.82;-0.60;0.12;-0.24;-0.24;-0.02;-0.40;0.92;
-0.55;-0.12;-0.06;-0.09;-0.20;-0.98;0.12;0.06;0.00;0.07;0.19;-0.99;0.00;-0.37;-1.40;0.16;-0.16;0.99;-0.12;-0.43;0.24;-0.48;-0.26;-0.84;0.37;-0.30;0.49;0.04;-0.30;0.99;-0.55;0.98;1.34;-0.25;-0.82;-0.60;0.12;-0.12;0.24;-0.01;-0.40;0.91;
-0.37;-0.12;0.06;-0.08;-0.19;-0.98;0.24;0.12;0.61;0.07;0.19;-0.97;0.24;-0.43;-1.10;0.16;-0.17;0.99;0.30;-0.49;0.18;-0.49;-0.26;-0.84;-0.06;-0.30;0.18;0.04;-0.29;1.00;-0.24;1.04;1.40;-0.25;-0.81;-0.59;0.43;-0.30;0.18;-0.01;-0.40;0.92;
-0.37;-0.12;0.49;-0.08;-0.19;-0.97;0.43;0.37;0.55;0.08;0.19;-0.98;0.12;-0.24;-0.91;0.17;-0.17;1.00;0.43;-0.61;-0.43;-0.48;-0.26;-0.84;0.30;-0.12;0.67;0.03;-0.29;1.00;0.73;0.43;1.71;-0.25;-0.82;-0.59;0.30;0.37;0.00;-0.01;-0.40;0.93;
-0.30;-0.24;-0.73;-0.08;-0.20;-0.98;0.00;0.43;0.30;0.08;0.19;-0.98;-0.37;-0.37;-1.16;0.17;-0.17;0.99;0.49;-0.61;0.37;-0.48;-0.26;-0.83;0.12;-0.12;-0.06;0.04;-0.29;1.00;-0.12;0.43;1.77;-0.26;-0.82;-0.61;0.24;0.06;0.12;-0.01;-0.41;0.92;
0.00;-0.61;-0.61;-0.08;-0.20;-0.98;1.04;-0.12;0.18;0.07;0.19;-0.98;0.43;-0.12;-1.10;0.17;-0.17;1.00;0.18;-0.37;0.00;-0.48;-0.26;-0.84;0.18;-0.43;0.30;0.03;-0.29;0.99;-0.61;0.73;1.22;-0.25;-0.82;-0.59;-0.12;-0.91;-0.06;-0.02;-0.41;0.92;
-0.12;-0.12;0.06;-0.09;-0.19;-0.97;0.37;0.43;0.24;0.08;0.19;-0.98;0.37;-0.55;-0.67;0.16;-0.17;1.00;0.24;-0.37;0.00;-0.48;-0.27;-0.84;0.61;-0.24;0.18;0.04;-0.30;1.01;0.18;0.73;1.95;-0.24;-0.82;-0.59;-0.30;0.06;0.24;-0.01;-0.40;0.92;
-0.98;-0.43;0.00;-0.08;-0.20;-0.98;0.00;0.18;0.06;0.07;0.19;-0.99;-0.06;-0.79;-1.34;0.16;-0.16;1.00;0.24;-0.24;0.18;-0.48;-0.26;-0.83;0.43;-0.67;0.06;0.03;-0.29;1.00;-0.61;1.22;1.10;-0.25;-0.82;-0.59;0.61;-0.24;0.12;-0.02;-0.41;0.92;
-0.37;-0.06;0.12;-0.09;-0.20;-0.97;0.37;0.00;0.00;0.07;0.19;-0.97;-0.12;-0.61;-1.46;0.17;-0.17;1.00;0.85;-0.18;0.18;-0.48;-0.27;-0.84;-0.06;-0.49;0.24;0.03;-0.29;1.00;0.30;0.49;1.71;-0.24;-0.82;-0.59;0.00;0.37;0.06;-0.00;-0.40;0.91;
-0.55;-0.30;0.00;-0.08;-0.19;-0.97;0.00;0.00;-0.06;0.07;0.19;-0.98;-0.06;-0.61;0.00;0.17;-0.17;1.00;0.24;-0.61;0.18;-0.48;-0.26;-0.83;0.24;-0.30;0.30;0.04;-0.29;0.98;-0.18;0.43;1.40;-0.25;-0.83;-0.60;0.12;-0.43;0.00;-0.02;-0.41;0.92;
-0.30;0.18;0.18;-0.08;-0.19;-0.97;0.67;0.37;0.61;0.07;0.19;-0.99;0.24;-0.37;-1.16;0.16;-0.17;1.00;0.37;-0.73;-0.61;-0.47;-0.26;-0.83;0.55;-0.24;0.18;0.03;-0.29;0.99;-0.43;0.73;1.10;-0.25;-0.82;-0.60;0.00;0.00;0.37;-0.01;-0.41;0.93;
-0.49;-0.18;0.43;-0.09;-0.19;-0.97;0.55;0.00;0.00;0.08;0.19;-0.98;-0.37;-0.30;-1.16;0.16;-0.16;0.99;0.12;-0.67;0.43;-0.49;-0.26;-0.84;0.12;-0.49;-0.06;0.03;-0.29;0.99;-0.24;0.73;1.77;-0.25;-0.82;-0.59;0.61;-0.06;-0.12;-0.02;-0.40;0.92;
-0.30;-0.06;0.12;-0.08;-0.19;-0.97;0.73;0.06;0.12;0.08;0.19;-0.98;0.24;-0.73;-1.40;0.16;-0.17;0.99;0.24;-0.18;-0.12;-0.48;-0.26;-0.85;0.79;-0.18;0.73;0.02;-0.29;1.00;-0.18;1.16;1.34;-0.25;-0.82;-0.59;0.06;0.43;-0.30;-0.02;-0.41;0.92;
-0.37;-0.06;-0.12;-0.08;-0.20;-0.97;0.37;-0.06;0.00;0.07;0.19;-0.97;0.12;-0.30;-1.28;0.17;-0.16;0.99;0.49;-0.85;0.12;-0.48;-0.27;-0.84;0.18;-0.73;0.37;0.03;-0.29;1.00;-0.18;1.10;0.85;-0.25;-0.82;-0.59;0.37;0.06;-0.12;-0.01;-0.41;0.91;
-0.73;-0.49;0.30;-0.09;-0.20;-0.97;0.30;0.18;0.30;0.07;0.20;-0.98;0.12;-0.37;-1.16;0.16;-0.17;0.99;0.18;-0.79;-0.06;-0.48;-0.27;-0.84;0.12;-0.30;-0.43;0.03;-0.29;0.99;0.00;0.67;1.65;-0.25;-0.82;-0.59;0.24;-0.24;0.49;-0.01;-0.41;0.91;
-0.55;-0.49;0.24;-0.08;-0.20;-0.97;0.49;0.30;-0.06;0.07;0.19;-0.98;0.12;-0.73;-1.16;0.17;-0.17;1.00;0.55;-0.79;0.00;-0.48;-0.26;-0.84;0.30;-0.55;0.24;0.03;-0.29;0.99;-0.30;0.85;1.10;-0.24;-0.82;-0.60;0.37;-0.06;0.49;-0.01;-0.41;0.91;
-0.06;-0.30;-0.12;-0.08;-0.18;-0.99;0.49;0.00;0.12;0.07;0.19;-0.98;-0.18;-0.30;-0.73;0.16;-0.17;0.99;0.30;-0.67;-0.12;-0.48;-0.26;-0.84;0.37;-0.30;0.30;0.03;-0.29;0.99;-0.37;0.55;1.65;-0.26;-0.82;-0.59;-0.43;0.12;0.43;-0.02;-0.40;0.93;
-0.49;-0.24;0.37;-0.08;-0.20;-0.98;0.24;-0.06;-0.12;0.07;0.19;-0.98;0.43;-0.12;-1.10;0.17;-0.16;0.99;0.30;-0.30;0.12;-0.48;-0.27;-0.83;0.43;-0.61;0.12;0.02;-0.30;0.98;0.00;0.49;1.52;-0.25;-0.82;-0.58;0.00;0.30;-0.06;-0.01;-0.41;0.92;
