-2.56;1.89;-2.26;1.02;-0.10;-0.05;1.22;-0.67;-2.20;0.02;0.85;-0.47;1.83;-0.79;3.05;-0.40;-0.74;-0.50;0.18;1.34;0.61;0.45;-0.67;0.65;-0.24;-0.06;0.37;0.20;-0.23;1.00;0.49;-0.91;-0.49;0.62;0.63;0.43;
-8.41;-8.17;-5.06;1.04;-0.15;-0.08;5.73;-0.61;0.49;0.07;0.82;-0.50;-2.74;4.82;-7.26;-0.41;-0.73;-0.49;-12.13;5.67;4.39;0.43;-0.65;0.58;-0.06;-0.43;-0.24;0.21;-0.24;1.00;3.54;9.27;-1.83;0.63;0.64;0.39;-0.12;-0.43;0.12;-0.11;0.20;-0.96;
4.15;-5.06;4.82;1.06;-0.20;-0.15;7.68;4.45;0.49;0.06;0.84;-0.50;4.02;16.65;1.71;-0.45;-0.78;-0.38;5.91;20.67;4.27;0.39;-0.62;0.69;0.61;-0.18;0.24;0.20;-0.23;1.00;5.06;7.50;-0.49;0.63;0.64;0.41;0.30;0.12;0.24;-0.13;0.20;-0.98;
3.90;12.56;4.45;1.02;-0.14;-0.07;0.12;-0.43;3.05;0.08;0.85;-0.49;-2.44;1.65;-0.67;-0.39;-0.74;-0.47;2.74;2.13;-0.12;0.44;-0.66;0.62;0.37;-0.24;0.30;0.20;-0.24;0.99;-0.55;0.18;0.18;0.62;0.62;0.44;0.06;0.37;-0.37;-0.12;0.21;-0.96;1.04;0.37;-0.91;0.27;0.44;0.87;
-2.01;1.77;-0.91;1.00;-0.12;-0.14;-0.37;-0.18;0.85;0.03;0.85;-0.49;0.12;0.24;-0.98;-0.40;-0.77;-0.45;-1.28;-0.06;-0.37;0.45;-0.62;0.68;0.12;-0.12;0.73;0.20;-0.23;1.00;-0.79;-0.61;1.95;0.63;0.62;0.44;
-5.30;-0.55;-2.50;0.99;-0.11;-0.14;0.30;-0.37;0.18;0.04;0.84;-0.49;-0.85;0.12;-0.49;-0.40;-0.77;-0.46;-2.56;-1.77;-0.06;0.44;-0.63;0.69;0.37;-0.18;0.49;0.21;-0.23;0.99;0.49;0.49;0.91;0.64;0.62;0.43;
-0.61;2.07;0.00;1.00;-0.12;-0.14;0.55;0.61;0.67;0.04;0.85;-0.48;-0.91;-0.61;-1.04;-0.39;-0.76;-0.46;-0.91;-1.04;0.30;0.44;-0.64;0.67;0.37;-0.79;0.37;0.20;-0.23;0.99;0.06;1.22;0.98;0.63;0.62;0.44;
0.18;-2.62;1.34;1.01;-0.12;-0.14;0.18;0.06;-0.12;0.03;0.85;-0.49;-0.30;-0.55;-0.91;-0.40;-0.76;-0.46;4.76;1.59;-0.12;0.44;-0.63;0.67;0.06;0.00;0.43;0.19;-0.24;1.00;0.24;1.10;1.28;0.63;0.62;0.44;0.18;0.12;0.49;-0.11;0.20;-0.97;0.12;0.18;-0.30;0.26;0.44;0.88;
0.43;0.67;-0.18;1.00;-0.13;-0.17;0.00;0.24;0.49;0.02;0.85;-0.49;-0.12;-0.30;-0.37;-0.39;-0.77;-0.44;0.85;-0.49;0.12;0.42;-0.60;0.70;0.30;-0.24;0.61;0.20;-0.23;1.00;-0.55;0.91;1.10;0.63;0.64;0.45;
-0.30;0.49;1.04;0.99;-0.13;-0.17;0.73;0.61;1.10;0.02;0.85;-0.49;1.46;-1.22;-0.91;-0.40;-0.76;-0.45;-2.01;-0.79;0.43;0.43;-0.62;0.69;-0.24;-0.43;0.18;0.20;-0.23;0.99;-0.49;0.43;1.95;0.64;0.62;0.45;
-0.79;-0.98;0.37;1.00;-0.13;-0.14;0.30;0.00;-0.12;0.03;0.85;-0.50;0.43;-0.43;-1.10;-0.39;-0.77;-0.46;2.20;0.18;0.00;0.44;-0.63;0.68;0.12;0.43;0.24;0.20;-0.23;1.00;-0.30;0.85;1.40;0.62;0.63;0.44;0.30;0.18;-0.43;0.27;0.43;0.88;
-0.61;-0.49;-0.06;1.00;-0.14;-0.18;-0.18;0.49;0.30;0.02;0.85;-0.49;-0.79;0.06;-0.49;-0.39;-0.78;-0.45;0.79;-0.24;0.24;0.43;-0.61;0.70;0.12;-0.18;0.30;0.21;-0.24;1.00;-1.10;0.98;0.73;0.64;0.63;0.45;
-0.24;-0.37;0.12;1.00;-0.13;-0.15;0.79;0.73;0.49;0.02;0.85;-0.49;1.22;-0.98;-1.59;-0.39;-0.77;-0.44;0.18;-0.24;0.49;0.43;-0.62;0.69;0.24;-0.55;0.30;0.21;-0.24;1.00;-1.04;0.73;2.44;0.64;0.63;0.44;
1.22;-1.04;0.18;1.00;-0.12;-0.12;0.85;0.24;0.18;0.04;0.84;-0.49;-2.68;1.10;-0.37;-0.40;-0.76;-0.45;1.77;0.06;0.06;0.43;-0.63;0.68;0.06;-0.43;0.18;0.20;-0.23;1.00;0.24;-0.06;0.91;0.63;0.63;0.44;0.00;-0.06;-0.12;-0.12;0.19;-0.97;
-0.12;-0.12;-0.73;0.98;-0.13;-0.16;0.79;1.16;-0.37;0.03;0.85;-0.50;1.83;-0.37;-0.37;-0.38;-0.78;-0.43;0.12;0.30;-0.18;0.42;-0.61;0.70;0.24;-0.18;0.49;0.20;-0.23;0.99;0.06;0.67;1.46;0.64;0.64;0.44;
0.12;-0.49;0.91;0.99;-0.12;-0.15;1.10;-1.10;0.06;0.02;0.84;-0.50;0.67;0.85;2.01;-0.40;-0.77;-0.45;-3.96;-0.55;0.30;0.42;-0.62;0.68;0.12;-0.18;0.37;0.21;-0.24;0.99;-2.38;0.73;1.40;0.65;0.62;0.45;0.06;-0.06;0.06;-0.12;0.20;-0.97;
-0.37;3.90;3.96;0.99;-0.12;-0.11;-0.85;-0.12;0.91;0.03;0.86;-0.49;-0.91;-1.04;-1.65;-0.41;-0.75;-0.45;-0.85;-1.71;0.18;0.43;-0.67;0.66;0.30;-0.30;0.37;0.20;-0.23;0.99;2.32;1.22;0.43;0.64;0.62;0.43;
0.12;-0.73;-2.26;1.00;-0.13;-0.19;-2.20;-1.59;-1.95;0.01;0.84;-0.51;-5.85;7.13;10.61;-0.36;-0.73;-0.44;8.72;9.15;-1.52;0.44;-0.64;0.64;0.61;-0.37;0.49;0.20;-0.23;1.00;-1.40;-2.50;4.51;0.66;0.64;0.45;0.43;0.00;-0.30;-0.12;0.20;-0.97;0.61;-0.06;-0.55;0.26;0.43;0.86;
-0.91;0.24;1.77;1.03;-0.15;-0.17;6.52;1.59;2.07;0.06;0.85;-0.50;9.82;-7.44;-8.54;-0.43;-0.81;-0.40;-8.66;0.73;3.11;0.40;-0.66;0.72;0.12;-0.43;0.24;0.20;-0.24;0.99;6.46;5.49;-3.17;0.60;0.65;0.39;0.18;0.49;-0.30;-0.12;0.20;-0.97;0.18;0.06;-0.67;0.26;0.43;0.88;
-3.66;-7.38;-6.34;1.01;-0.10;-0.14;0.37;-0.61;-0.98;0.01;0.84;-0.52;-5.73;-3.72;-0.67;-0.36;-0.76;-0.49;4.09;-2.50;-1.83;0.46;-0.64;0.66;-0.18;-0.18;0.30;0.21;-0.23;1.00;-0.73;3.05;4.94;0.64;0.61;0.45;0.18;-0.24;0.18;-0.12;0.20;-0.97;0.06;0.12;-0.79;0.26;0.44;0.87;
-0.73;-7.26;-5.24;1.01;-0.09;-0.16;1.34;-0.67;0.18;0.04;0.84;-0.49;1.52;-1.10;-2.32;-0.38;-0.78;-0.43;-0.73;-0.06;0.00;0.42;-0.62;0.69;0.18;-0.06;0.61;0.21;-0.24;0.99;-0.37;0.67;1.04;0.64;0.63;0.45;
0.00;-1.89;1.59;1.00;-0.13;-0.15;0.37;0.06;-1.28;0.04;0.84;-0.50;-6.59;2.20;-0.12;-0.39;-0.76;-0.45;2.50;-0.55;-0.79;0.42;-0.63;0.69;0.30;-0.61;0.24;0.20;-0.24;0.99;0.79;1.22;2.26;0.63;0.63;0.44;0.24;-0.06;0.43;-0.11;0.20;-0.96;0.24;0.18;-0.61;0.26;0.43;0.87;
1.52;3.60;-0.98;1.00;-0.07;-0.15;-0.30;-0.30;0.73;0.02;0.84;-0.49;-0.61;-0.24;-1.16;-0.37;-0.76;-0.47;1.77;-0.49;0.12;0.43;-0.60;0.70;0.67;-0.49;0.30;0.21;-0.24;0.99;-0.61;0.12;1.22;0.63;0.63;0.43;
-2.80;-4.45;-1.04;1.02;-0.13;-0.16;0.91;0.67;0.43;-0.00;0.86;-0.48;-4.88;-0.12;-1.52;-0.38;-0.76;-0.48;-0.73;-1.04;1.34;0.42;-0.59;0.73;0.55;-0.18;0.12;0.20;-0.24;0.99;0.37;0.73;0.91;0.62;0.65;0.43;
-1.89;-0.43;-2.07;1.00;-0.10;-0.22;0.55;0.24;-0.06;0.01;0.85;-0.49;-0.61;-0.67;-1.89;-0.37;-0.77;-0.45;-0.79;-1.77;-0.06;0.42;-0.58;0.72;0.30;-0.43;0.06;0.20;-0.24;1.00;-0.55;0.12;1.95;0.62;0.64;0.44;
0.85;0.55;0.12;1.00;-0.11;-0.17;0.61;-0.18;0.49;0.03;0.85;-0.49;-0.30;-0.79;-0.43;-0.38;-0.77;-0.44;-1.28;-1.10;0.73;0.43;-0.60;0.69;0.49;-0.30;0.49;0.19;-0.23;0.99;-0.06;0.73;1.89;0.63;0.64;0.44;
-1.52;-2.62;-0.12;0.99;-0.12;-0.19;0.37;0.49;-0.37;0.02;0.85;-0.48;1.46;-0.67;-1.10;-0.38;-0.79;-0.43;0.61;0.30;0.06;0.42;-0.60;0.70;0.18;0.06;0.18;0.20;-0.24;1.00;-0.30;0.98;1.34;0.63;0.63;0.44;
3.05;-0.06;1.16;1.00;-0.14;-0.17;0.85;0.37;1.22;0.03;0.85;-0.48;1.52;-0.43;-1.22;-0.37;-0.78;-0.43;-1.10;-0.79;0.73;0.42;-0.61;0.70;0.49;-0.55;0.12;0.20;-0.24;0.99;-0.24;0.67;1.40;0.63;0.63;0.45;0.73;0.00;-0.43;0.26;0.43;0.87;
1.22;1.10;0.43;1.00;-0.14;-0.16;0.18;0.18;0.85;0.03;0.84;-0.50;-1.95;-0.49;-0.18;-0.39;-0.78;-0.43;-0.12;-1.83;-0.30;0.42;-0.64;0.67;0.18;-0.06;0.30;0.20;-0.23;0.99;0.18;0.98;1.40;0.63;0.63;0.43;-0.06;0.06;-0.37;0.26;0.43;0.87;
1.89;-0.98;0.00;1.02;-0.14;-0.17;-0.24;0.24;-0.49;0.02;0.85;-0.48;0.91;-0.85;-1.16;-0.38;-0.77;-0.42;3.35;0.61;-0.06;0.43;-0.62;0.69;0.24;-0.67;0.49;0.20;-0.22;0.99;-0.30;0.79;1.40;0.63;0.63;0.43;0.43;0.37;0.37;-0.12;0.21;-0.98;0.06;0.06;0.43;0.27;0.43;0.87;
3.72;2.13;1.52;0.99;-0.13;-0.15;0.61;0.98;0.98;0.04;0.85;-0.49;0.06;-0.73;-0.49;-0.39;-0.78;-0.43;-2.80;-2.07;1.10;0.41;-0.63;0.67;0.24;0.12;0.43;0.20;-0.23;0.99;-0.79;0.43;1.22;0.64;0.63;0.43;0.12;-0.37;-0.06;-0.12;0.20;-0.97;
0.37;1.34;-0.55;1.00;-0.13;-0.15;0.24;0.24;0.49;0.04;0.84;-0.49;-3.05;0.06;0.49;-0.39;-0.78;-0.45;0.61;-0.98;-0.49;0.44;-0.64;0.66;0.00;0.06;0.49;0.21;-0.23;0.99;1.77;-0.12;1.34;0.63;0.62;0.44;-0.06;0.00;-0.06;-0.11;0.20;-0.98;0.55;0.12;-0.49;0.26;0.43;0.88;
-1.83;-4.39;1.83;0.98;-0.18;-0.16;0.73;0.67;-1.28;0.03;0.86;-0.50;1.46;-1.40;-1.10;-0.40;-0.77;-0.45;0.79;-0.30;0.91;0.43;-0.63;0.68;0.18;-0.30;0.37;0.20;-0.23;1.00;1.10;0.67;2.87;0.64;0.63;0.42;
3.66;2.74;1.77;0.98;-0.19;-0.16;-0.49;0.12;1.83;0.03;0.84;-0.49;0.00;-1.04;-0.73;-0.39;-0.75;-0.46;-3.41;-1.04;0.30;0.42;-0.65;0.66;0.73;-0.24;0.30;0.20;-0.24;1.00;-2.20;-0.18;0.67;0.66;0.64;0.42;
-2.32;-1.59;-5.37;1.00;-0.13;-0.12;2.50;-1.04;-0.37;0.04;0.84;-0.49;1.59;-1.71;-0.85;-0.38;-0.77;-0.45;0.43;0.98;0.06;0.46;-0.66;0.66;0.06;-0.06;0.49;0.21;-0.24;1.00;-0.91;3.35;3.41;0.63;0.64;0.46;
1.04;2.44;-4.63;1.01;-0.11;-0.15;-0.67;0.43;0.18;0.03;0.85;-0.49;-0.55;0.30;-1.22;-0.38;-0.79;-0.42;-0.12;-0.18;0.43;0.42;-0.63;0.67;0.06;-0.55;0.06;0.20;-0.24;1.00;-0.24;0.85;2.87;0.63;0.62;0.45;
-0.55;-0.67;3.66;1.01;-0.11;-0.12;0.55;0.73;0.73;0.04;0.85;-0.49;-2.26;-0.30;-0.61;-0.39;-0.78;-0.44;-0.91;-1.83;0.85;0.43;-0.64;0.65;0.55;-0.73;0.18;0.21;-0.24;0.99;0.18;0.43;1.71;0.64;0.62;0.45;
-3.72;-4.88;-0.91;1.00;-0.15;-0.16;0.06;-1.40;-0.49;0.04;0.84;-0.48;-0.24;4.70;-2.44;-0.38;-0.81;-0.42;7.44;4.82;-0.79;0.46;-0.64;0.65;0.61;-0.55;0.49;0.20;-0.23;0.99;0.12;0.98;5.00;0.63;0.64;0.44;
-4.02;3.84;-2.01;0.96;-0.15;-0.25;1.83;-0.73;1.89;-0.01;0.88;-0.47;-6.95;-0.79;-6.28;-0.40;-0.74;-0.43;3.54;-4.09;1.28;0.43;-0.66;0.72;0.06;-0.49;0.61;0.20;-0.23;1.00;0.18;4.02;-0.06;0.60;0.64;0.45;-0.06;0.55;0.18;-0.12;0.20;-0.97;
3.23;8.23;1.89;1.00;-0.14;-0.16;-0.55;2.50;3.60;-0.00;0.86;-0.48;0.43;-4.09;-4.63;-0.40;-0.78;-0.46;-0.61;-11.65;-4.63;0.44;-0.71;0.64;-0.12;-0.24;0.30;0.20;-0.23;1.00;2.50;3.17;-3.05;0.64;0.61;0.46;
-3.23;-5.61;1.77;0.96;-0.15;-0.18;-5.43;-2.13;-1.65;0.03;0.80;-0.52;-16.04;9.45;1.77;-0.38;-0.76;-0.47;7.80;-3.66;-5.18;0.42;-0.63;0.63;-0.12;-0.43;-0.24;0.20;-0.23;1.00;-0.55;-2.20;2.50;0.65;0.61;0.43;-0.18;0.12;0.00;-0.12;0.20;-0.97;0.24;0.06;-0.37;0.26;0.44;0.87;
-2.68;1.89;-1.10;0.99;-0.16;-0.21;-4.09;-1.34;-0.91;0.03;0.84;-0.49;-15.30;7.38;7.80;-0.38;-0.75;-0.42;7.93;1.83;-2.44;0.46;-0.61;0.65;-0.06;0.00;0.12;0.20;-0.24;0.99;-1.83;-5.91;4.63;0.67;0.63;0.42;0.43;0.06;0.30;-0.11;0.21;-0.97;
-0.37;5.49;-2.26;0.97;-0.14;-0.20;-3.60;-1.65;-1.22;0.04;0.85;-0.47;-6.83;6.28;9.76;-0.37;-0.74;-0.42;9.02;8.60;-2.74;0.44;-0.61;0.63;0.12;-0.24;0.43;0.21;-0.23;0.99;-2.01;-4.70;5.18;0.65;0.66;0.47;
0.24;-2.50;0.73;1.00;-0.17;-0.20;1.95;1.22;0.24;0.05;0.85;-0.48;15.61;-5.73;-4.57;-0.41;-0.80;-0.40;-3.66;1.34;2.50;0.38;-0.59;0.72;0.30;-0.30;-0.06;0.20;-0.24;0.99;1.28;2.26;-0.30;0.61;0.64;0.42;0.24;0.55;0.61;-0.11;0.20;-0.98;0.06;-0.37;-0.12;0.26;0.43;0.87;
3.17;2.74;0.79;0.99;-0.18;-0.19;-0.06;0.49;0.79;0.02;0.86;-0.49;-0.18;-1.28;-2.01;-0.39;-0.80;-0.41;-3.41;-2.26;0.98;0.40;-0.63;0.73;0.37;-0.06;0.37;0.21;-0.24;1.00;-2.26;1.16;2.01;0.64;0.62;0.43;
-1.34;-0.55;-0.43;1.00;-0.19;-0.17;1.16;-0.24;0.73;0.04;0.85;-0.49;-5.30;-11.10;7.32;-0.48;-0.89;-0.47;-4.09;-1.34;1.46;0.42;-0.68;0.65;0.18;0.12;0.37;0.20;-0.24;0.99;-2.80;0.37;2.68;0.64;0.62;0.45;
-0.49;-2.50;1.95;0.99;-0.20;-0.15;0.24;0.67;0.24;0.04;0.86;-0.49;3.29;-4.33;-5.43;-0.38;-0.85;-0.38;11.22;-9.70;1.77;0.33;-0.70;0.62;0.06;-0.12;0.18;0.20;-0.24;0.99;1.22;1.59;1.40;0.67;0.60;0.46;
3.66;11.52;4.02;1.00;-0.22;-0.11;3.90;-0.43;1.89;0.05;0.85;-0.49;-3.54;0.18;0.12;-0.39;-0.78;-0.42;-0.61;-2.93;-0.49;0.41;-0.65;0.65;0.06;-0.43;0.55;0.20;-0.24;0.99;-0.30;0.73;1.40;0.67;0.61;0.43;
-1.59;-1.52;-2.38;0.98;-0.24;-0.08;1.10;-0.18;0.37;0.04;0.85;-0.51;2.07;-0.12;-2.44;-0.39;-0.78;-0.43;0.55;-0.67;-0.67;0.43;-0.66;0.64;-0.30;-0.43;0.67;0.21;-0.24;0.99;0.55;1.16;1.52;0.64;0.61;0.44;0.06;-0.06;-0.06;-0.10;0.21;-0.97;0.06;0.18;-0.67;0.27;0.43;0.87;
-1.04;-6.16;1.16;0.99;-0.22;-0.11;0.43;0.00;-0.55;0.05;0.85;-0.50;3.60;0.06;-1.28;-0.37;-0.78;-0.41;5.55;2.38;-0.06;0.42;-0.64;0.67;-0.43;-0.61;0.30;0.20;-0.24;1.00;1.28;0.91;0.55;0.64;0.61;0.42;
0.18;-0.91;0.49;0.98;-0.22;-0.16;-1.16;-0.43;-0.30;0.04;0.83;-0.50;-3.41;1.40;2.26;-0.40;-0.78;-0.42;-2.26;1.71;-0.85;0.41;-0.64;0.69;-0.12;-0.12;0.43;0.20;-0.23;1.00;-2.38;-0.73;1.40;0.65;0.63;0.43;
1.28;6.46;0.67;1.00;-0.22;-0.17;5.79;2.13;0.79;0.05;0.81;-0.51;4.21;-7.26;-4.21;-0.40;-0.81;-0.42;-9.02;-3.17;5.24;0.41;-0.60;0.67;-0.18;0.43;0.43;0.20;-0.23;1.00;3.48;2.62;4.45;0.67;0.63;0.45;1.83;-0.06;-0.30;-0.11;0.21;-0.96;0.67;0.06;-0.61;0.26;0.43;0.88;
-2.07;4.09;-0.24;1.02;-0.24;-0.18;6.10;0.73;-0.24;0.02;0.90;-0.48;14.02;-25.18;-14.70;-0.39;-0.79;-0.47;-9.70;-7.20;5.24;0.39;-0.63;0.76;0.37;-0.30;0.43;0.21;-0.23;0.99;-0.79;9.21;1.71;0.64;0.61;0.38;
-6.46;-6.22;0.43;0.98;-0.17;-0.19;2.50;-0.43;0.67;0.05;0.84;-0.49;6.22;-1.10;0.30;-0.40;-0.79;-0.44;-0.18;1.16;0.85;0.43;-0.69;0.63;0.55;-0.49;0.85;0.18;-0.23;1.03;1.10;0.12;0.12;0.63;0.63;0.43;0.37;-0.12;0.24;-0.11;0.21;-0.95;-4.82;-2.99;2.13;0.28;0.41;0.89;
0.73;-1.83;0.67;0.99;-0.18;-0.16;0.37;0.30;0.24;0.04;0.85;-0.50;0.91;-0.61;-0.12;-0.40;-0.78;-0.44;1.16;0.73;0.43;0.41;-0.66;0.66;0.12;-0.49;0.30;0.18;-0.24;1.00;-0.12;0.37;2.32;0.64;0.62;0.44;0.00;-0.12;0.00;-0.12;0.19;-0.97;
0.24;-1.52;-0.06;0.97;-0.19;-0.20;-0.12;0.73;0.24;0.03;0.84;-0.49;1.71;0.00;-1.40;-0.39;-0.79;-0.41;0.98;0.06;0.06;0.40;-0.63;0.70;-0.30;-0.30;0.18;0.20;-0.23;1.00;1.04;0.79;1.34;0.64;0.63;0.43;0.30;0.30;-0.49;0.27;0.43;0.88;
-1.34;1.04;-0.37;0.99;-0.19;-0.19;1.40;0.12;0.37;0.04;0.84;-0.49;0.91;-0.49;-0.37;-0.40;-0.79;-0.40;-1.52;-0.85;0.24;0.40;-0.64;0.69;0.12;-0.30;-0.24;0.20;-0.23;0.99;-1.46;0.12;1.83;0.64;0.63;0.43;-1.40;1.22;0.37;-0.12;0.19;-0.97;
-1.89;0.98;0.49;0.99;-0.21;-0.17;0.18;0.24;0.91;0.05;0.84;-0.51;0.12;-0.73;-0.55;-0.40;-0.80;-0.40;0.24;-0.91;0.30;0.40;-0.65;0.67;0.49;-0.06;0.24;0.19;-0.23;1.00;0.55;0.85;1.52;0.63;0.62;0.43;0.18;0.00;-0.37;-0.11;0.19;-0.97;
-0.12;-3.90;0.73;1.01;-0.21;-0.20;0.06;0.43;-0.30;0.04;0.84;-0.50;0.30;-0.12;-1.89;-0.40;-0.79;-0.40;3.11;1.59;-0.67;0.41;-0.66;0.68;0.12;-0.30;0.30;0.19;-0.24;1.01;0.67;0.67;0.49;0.63;0.62;0.44;
-4.21;-4.15;-0.49;0.99;-0.26;-0.09;-5.67;-1.34;1.83;0.07;0.82;-0.52;0.12;3.17;-0.30;-0.43;-0.76;-0.40;0.24;3.29;-2.07;0.36;-0.67;0.64;0.98;-1.22;0.18;0.19;-0.25;0.98;2.07;2.13;-3.90;0.65;0.62;0.47;0.49;-0.12;0.00;-0.11;0.20;-0.97;
2.07;4.76;-6.83;0.99;-0.23;-0.13;-2.93;0.12;2.20;0.02;0.84;-0.50;1.10;-0.91;-0.06;-0.41;-0.78;-0.41;3.23;0.06;-0.43;0.39;-0.67;0.66;0.91;-0.30;0.18;0.19;-0.23;0.99;0.61;2.87;2.68;0.64;0.62;0.45;0.85;-0.18;-0.61;-0.12;0.18;-0.98;0.98;-0.18;-0.61;0.26;0.43;0.88;
-0.98;-2.44;0.24;0.97;-0.21;-0.22;1.65;0.12;-0.18;0.04;0.85;-0.49;2.07;-0.24;-2.01;-0.40;-0.78;-0.42;-1.77;-0.79;0.18;0.39;-0.63;0.69;0.49;-0.06;-0.12;0.20;-0.23;1.00;0.43;1.28;-0.24;0.64;0.64;0.45;0.00;0.18;-0.49;-0.12;0.19;-0.97;
0.98;1.59;-0.37;0.98;-0.22;-0.21;0.12;0.24;0.43;0.04;0.85;-0.48;-1.10;-0.55;-0.73;-0.41;-0.78;-0.41;0.79;-0.18;0.61;0.39;-0.65;0.68;0.49;-0.06;0.12;0.20;-0.23;0.99;-1.10;0.98;1.52;0.64;0.61;0.43;0.18;0.43;-0.61;0.25;0.43;0.87;
0.24;1.40;0.43;0.98;-0.21;-0.20;0.37;0.06;-0.18;0.04;0.84;-0.51;-1.04;-0.49;-1.10;-0.41;-0.78;-0.41;-0.30;-1.28;-0.24;0.41;-0.65;0.67;0.43;-0.49;0.06;0.20;-0.24;0.99;-0.98;1.34;1.34;0.65;0.62;0.42;
4.15;5.43;-6.65;1.00;-0.18;-0.17;2.68;0.91;-0.06;0.02;0.84;-0.52;-12.13;2.01;-3.54;-0.38;-0.77;-0.43;10.30;-3.54;-2.13;0.42;-0.64;0.66;-0.06;-0.37;0.30;0.19;-0.23;1.00;1.65;2.26;3.23;0.65;0.61;0.44;
-6.28;-7.07;0.00;0.98;-0.12;-0.22;-0.24;-1.40;-1.28;0.03;0.86;-0.47;2.56;-1.22;0.55;-0.38;-0.78;-0.44;1.10;0.18;-0.55;0.43;-0.62;0.68;0.18;-0.67;0.24;0.20;-0.24;0.99;1.28;3.48;-1.71;0.63;0.64;0.42;0.06;0.00;0.24;-0.12;0.18;-0.96;
-4.51;15.55;-6.59;1.00;-0.01;-0.21;-0.49;-0.43;2.13;-0.03;0.87;-0.47;1.10;3.05;5.00;-0.36;-0.78;-0.41;0.85;16.16;-0.61;0.43;-0.61;0.68;0.06;-0.30;0.49;0.20;-0.23;1.00;-3.41;1.65;1.34;0.60;0.68;0.48;0.98;0.37;-0.30;-0.12;0.20;-0.97;0.43;0.24;-0.49;0.26;0.44;0.87;
