1.40;-0.55;0.00;0.58;0.56;0.65;4.82;-1.28;4.88;0.47;0.37;-0.77;1.59;0.12;-0.67;-0.17;0.50;-0.82;-0.37;0.18;-0.55;0.19;-0.98;-0.14;0.12;-0.49;-0.18;0.20;-0.20;1.01;11.59;6.46;-0.85;0.77;0.61;0.02;0.49;-0.37;-0.12;-0.11;0.22;-0.97;
0.24;0.61;-0.06;0.50;0.64;0.63;0.55;0.00;-0.24;0.44;0.37;-0.78;-0.06;-1.28;-0.91;-0.17;0.51;-0.81;0.24;0.06;0.00;0.20;-0.98;-0.12;0.30;-0.30;0.18;0.20;-0.21;1.00;0.00;0.61;1.40;0.79;0.61;0.02;0.30;-0.37;-0.18;-0.11;0.22;-0.97;
0.61;2.01;-1.28;0.65;0.49;0.63;0.67;0.43;-0.06;0.42;0.44;-0.76;0.67;-0.61;-0.43;-0.09;0.41;-0.89;0.18;-0.79;-0.61;0.15;-0.99;-0.16;-8.41;2.38;2.07;0.25;-0.20;1.01;0.12;0.98;1.34;0.81;0.56;0.13;0.85;0.00;0.00;-0.11;0.21;-0.98;2.32;0.85;-1.40;0.26;0.43;0.87;
-3.35;-3.60;2.87;0.65;0.50;0.63;0.18;0.61;0.43;0.43;0.43;-0.77;3.54;0.00;-2.38;-0.11;0.39;-0.90;5.30;-1.95;-0.49;0.13;-0.97;-0.16;0.30;-0.30;0.49;0.21;-0.19;1.00;-2.62;0.24;1.89;0.82;0.56;0.07;0.37;-0.30;-0.73;0.27;0.42;0.88;
0.73;-1.16;-0.30;0.61;0.56;0.64;1.71;-0.30;1.59;0.43;0.43;-0.77;-0.79;-0.12;-0.98;-0.14;0.34;-0.91;-0.98;0.37;0.37;0.16;-0.98;-0.12;-0.18;-0.49;0.49;0.22;-0.19;1.00;-1.28;-0.06;3.23;0.80;0.57;0.11;
-8.35;-1.10;-0.43;0.66;0.52;0.63;-5.85;-9.88;-10.98;0.51;-0.16;-0.79;0.73;0.24;-2.07;-0.15;0.30;-0.92;-1.40;0.18;0.67;0.11;-0.97;-0.17;0.12;-0.06;-0.18;0.22;-0.19;1.00;2.44;-1.65;1.04;0.84;0.56;0.10;0.00;0.00;-0.06;-0.13;0.15;-0.97;
-1.04;0.79;0.79;0.62;0.51;0.64;1.52;0.43;0.06;0.44;0.40;-0.77;-3.72;0.18;0.18;-0.17;0.35;-0.91;0.00;-0.18;-0.61;0.15;-0.99;-0.15;0.30;-0.12;0.43;0.22;-0.18;1.02;-1.40;0.85;2.50;0.82;0.57;0.10;0.18;-0.18;-0.18;-0.13;0.15;-0.98;
-7.13;-4.57;-0.67;0.63;0.50;0.65;-0.18;0.49;0.55;0.43;0.41;-0.77;0.61;-0.79;-1.04;-0.17;0.34;-0.89;-0.85;-0.67;0.55;0.16;-0.99;-0.15;0.49;-0.49;0.06;0.21;-0.19;1.00;-0.49;0.55;1.83;0.82;0.58;0.07;
-1.46;2.26;0.61;0.60;0.53;0.65;1.10;-0.06;0.18;0.42;0.42;-0.77;0.91;-0.98;-0.55;-0.19;0.34;-0.91;1.16;-3.60;0.06;0.18;-1.00;-0.17;0.00;-0.49;0.55;0.21;-0.19;1.00;-2.07;1.52;2.68;0.82;0.57;0.07;0.43;0.18;0.73;-0.13;0.14;-0.98;
3.11;7.56;-5.67;0.60;0.55;0.63;2.38;1.71;0.24;0.40;0.44;-0.77;-4.88;-0.73;-0.43;-0.20;0.36;-0.90;3.23;-0.43;-1.52;0.17;-0.99;-0.14;0.24;-0.55;0.06;0.22;-0.19;1.01;-1.16;-0.24;0.24;0.82;0.57;0.06;
4.70;5.49;1.16;0.60;0.52;0.65;0.30;0.37;-0.24;0.42;0.43;-0.76;1.46;-0.43;-1.04;-0.18;0.33;-0.90;-0.91;1.22;0.67;0.14;-0.99;-0.12;-0.06;-0.61;0.24;0.21;-0.19;1.00;1.22;0.37;1.22;0.81;0.58;0.09;0.12;-0.06;-0.55;-0.14;0.14;-0.98;0.61;0.43;-0.49;0.27;0.42;0.88;
-3.72;-1.83;-2.32;0.60;0.54;0.66;-3.72;0.30;-5.67;0.43;0.42;-0.78;2.13;-1.28;-0.91;-0.21;0.34;-0.88;-0.37;-1.04;-5.67;0.19;-0.99;-0.11;-0.37;-0.37;0.30;0.22;-0.19;1.01;29.51;-22.44;-20.12;0.86;0.56;0.05;
0.67;0.67;0.37;0.63;0.50;0.64;-1.71;0.61;-3.05;0.42;0.41;-0.76;-1.34;0.24;-1.46;-0.21;0.32;-0.91;-0.73;-0.12;0.49;0.19;-0.99;-0.14;0.55;-0.55;0.43;0.21;-0.19;1.01;17.93;-4.51;-4.15;0.85;0.55;0.07;
0.18;-1.52;-8.41;0.58;0.54;0.64;3.41;-1.34;-0.06;0.42;0.43;-0.75;1.71;0.37;-0.37;-0.21;0.35;-0.88;-0.67;-0.12;0.55;0.18;-0.98;-0.13;0.24;-0.06;0.37;0.20;-0.19;1.01;1.34;5.79;8.35;0.79;0.58;0.05;0.18;0.00;-0.61;0.27;0.42;0.87;
-7.32;-8.05;-0.30;0.60;0.52;0.65;-8.96;2.07;-15.30;0.44;0.45;-0.75;7.26;0.61;-6.77;-0.22;0.34;-0.92;2.38;-1.77;-0.12;0.19;-1.00;-0.12;0.18;-0.30;-0.06;0.21;-0.18;1.00;1.59;1.04;0.79;0.83;0.55;0.10;0.00;0.24;0.12;-0.14;0.15;-0.98;
0.61;-0.12;-0.24;0.63;0.51;0.65;-1.04;-4.02;5.98;0.41;0.43;-0.78;0.67;0.00;-2.13;-0.22;0.33;-0.89;-2.62;1.89;1.89;0.16;-0.98;-0.12;0.18;-0.91;0.18;0.22;-0.19;1.01;0.00;2.50;0.30;0.80;0.56;0.07;0.24;0.06;0.30;-0.14;0.14;-0.98;
-1.16;-2.20;-0.18;0.63;0.50;0.65;1.52;0.37;0.67;0.42;0.43;-0.77;0.18;-0.30;-0.73;-0.21;0.31;-0.91;-2.07;0.18;0.98;0.18;-0.98;-0.13;-20.91;-8.05;3.72;0.24;-0.14;1.05;-6.04;0.06;6.77;0.81;0.55;0.10;0.06;0.43;0.00;-0.14;0.13;-0.98;
1.40;1.34;0.73;0.63;0.51;0.65;5.79;-1.65;2.44;0.42;0.40;-0.75;-1.59;-0.79;-0.55;-0.22;0.29;-0.91;-3.23;-0.49;-12.68;0.25;-0.94;-0.06;-0.18;1.34;0.43;0.19;-0.08;1.02;54.09;-1.71;-13.96;0.83;0.53;0.12;1.34;-0.55;0.00;-0.13;0.12;-0.98;
14.27;6.34;-4.45;0.67;0.56;0.57;6.71;3.54;7.56;0.55;0.42;-0.70;3.48;-0.98;-0.79;-0.37;0.21;-0.91;1.10;0.43;-0.43;0.08;-0.99;-0.20;-0.12;-0.49;0.12;0.22;-0.12;1.01;13.78;-3.54;-5.79;0.83;0.40;-0.27;0.18;0.30;-0.61;-0.14;0.11;-0.98;
-2.20;-2.44;0.67;0.71;0.51;0.53;0.43;0.55;0.85;0.57;0.36;-0.71;-8.54;-1.34;-0.18;-0.31;0.24;-0.86;3.41;-4.70;0.98;0.05;-0.97;-0.19;0.79;0.00;0.24;0.22;-0.13;1.01;-0.98;0.67;1.59;0.86;0.41;-0.29;-0.30;0.30;0.18;-0.13;0.11;-0.98;
-8.48;-2.99;-1.59;0.68;0.56;0.54;4.39;1.71;-4.82;0.52;0.34;-0.73;26.04;-16.16;-0.79;-0.41;0.21;-0.95;4.02;-5.55;-6.16;0.05;-0.94;-0.24;0.30;-0.61;0.30;0.21;-0.12;1.01;0.06;-1.16;1.89;0.95;0.39;-0.30;0.24;-0.06;-0.18;-0.14;0.12;-0.98;
5.37;8.90;2.44;0.67;0.58;0.58;0.73;2.99;-3.72;0.52;0.37;-0.71;23.05;-12.01;1.83;-0.37;0.32;-0.83;13.54;-9.45;-12.13;0.09;-1.04;-0.18;-0.30;0.00;0.43;0.21;-0.13;1.01;0.79;0.61;2.38;0.87;0.40;-0.30;0.49;-0.06;-0.24;-0.14;0.12;-0.98;
-10.18;-7.38;18.29;0.63;0.61;0.51;-5.37;-1.65;0.85;0.54;0.38;-0.71;-9.09;-1.40;1.59;-0.35;0.23;-0.87;1.16;1.22;-0.98;0.06;-0.98;-0.26;0.30;-0.30;0.12;0.22;-0.12;1.02;-1.34;1.10;1.83;0.88;0.41;-0.25;0.49;0.49;0.18;-0.14;0.11;-0.98;
1.46;2.50;-0.79;0.68;0.56;0.54;-0.73;0.49;0.49;0.54;0.40;-0.71;1.34;-0.73;-1.89;-0.35;0.20;-0.89;0.49;-0.67;0.06;0.07;-0.97;-0.24;0.43;-0.79;0.12;0.22;-0.13;1.01;-4.21;1.28;4.45;0.87;0.41;-0.26;-0.18;0.06;0.06;-0.14;0.12;-0.99;
0.30;1.95;0.30;0.68;0.55;0.56;0.24;0.73;0.73;0.56;0.41;-0.69;1.52;-0.67;-1.46;-0.34;0.20;-0.89;1.16;-0.61;0.30;0.05;-0.98;-0.26;-0.43;-0.49;0.24;0.22;-0.13;1.02;1.04;-0.06;1.04;0.87;0.40;-0.28;0.85;-0.18;0.00;-0.14;0.11;-0.98;0.79;0.00;-0.49;0.28;0.40;0.88;
-3.35;0.00;-0.18;0.72;0.56;0.56;0.43;-0.24;0.61;0.54;0.39;-0.69;1.65;0.12;-1.16;-0.34;0.19;-0.88;-1.34;-0.49;0.49;0.06;-0.99;-0.23;0.24;-0.55;0.73;0.22;-0.12;1.02;-0.79;0.49;1.71;0.88;0.40;-0.27;0.24;-0.24;0.12;-0.13;0.12;-0.98;
-1.34;-2.01;-0.67;0.70;0.55;0.53;0.37;0.00;-0.24;0.55;0.39;-0.69;0.06;-0.67;-1.10;-0.34;0.20;-0.89;0.67;-0.37;0.91;0.06;-0.98;-0.23;-0.55;0.24;0.30;0.23;-0.10;1.02;-1.16;0.06;1.71;0.87;0.40;-0.27;-0.06;0.06;-0.06;-0.14;0.10;-0.98;
-1.89;0.30;-2.80;0.60;0.58;0.61;3.48;1.04;0.18;0.53;0.42;-0.69;0.61;0.12;-1.04;-0.35;0.29;-0.87;-2.01;2.99;0.61;0.05;-0.96;-0.32;0.37;-0.30;0.18;0.22;-0.12;1.02;-0.49;0.85;0.55;0.86;0.39;-0.31;0.73;-0.18;0.30;-0.14;0.12;-0.96;
-0.73;-0.55;0.49;0.67;0.55;0.57;1.16;-0.85;0.00;0.56;0.39;-0.69;-8.17;-0.61;-2.20;-0.33;0.24;-0.86;3.78;-4.76;-4.57;0.05;-0.93;-0.34;0.30;-0.37;0.67;0.22;-0.12;1.01;-0.67;0.79;1.65;0.87;0.38;-0.31;-0.06;0.12;-0.37;-0.15;0.11;-0.99;
-0.91;-1.40;1.22;0.65;0.55;0.58;0.24;0.18;0.18;0.55;0.39;-0.69;0.18;-1.04;-1.04;-0.35;0.25;-0.88;1.71;0.12;-0.55;0.05;-0.95;-0.32;0.37;0.00;0.37;0.22;-0.12;1.02;0.55;0.79;-1.52;0.87;0.39;-0.32;0.43;0.30;-0.12;-0.14;0.11;-0.99;
-0.67;0.85;-0.98;0.66;0.55;0.56;-0.30;-0.24;0.61;0.55;0.40;-0.70;-0.06;-0.73;-1.22;-0.35;0.23;-0.88;0.61;-0.67;-0.30;0.03;-0.95;-0.32;0.12;-0.55;0.37;0.22;-0.13;1.02;-0.55;0.43;2.20;0.87;0.39;-0.31;-0.24;0.67;-0.61;-0.15;0.11;-0.98;
0.61;1.71;-2.56;0.68;0.54;0.56;0.24;0.67;0.55;0.57;0.40;-0.70;2.32;-0.55;-0.37;-0.35;0.26;-0.87;0.43;-3.11;0.73;0.05;-0.91;-0.36;0.43;-0.12;0.61;0.22;-0.13;1.01;-0.06;1.89;1.89;0.85;0.40;-0.32;0.06;0.24;-0.49;-0.15;0.11;-0.98;
-2.87;-0.18;-0.30;0.69;0.54;0.58;0.30;0.12;0.73;0.56;0.40;-0.70;-5.91;0.18;-0.91;-0.36;0.27;-0.88;-3.90;1.59;4.33;0.05;-0.95;-0.36;0.06;-0.18;0.30;0.22;-0.12;1.02;-10.24;-4.02;12.93;0.91;0.39;-0.35;0.12;-0.24;0.24;-0.15;0.11;-0.98;
0.18;0.43;1.71;0.70;0.51;0.55;1.65;-1.46;-0.55;0.56;0.39;-0.70;-0.91;-1.34;-0.61;-0.34;0.29;-0.85;0.91;0.12;0.00;0.02;-0.94;-0.35;0.67;-0.06;0.06;0.22;-0.13;1.01;-0.37;0.73;1.34;0.85;0.38;-0.33;0.49;0.06;0.00;-0.14;0.11;-0.98;0.00;-0.06;-0.55;0.27;0.42;0.88;
-2.01;-0.12;0.79;0.69;0.55;0.55;-0.79;1.59;-0.49;0.55;0.38;-0.69;-1.83;-1.16;-0.49;-0.36;0.30;-0.86;1.89;-0.43;0.12;0.03;-0.95;-0.37;0.12;-0.43;0.49;0.21;-0.13;1.01;-1.10;0.91;0.55;0.87;0.37;-0.33;0.12;-0.18;0.00;-0.15;0.11;-0.97;
-0.67;7.44;2.62;0.71;0.51;0.51;-2.56;-0.55;-0.49;0.58;0.34;-0.72;-14.21;13.72;-6.59;-0.41;0.37;-0.78;4.51;0.00;3.05;-0.03;-0.91;-0.40;0.06;-0.37;0.49;0.21;-0.13;1.01;2.93;-2.07;2.32;0.85;0.36;-0.35;0.06;0.30;0.43;-0.14;0.11;-0.98;
26.28;7.07;9.27;0.64;0.52;0.58;-2.93;7.13;2.38;0.51;0.37;-0.72;-14.21;2.62;-0.43;-0.35;0.35;-0.84;-1.10;1.16;0.49;0.01;-0.95;-0.38;0.18;-0.30;0.12;0.22;-0.13;1.01;-1.04;0.55;1.89;0.86;0.37;-0.36;0.24;-0.12;0.06;-0.14;0.11;-0.98;
0.55;0.55;0.67;0.67;0.53;0.56;-0.06;0.12;0.43;0.57;0.38;-0.70;1.04;-0.30;-0.91;-0.37;0.30;-0.85;-3.90;0.85;8.48;0.04;-0.93;-0.42;0.06;0.12;0.55;0.22;-0.13;1.01;-0.30;0.43;0.43;0.86;0.37;-0.36;0.24;0.06;-0.12;-0.15;0.11;-0.98;
3.72;3.48;1.65;0.67;0.55;0.56;0.98;-0.12;-0.24;0.57;0.40;-0.68;-2.32;0.91;-0.91;-0.39;0.32;-0.84;-0.18;0.37;-1.28;-0.02;-0.93;-0.39;0.06;-0.37;0.30;0.21;-0.12;1.01;-0.73;-0.24;2.38;0.85;0.37;-0.36;0.24;0.24;-0.12;-0.14;0.11;-0.98;
-2.74;-4.33;2.87;0.64;0.56;0.49;-1.22;0.43;5.18;0.57;0.45;-0.71;-0.67;-1.34;1.34;-0.37;0.32;-0.85;0.91;-0.61;0.12;-0.00;-0.93;-0.40;0.43;-0.30;0.12;0.22;-0.12;1.01;0.18;-0.18;1.22;0.85;0.37;-0.36;0.30;-0.12;0.30;-0.14;0.11;-0.97;
-9.70;1.04;-1.83;0.73;0.55;0.56;-8.41;-0.98;-2.38;0.52;0.40;-0.76;-10.37;6.10;-6.77;-0.41;0.27;-0.88;-0.37;0.37;0.79;-0.01;-0.94;-0.38;0.43;-0.24;0.37;0.22;-0.12;1.01;2.93;-0.30;2.99;0.83;0.38;-0.36;0.73;0.37;0.30;-0.14;0.11;-0.98;
0.18;-0.43;-1.71;0.68;0.54;0.54;0.24;0.12;-0.30;0.56;0.38;-0.68;1.46;0.06;-1.16;-0.38;0.31;-0.84;1.65;-1.04;0.12;-0.01;-0.93;-0.38;0.37;-0.43;0.37;0.22;-0.12;1.01;-0.18;0.98;1.77;0.86;0.37;-0.36;0.43;0.30;-0.12;-0.14;0.10;-0.98;
-0.79;1.10;1.22;0.66;0.57;0.57;-1.04;2.26;1.46;0.57;0.39;-0.69;6.28;8.17;-7.44;-0.37;0.26;-0.78;-10.24;-5.12;-3.11;-0.11;-0.84;-0.45;-0.06;-0.49;0.12;0.21;-0.13;1.01;-1.34;0.85;-0.12;0.86;0.37;-0.35;0.61;0.43;0.37;-0.15;0.11;-0.98;
-6.10;-4.76;-1.28;0.70;0.51;0.56;1.10;0.12;0.37;0.57;0.39;-0.69;-0.12;-0.06;0.61;-0.38;0.27;-0.85;-0.67;-0.06;2.32;-0.00;-0.92;-0.38;0.18;0.00;0.37;0.22;-0.13;1.02;1.16;0.18;2.20;0.85;0.37;-0.36;0.43;0.00;-0.43;-0.14;0.11;-0.98;
-1.83;0.06;-2.38;0.69;0.53;0.55;0.55;0.24;-0.18;0.58;0.38;-0.68;-0.73;-0.98;-0.91;-0.39;0.31;-0.85;2.44;-1.52;3.90;-0.01;-0.89;-0.45;0.12;0.12;0.30;0.22;-0.13;1.01;12.87;-6.34;-3.54;0.85;0.35;-0.30;0.61;-0.06;-0.18;-0.15;0.12;-0.97;
-4.33;-3.29;0.06;0.69;0.53;0.56;0.49;-0.49;-0.18;0.56;0.38;-0.69;0.24;-0.85;-0.37;-0.38;0.32;-0.84;-0.12;-0.37;0.67;0.00;-0.94;-0.39;0.24;-0.67;0.18;0.22;-0.13;1.01;0.73;0.85;2.32;0.85;0.36;-0.37;0.73;0.00;-0.43;-0.14;0.11;-0.97;
-1.52;-0.18;0.30;0.67;0.54;0.56;0.00;0.18;0.00;0.57;0.39;-0.69;1.71;-1.16;0.55;-0.37;0.29;-0.86;0.43;0.43;-1.04;-0.00;-0.94;-0.36;0.06;-0.49;0.43;0.22;-0.12;1.02;5.67;-0.85;-1.04;0.84;0.36;-0.37;0.18;0.12;0.73;-0.14;0.10;-0.97;
-2.74;-1.52;0.61;0.71;0.51;0.54;-0.24;0.12;0.61;0.57;0.39;-0.69;-0.85;-0.43;-1.77;-0.37;0.26;-0.86;2.26;-1.83;-0.91;0.01;-0.96;-0.33;0.12;-0.12;0.43;0.23;-0.13;1.02;-0.49;1.40;1.65;0.85;0.36;-0.38;0.18;-0.18;0.00;-0.14;0.11;-0.98;
-2.99;-0.98;-0.55;0.69;0.51;0.56;-0.12;0.37;-0.43;0.57;0.39;-0.68;1.89;0.79;-3.60;-0.35;0.25;-0.87;-1.40;-0.12;1.10;0.01;-0.95;-0.33;0.43;-0.30;0.00;0.22;-0.12;1.02;19.33;1.95;-8.54;0.83;0.32;-0.37;0.06;0.18;-0.12;-0.14;0.11;-0.98;
-0.43;1.34;-0.91;0.68;0.53;0.55;0.85;-0.24;-0.85;0.57;0.40;-0.68;-2.80;-0.61;-2.80;-0.36;0.28;-0.85;3.78;-1.95;-1.95;-0.02;-0.94;-0.35;0.37;-0.06;0.43;0.22;-0.13;1.02;3.48;-0.85;0.79;0.84;0.37;-0.35;0.06;-0.06;0.06;-0.14;0.11;-0.97;
1.95;2.13;1.28;0.69;0.51;0.56;1.52;-0.67;0.30;0.57;0.40;-0.69;1.46;-0.18;-1.16;-0.35;0.27;-0.87;1.89;-1.65;-0.37;0.00;-0.96;-0.34;0.37;-0.18;-0.06;0.22;-0.12;1.02;1.77;-0.61;2.13;0.84;0.37;-0.36;-0.12;-0.18;0.06;-0.15;0.11;-0.99;
-0.67;-2.07;1.16;0.69;0.52;0.56;1.46;-0.91;-0.06;0.58;0.40;-0.69;0.00;-0.43;-0.37;-0.36;0.27;-0.87;-0.18;-0.37;0.67;0.02;-0.96;-0.33;0.37;-0.18;0.61;0.22;-0.13;1.01;0.30;0.55;1.83;0.85;0.37;-0.37;0.06;0.00;0.00;-0.15;0.11;-0.98;
2.80;1.71;-0.61;0.68;0.52;0.56;1.89;-0.98;0.18;0.58;0.40;-0.67;-1.22;-0.43;0.49;-0.37;0.27;-0.87;6.59;-2.74;-2.87;-0.01;-0.95;-0.33;0.12;-0.30;0.43;0.21;-0.12;1.02;1.10;-1.16;5.00;0.86;0.36;-0.38;0.12;0.30;-0.06;-0.14;0.11;-0.98;
-4.70;-3.78;0.00;0.72;0.48;0.56;-0.06;0.43;-0.55;0.58;0.37;-0.69;2.50;-0.91;-0.12;-0.40;0.25;-0.85;1.10;0.06;0.06;0.01;-0.95;-0.30;0.18;-0.55;0.24;0.22;-0.12;1.01;-0.91;1.22;1.28;0.86;0.36;-0.34;0.18;0.43;-0.43;-0.15;0.11;-0.98;
-4.33;-1.04;2.50;0.71;0.52;0.51;1.89;-0.43;-2.07;0.60;0.37;-0.68;1.71;-3.17;-1.28;-0.35;0.29;-0.84;16.04;2.26;-3.48;0.02;-1.08;-0.26;0.55;-0.55;0.24;0.21;-0.12;1.02;1.16;0.49;2.38;0.85;0.37;-0.36;0.12;-0.18;-0.30;-0.14;0.10;-0.98;
-39.94;-3.84;5.55;0.69;0.46;0.49;-3.11;-0.06;10.43;0.51;0.43;-0.70;0.49;-0.98;-3.05;-0.35;0.17;-0.89;0.49;-1.28;0.30;0.03;-0.96;-0.29;-0.12;0.12;0.73;0.22;-0.13;1.02;-0.43;0.61;1.40;0.86;0.39;-0.30;-0.18;0.00;-0.37;-0.15;0.10;-0.98;
-1.95;-2.99;-0.61;0.65;0.56;0.56;-0.37;0.18;0.30;0.55;0.41;-0.70;-8.54;2.20;1.52;-0.36;0.21;-0.88;-4.15;-0.12;5.73;0.06;-0.94;-0.33;-3.66;-0.06;0.79;0.23;-0.13;1.02;22.44;-4.51;-10.73;0.78;0.41;-0.30;-0.61;0.12;-0.61;-0.14;0.11;-0.99;
-0.06;-1.89;0.73;0.68;0.55;0.56;7.26;1.89;-1.10;0.51;0.41;-0.65;-0.79;8.90;-13.41;-0.34;0.25;-0.87;1.16;0.37;-0.30;0.03;-0.97;-0.29;0.30;-0.12;0.73;0.22;-0.13;1.01;0.85;0.73;0.67;0.86;0.39;-0.30;0.00;0.06;0.06;-0.15;0.11;-0.97;
1.04;6.16;3.05;0.68;0.56;0.53;-2.68;2.38;-1.83;0.53;0.41;-0.70;1.22;-1.04;-1.52;-0.37;0.26;-0.87;1.71;5.49;1.40;0.01;-0.97;-0.29;-0.43;-1.77;-0.24;0.23;-0.08;1.02;7.20;-2.20;0.00;0.86;0.36;-0.33;0.06;-0.06;0.37;-0.14;0.11;-0.99;0.06;-0.55;-0.61;0.26;0.42;0.88;
-7.26;-6.59;5.98;0.68;0.47;0.53;7.44;1.95;-1.46;0.56;0.35;-0.70;25.06;-13.29;0.85;-0.43;0.24;-0.93;-11.34;-0.79;8.17;-0.05;-0.86;-0.39;-1.89;-2.20;1.04;0.23;-0.12;1.02;1.28;0.49;-0.18;0.87;0.38;-0.32;0.12;0.06;-0.30;-0.14;0.11;-0.98;
-1.04;-0.55;0.18;0.69;0.53;0.56;0.24;-0.30;0.91;0.56;0.39;-0.69;-1.16;-0.61;-2.44;-0.36;0.26;-0.85;2.44;-0.91;-0.06;0.02;-0.97;-0.29;0.37;-0.06;0.00;0.22;-0.12;1.01;3.41;-0.49;2.20;0.87;0.38;-0.32;-0.06;0.18;0.06;-0.14;0.11;-0.98;
0.06;1.83;-1.71;0.69;0.53;0.57;3.29;0.12;-2.50;0.59;0.38;-0.70;3.78;2.93;-5.43;-0.36;0.26;-0.88;-14.88;5.55;20.79;0.06;-1.22;-0.21;3.17;1.34;0.06;0.22;-0.13;0.99;-28.84;10.61;6.04;0.88;0.41;-0.36;0.37;-0.18;-0.24;-0.14;0.12;-0.98;
-2.50;-0.43;-2.07;0.69;0.54;0.54;1.04;0.00;0.00;0.56;0.38;-0.70;3.96;-2.13;-0.37;-0.40;0.24;-0.90;-5.55;11.46;13.05;0.02;-0.97;-0.37;0.37;0.24;0.00;0.21;-0.13;1.01;-6.28;-2.62;12.62;0.92;0.41;-0.36;0.12;0.18;-0.18;-0.13;0.12;-0.98;
-11.65;-19.94;0.49;0.67;0.54;0.51;4.70;-0.85;3.60;0.56;0.39;-0.68;-0.55;1.59;-2.44;-0.37;0.28;-0.84;-4.33;4.15;5.91;0.00;-0.97;-0.37;0.43;-0.43;0.37;0.22;-0.13;1.01;-1.04;-0.43;-3.54;0.81;0.36;-0.39;0.18;0.18;0.12;-0.14;0.12;-0.98;0.24;0.12;-0.61;0.27;0.40;0.89;
-1.40;1.52;-3.23;0.71;0.53;0.57;-0.61;-1.46;-0.12;0.55;0.38;-0.70;-0.30;-2.01;3.23;-0.38;0.24;-0.87;0.85;-1.89;-0.49;-0.00;-0.94;-0.37;0.49;-0.49;0.30;0.22;-0.11;1.01;0.18;0.24;2.07;0.85;0.36;-0.39;0.12;0.24;0.12;-0.15;0.11;-0.98;
-1.28;-1.95;0.79;0.70;0.53;0.53;0.30;0.43;0.67;0.56;0.38;-0.70;-2.20;-0.18;-1.34;-0.39;0.26;-0.86;-0.73;1.04;0.49;-0.02;-0.94;-0.38;0.43;-0.61;0.00;0.22;-0.12;1.01;2.74;0.24;1.71;0.84;0.35;-0.38;-0.18;0.06;-0.18;-0.14;0.11;-0.98;
-3.60;-4.51;1.28;0.71;0.52;0.52;0.61;-1.83;-1.83;0.53;0.37;-0.71;-7.07;3.54;-1.28;-0.36;0.30;-0.80;0.85;-1.16;0.85;-0.04;-0.91;-0.37;0.61;-0.24;0.37;0.21;-0.12;1.01;-0.61;1.46;0.91;0.83;0.33;-0.39;-0.12;0.18;-0.12;-0.14;0.11;-0.98;
-21.65;-4.76;-3.96;0.75;0.53;0.46;0.12;-0.49;0.61;0.57;0.37;-0.69;-0.12;0.00;-0.91;-0.39;0.25;-0.85;0.73;-0.98;0.79;-0.01;-0.95;-0.37;-0.37;-0.37;0.30;0.21;-0.12;1.01;-0.67;1.04;1.40;0.84;0.35;-0.38;0.12;-0.06;0.12;-0.14;0.11;-0.98;0.49;0.06;-0.67;0.27;0.40;0.88;
-2.38;-0.79;0.37;0.73;0.50;0.54;0.73;0.00;0.61;0.56;0.38;-0.69;-0.12;-0.79;-0.18;-0.39;0.26;-0.85;1.46;-0.43;-0.06;-0.02;-0.93;-0.38;0.24;-0.30;0.06;0.23;-0.11;1.02;9.88;-1.77;-3.96;0.82;0.34;-0.38;0.24;0.12;0.24;-0.13;0.11;-0.97;
2.13;1.71;-0.37;0.72;0.49;0.54;-0.37;0.18;-1.22;0.56;0.38;-0.70;0.91;-0.73;-1.22;-0.39;0.25;-0.86;1.46;-0.85;-1.04;-0.03;-0.94;-0.37;0.18;0.06;-0.18;0.22;-0.12;1.02;-0.55;1.65;1.59;0.85;0.37;-0.36;0.24;0.12;-0.37;-0.15;0.12;-0.98;
-0.98;0.85;0.00;0.73;0.49;0.54;0.85;0.91;-1.04;0.56;0.38;-0.69;-0.73;-0.55;-1.04;-0.38;0.24;-0.86;-0.43;-1.10;-0.18;-0.03;-0.93;-0.36;0.12;-0.85;0.30;0.22;-0.12;1.01;-2.32;-0.61;11.16;0.92;0.35;-0.37;0.12;-0.30;-0.12;-0.14;0.12;-0.99;
-0.43;-11.34;28.23;0.89;0.49;0.35;2.20;-6.40;6.83;0.29;0.88;-0.39;63.54;56.04;54.15;-0.06;-1.07;-0.29;105.00;31.16;3.66;0.11;-0.98;0.31;-0.73;0.00;0.61;0.19;-0.31;0.98;65.37;11.22;-21.89;0.38;-0.79;1.06;-20.06;6.95;4.76;-0.16;0.11;-1.01;0.18;-0.37;-0.43;0.28;0.41;0.88;
-14.09;-8.60;2.93;-0.29;0.11;-0.93;0.49;0.30;0.61;0.22;-0.11;-0.96;-0.12;-0.91;-1.04;0.32;-0.54;0.83;0.91;-0.43;-0.24;0.38;0.26;0.89;-3.96;0.73;1.16;0.20;-0.19;1.00;-0.12;1.10;1.22;0.69;0.66;-0.23;0.18;0.18;0.49;-0.15;0.12;-0.98;
4.45;6.22;0.67;-0.32;0.07;-0.92;0.55;-0.06;0.30;0.22;-0.11;-0.97;0.73;-0.37;-0.49;0.32;-0.51;0.84;1.34;3.05;-0.67;0.42;0.25;0.90;-0.06;-0.37;0.30;0.21;-0.15;1.02;-0.61;0.73;0.98;0.71;0.66;-0.22;0.67;0.18;0.06;-0.09;0.17;-0.98;1.16;0.24;-1.04;0.28;0.42;0.88;
0.49;0.55;-0.37;-0.32;0.08;-0.93;1.52;-1.34;0.91;0.22;-0.11;-0.96;-0.18;-0.61;-1.59;0.33;-0.51;0.85;4.27;-1.22;2.26;0.41;0.27;0.89;0.18;-0.24;0.12;0.22;-0.12;1.02;-0.79;0.79;1.95;0.71;0.63;-0.19;0.79;-0.18;0.30;-0.13;0.12;-0.99;-0.06;0.18;-0.30;0.26;0.42;0.89;
-0.55;-1.52;0.73;-0.31;0.08;-0.94;0.12;-0.06;-0.06;0.22;-0.10;-0.96;0.00;0.12;-1.10;0.34;-0.49;0.85;2.32;0.18;-0.85;0.40;0.25;0.87;0.43;0.24;0.55;0.21;-0.15;1.01;0.79;-0.85;0.73;0.67;0.64;-0.19;-3.17;-1.04;1.40;-0.08;0.06;-0.99;0.06;0.43;-0.12;0.27;0.43;0.88;
0.06;-0.12;0.24;-0.31;0.07;-0.95;0.55;-0.30;0.24;0.22;-0.10;-0.96;0.37;-0.06;-0.73;0.34;-0.49;0.85;-0.61;-0.67;-0.06;0.42;0.25;0.88;1.77;0.06;0.49;0.21;-0.16;1.02;-0.06;1.04;1.46;0.70;0.66;-0.20;0.98;0.12;-0.06;-0.13;0.12;-0.98;0.85;0.61;-0.43;0.27;0.44;0.88;
-0.67;-0.61;0.00;-0.31;0.06;-0.94;0.61;0.30;0.37;0.22;-0.11;-0.98;0.00;-0.49;-1.04;0.34;-0.47;0.86;2.32;-0.43;-0.67;0.42;0.26;0.87;0.18;-0.18;0.61;0.21;-0.17;1.01;-0.24;0.67;2.01;0.71;0.66;-0.20;0.37;-0.12;-0.24;-0.12;0.11;-0.99;0.06;0.37;0.12;0.28;0.42;0.87;
-0.30;-0.30;0.24;-0.31;0.07;-0.94;-0.12;0.91;0.37;0.21;-0.10;-0.96;0.37;0.00;-0.79;0.34;-0.48;0.86;-0.06;-0.37;0.24;0.40;0.26;0.86;0.43;-0.79;0.43;0.21;-0.18;1.01;0.37;0.24;1.40;0.71;0.67;-0.17;10.43;-7.50;-8.11;-0.13;0.10;-0.97;0.24;0.30;-0.24;0.28;0.43;0.87;
-0.06;-0.67;0.06;-0.31;0.07;-0.93;0.55;-0.61;-0.12;0.22;-0.10;-0.96;-0.06;-0.55;-1.22;0.33;-0.50;0.85;1.65;1.71;-1.65;0.39;0.26;0.84;0.67;-0.55;0.37;0.22;-0.17;1.01;-0.49;1.04;1.04;0.70;0.66;-0.17;-1.71;0.37;0.49;-0.13;0.13;-0.99;1.22;0.37;-1.40;0.28;0.42;0.89;
-0.98;-0.06;0.49;-0.32;0.07;-0.94;0.73;0.00;0.18;0.21;-0.10;-0.97;2.93;-0.98;-1.46;0.33;-0.50;0.86;0.24;-0.85;0.55;0.40;0.28;0.87;0.12;-0.30;0.37;0.21;-0.17;1.00;-1.22;0.30;2.20;0.72;0.65;-0.16;4.33;-1.83;-0.43;-0.15;0.13;-1.00;-0.18;-0.30;0.12;0.27;0.42;0.88;
-0.30;1.22;0.43;-0.32;0.07;-0.95;1.40;0.30;0.67;0.22;-0.10;-0.96;-3.96;-1.83;0.24;0.32;-0.50;0.84;3.23;4.70;0.85;0.41;0.27;0.88;0.43;-0.30;0.30;0.20;-0.17;1.01;-0.61;0.30;1.16;0.70;0.67;-0.16;35.55;0.85;15.91;0.01;0.23;-0.56;-0.37;-0.61;0.55;0.28;0.41;0.90;
-0.61;-0.30;0.55;-0.32;0.06;-0.94;0.61;0.12;0.24;0.22;-0.11;-0.96;-2.50;0.12;-0.91;0.31;-0.51;0.84;0.30;-0.67;0.00;0.41;0.27;0.89;0.73;-0.37;0.30;0.21;-0.17;1.01;-0.43;0.55;1.04;0.70;0.67;-0.18;2.74;-0.18;-0.12;-0.12;0.14;-0.97;0.24;0.43;-0.67;0.28;0.40;0.89;
-0.12;-0.37;0.67;-0.26;0.04;-0.97;7.50;-3.84;2.07;0.20;-0.11;-0.98;2.87;3.23;-2.62;0.27;-0.59;0.78;1.40;-0.79;0.06;0.42;0.19;0.89;-3.11;0.37;0.98;0.20;-0.28;1.00;-0.98;1.40;5.06;0.63;0.75;0.15;-1.83;0.67;0.00;-0.12;0.15;-0.98;0.67;-0.24;-0.73;0.27;0.43;0.87;
-0.98;-0.79;-0.37;-0.28;0.06;-0.96;0.24;0.24;0.30;0.21;-0.09;-0.97;1.52;-0.79;-1.65;0.33;-0.54;0.83;-1.89;-1.83;1.22;0.41;0.11;0.90;1.77;-0.37;6.28;0.24;0.06;1.05;0.43;0.06;0.55;0.58;0.73;0.29;-0.49;1.04;0.49;0.06;0.77;-0.63;0.30;0.06;-0.49;0.27;0.41;0.89;
-6.95;-4.76;0.55;-0.27;0.14;-0.88;0.79;0.00;0.49;0.22;-0.09;-0.97;0.73;-0.49;-1.28;0.34;-0.58;0.78;2.80;-0.98;-0.43;0.43;0.10;0.92;0.49;-1.89;-0.12;0.22;0.00;1.02;-1.22;0.73;1.65;0.57;0.75;0.29;-0.73;0.30;0.06;-0.01;0.63;-0.78;0.55;0.12;-0.30;0.28;0.39;0.89;
-0.43;-0.18;-0.55;-0.31;0.10;-0.93;0.49;0.37;0.00;0.22;-0.10;-0.97;3.05;-2.07;-1.40;0.34;-0.59;0.80;-0.43;-0.37;0.49;0.43;0.10;0.90;-3.72;-2.74;1.04;0.20;-0.00;1.04;-0.30;1.04;1.34;0.56;0.76;0.30;-0.06;1.16;0.18;0.01;0.64;-0.77;-0.43;-0.49;0.24;0.26;0.42;0.88;
-0.91;-0.24;0.18;-0.31;0.12;-0.94;0.24;0.24;0.37;0.22;-0.10;-0.97;0.85;-0.49;-0.98;0.32;-0.60;0.78;2.07;0.24;-0.30;0.42;0.10;0.91;0.85;0.30;0.43;0.20;0.00;1.03;1.52;0.55;1.40;0.56;0.75;0.29;0.67;0.30;-0.30;0.03;0.71;-0.71;0.12;-1.89;0.00;0.27;0.40;0.89;
-0.67;-1.34;0.18;-0.31;0.12;-0.95;-0.49;0.79;0.00;0.23;-0.10;-0.97;-2.32;0.49;-0.98;0.32;-0.60;0.77;2.38;-1.22;-1.28;0.41;0.10;0.92;-2.07;-0.24;0.49;0.22;-0.12;1.03;-1.22;-0.61;-2.99;0.57;0.77;0.27;-10.49;-3.17;-1.40;-0.01;0.65;-0.73;0.98;0.00;-0.73;0.26;0.44;0.87;
-0.98;-0.12;0.24;-0.32;0.11;-0.94;0.24;0.73;-0.12;0.22;-0.11;-0.96;1.40;-0.43;-0.43;0.30;-0.57;0.81;-0.43;0.55;-0.06;0.43;0.09;0.91;0.85;-1.34;1.83;0.25;-0.00;1.00;0.00;0.91;0.55;0.55;0.77;0.27;0.18;0.30;0.67;-0.08;0.40;-0.91;13.78;9.76;9.70;0.21;0.44;0.82;
2.44;0.61;-3.54;-0.34;0.10;-0.92;-1.10;0.61;-0.06;0.22;-0.10;-0.97;0.67;0.06;-0.73;0.30;-0.56;0.81;-0.12;-0.98;0.30;0.42;0.09;0.90;0.85;-0.43;0.49;0.22;-0.07;1.02;0.24;1.46;0.00;0.51;0.78;0.32;1.46;-0.79;-0.30;-0.02;0.55;-0.83;0.49;-0.12;-0.49;0.27;0.41;0.88;
-0.67;-0.06;0.18;-0.33;0.13;-0.93;1.10;0.00;0.00;0.22;-0.11;-0.97;-1.34;-2.20;-1.52;0.30;-0.57;0.80;12.80;5.73;-3.60;0.43;0.10;0.91;-0.55;-0.30;0.43;0.21;-0.12;1.01;1.46;-4.09;-0.24;0.55;0.77;0.27;-1.52;0.49;0.49;-0.07;0.37;-0.92;55.67;21.71;-21.71;0.45;0.17;1.21;
4.27;1.10;3.11;-0.36;0.08;-0.92;-0.18;0.85;-0.49;0.22;-0.11;-0.97;0.49;-0.49;-0.98;0.29;-0.57;0.81;0.30;-0.73;0.00;0.41;0.10;0.91;-0.61;-0.55;0.55;0.22;-0.11;1.02;0.55;0.91;1.22;0.53;0.78;0.29;0.06;0.18;-0.55;-0.08;0.38;-0.91;0.18;-0.06;-0.49;0.29;0.38;0.89;
-0.30;-0.55;0.30;-0.37;0.16;-0.91;0.79;0.49;0.18;0.21;-0.11;-0.96;0.06;-0.12;-0.98;0.30;-0.55;0.83;0.55;-0.30;-0.18;0.42;0.11;0.90;0.37;-0.61;0.49;0.22;-0.13;1.02;-0.49;0.43;1.59;0.49;0.81;0.27;0.43;0.06;0.24;-0.07;0.38;-0.92;0.12;0.37;-0.49;0.29;0.39;0.90;
-0.24;0.55;0.12;-0.37;0.15;-0.90;1.46;0.55;0.55;0.22;-0.10;-0.96;-0.18;-0.67;-1.22;0.30;-0.55;0.82;0.06;-0.61;0.06;0.43;0.11;0.91;0.61;-0.18;0.61;0.22;-0.13;1.01;-0.43;0.73;1.10;0.49;0.80;0.28;0.06;0.18;-0.12;-0.08;0.38;-0.93;0.49;-0.12;-0.43;0.29;0.39;0.89;
-0.18;0.00;0.18;-0.37;0.16;-0.91;0.61;0.06;0.06;0.22;-0.11;-0.96;0.24;-0.30;-0.67;0.31;-0.55;0.82;0.61;-0.37;0.37;0.42;0.11;0.91;0.18;-0.12;0.55;0.22;-0.13;1.00;-0.30;0.61;1.28;0.49;0.81;0.27;0.18;-0.37;0.06;-0.08;0.38;-0.92;0.18;0.00;-0.06;0.29;0.38;0.89;
-0.18;-0.79;0.18;-0.37;0.16;-0.89;0.79;0.55;0.61;0.22;-0.11;-0.96;0.06;-0.55;-0.73;0.30;-0.55;0.83;0.43;-0.18;0.00;0.42;0.11;0.91;0.12;-0.49;0.43;0.22;-0.13;1.01;0.85;0.79;1.83;0.49;0.81;0.28;-0.30;0.12;0.06;-0.08;0.37;-0.93;0.49;-0.12;-0.73;0.29;0.38;0.89;
-0.98;0.37;-0.06;-0.37;0.15;-0.91;1.10;0.43;0.49;0.22;-0.10;-0.96;-0.37;-0.43;-1.28;0.30;-0.55;0.83;0.61;-0.61;0.30;0.42;0.11;0.90;-0.30;-0.49;0.43;0.21;-0.14;1.01;0.18;0.79;1.28;0.49;0.80;0.29;-0.06;0.30;-0.12;-0.07;0.38;-0.93;0.43;-0.12;-0.55;0.29;0.38;0.89;
-0.67;0.49;-0.12;-0.38;0.16;-0.90;-0.30;0.06;-0.24;0.21;-0.11;-0.96;-0.43;-0.49;-1.10;0.30;-0.54;0.83;0.30;-0.12;0.73;0.42;0.11;0.90;0.18;-0.30;0.30;0.22;-0.13;1.02;-0.85;0.73;1.95;0.49;0.81;0.28;0.06;-0.06;0.00;-0.08;0.38;-0.93;0.73;0.12;0.06;0.28;0.39;0.89;
-2.01;-0.67;1.22;-0.37;0.16;-0.90;0.61;-0.91;0.06;0.23;-0.12;-0.96;-0.85;-1.04;-1.04;0.31;-0.52;0.84;-0.43;-1.22;1.28;0.42;0.12;0.90;-0.06;-0.30;0.12;0.21;-0.11;1.02;-6.59;1.16;5.12;0.49;0.80;0.29;0.24;-0.06;0.24;-0.12;0.27;-0.96;0.18;0.12;-0.06;0.28;0.38;0.89;
0.18;0.43;-0.37;-0.38;0.16;-0.90;0.91;0.37;0.49;0.22;-0.12;-0.96;-0.85;-0.24;-0.98;0.31;-0.53;0.84;0.85;-0.55;-0.06;0.41;0.13;0.90;0.37;-0.37;0.12;0.21;-0.11;1.03;-0.12;0.37;1.22;0.49;0.81;0.29;-0.06;0.18;-0.06;-0.12;0.27;-0.95;0.43;-0.18;-0.24;0.28;0.39;0.90;
-0.61;0.12;-0.06;-0.38;0.15;-0.90;-1.40;-0.43;-0.91;0.22;-0.12;-0.96;0.18;-0.61;-0.91;0.30;-0.53;0.83;0.55;-0.12;-0.49;0.42;0.13;0.91;0.12;0.00;0.06;0.23;-0.13;1.02;-0.43;0.73;1.71;0.49;0.80;0.28;-0.30;0.61;0.12;-0.12;0.28;-0.96;0.12;0.06;-0.55;0.29;0.38;0.89;
-0.49;-0.43;-0.06;-0.38;0.16;-0.91;0.43;0.49;-0.55;0.22;-0.12;-0.97;0.00;-0.73;-1.16;0.30;-0.53;0.83;0.67;-0.30;0.30;0.41;0.12;0.91;0.43;-0.37;0.49;0.21;-0.12;1.02;-0.12;0.43;0.98;0.49;0.80;0.29;0.06;0.24;0.67;-0.11;0.28;-0.95;0.30;0.18;-0.49;0.29;0.38;0.89;
-0.12;-0.67;0.06;-0.39;0.17;-0.91;0.30;0.24;0.49;0.23;-0.10;-0.96;-0.06;-0.79;-0.85;0.31;-0.53;0.84;0.49;-0.43;0.06;0.40;0.13;0.91;0.12;-0.30;0.18;0.20;-0.12;1.02;0.06;0.79;1.40;0.49;0.80;0.27;0.18;-0.30;0.18;-0.11;0.27;-0.96;0.30;0.06;-0.30;0.28;0.38;0.89;
0.12;-0.06;-0.30;-0.38;0.16;-0.91;0.91;0.37;-0.24;0.22;-0.12;-0.97;0.43;-0.61;-0.91;0.30;-0.54;0.83;0.61;-0.43;0.18;0.40;0.12;0.92;0.30;-0.55;0.18;0.20;-0.13;1.00;-0.55;0.55;1.28;0.49;0.81;0.28;0.43;0.00;-0.06;-0.11;0.28;-0.95;0.49;0.00;-0.55;0.29;0.38;0.90;
-1.10;-0.49;0.55;-0.37;0.15;-0.91;-0.43;0.30;0.06;0.22;-0.09;-0.97;-0.18;-0.43;-1.16;0.31;-0.54;0.83;0.12;-0.06;0.00;0.41;0.13;0.90;0.06;-0.24;0.49;0.21;-0.12;1.02;-0.43;0.98;1.77;0.49;0.80;0.28;0.30;0.18;-0.12;-0.11;0.27;-0.97;0.00;0.18;-0.43;0.30;0.38;0.88;
-0.49;0.12;-0.18;-0.39;0.16;-0.90;0.73;-0.37;0.00;0.22;-0.11;-0.96;-0.06;-0.37;-1.28;0.30;-0.53;0.83;0.37;-0.37;0.37;0.41;0.13;0.90;0.43;-0.43;0.30;0.21;-0.12;1.01;-0.24;0.67;1.46;0.49;0.81;0.27;0.24;-0.18;0.18;-0.11;0.28;-0.96;0.12;0.24;-0.55;0.29;0.38;0.89;
-0.30;-0.18;0.49;-0.38;0.16;-0.90;-0.37;0.06;0.49;0.22;-0.11;-0.96;0.43;-0.06;-0.79;0.30;-0.55;0.82;0.67;0.06;0.00;0.41;0.12;0.92;0.49;-0.43;0.00;0.20;-0.13;1.02;-0.43;0.85;0.98;0.49;0.81;0.28;-0.18;0.00;0.18;-0.11;0.28;-0.95;0.18;-0.12;-0.12;0.29;0.38;0.89;
-0.73;-0.37;0.06;-0.37;0.16;-0.90;0.06;0.06;0.37;0.22;-0.11;-0.96;-0.18;-0.37;-1.40;0.30;-0.55;0.82;0.24;-0.79;0.18;0.41;0.12;0.90;0.49;-0.18;0.49;0.21;-0.13;1.01;-0.49;0.61;1.22;0.49;0.80;0.28;0.12;0.12;0.12;-0.11;0.27;-0.96;0.37;0.12;-0.61;0.29;0.38;0.88;
-0.61;-0.18;0.67;-0.38;0.17;-0.90;0.67;0.00;0.37;0.22;-0.11;-0.96;0.30;-0.37;-1.40;0.30;-0.55;0.82;0.49;-0.43;0.55;0.41;0.13;0.92;-0.06;-0.24;0.37;0.21;-0.13;1.02;-0.49;0.91;1.04;0.49;0.81;0.29;0.37;-0.12;0.06;-0.12;0.28;-0.95;0.43;0.18;-0.49;0.29;0.39;0.89;
0.00;-0.24;-0.49;-0.38;0.16;-0.90;0.85;0.00;-0.06;0.23;-0.10;-0.97;-0.24;-0.37;-0.98;0.30;-0.55;0.82;0.43;-0.49;0.37;0.41;0.12;0.91;0.30;0.00;0.18;0.20;-0.12;1.02;-0.18;0.43;1.77;0.49;0.80;0.29;-0.49;0.18;0.43;-0.12;0.27;-0.95;0.73;-0.06;-0.55;0.29;0.38;0.90;
0.43;0.12;-0.18;-0.38;0.16;-0.90;0.24;0.30;0.30;0.22;-0.11;-0.97;0.00;-0.24;-0.79;0.30;-0.55;0.83;0.55;-0.37;-0.18;0.41;0.13;0.91;-0.24;-0.43;0.55;0.22;-0.12;1.01;0.06;0.55;1.52;0.49;0.80;0.28;-0.06;0.00;0.06;-0.12;0.27;-0.96;-0.18;0.06;-0.43;0.29;0.38;0.89;
-0.18;0.18;-0.18;-0.38;0.17;-0.89;2.74;0.49;0.67;0.23;-0.14;-0.97;0.00;-0.49;-1.40;0.31;-0.52;0.84;0.73;-0.98;-0.55;0.42;0.11;0.91;0.18;0.18;0.73;0.18;0.01;1.03;-1.04;0.79;1.65;0.48;0.81;0.26;0.98;0.30;-0.18;-0.14;0.22;-0.96;-0.24;0.18;-0.43;0.27;0.41;0.88;
-0.30;0.12;-0.73;-0.39;0.17;-0.89;-2.20;-1.10;-0.85;0.23;-0.13;-0.97;1.52;-0.55;-0.85;0.32;-0.50;0.84;0.30;-0.43;-0.06;0.42;0.14;0.90;0.37;0.06;0.24;0.21;-0.09;1.03;-0.73;0.61;1.77;0.47;0.83;0.27;0.61;-0.18;0.24;-0.15;0.17;-0.97;0.00;0.43;-0.49;0.26;0.43;0.89;
-0.12;-0.79;0.49;-0.39;0.18;-0.89;0.61;0.37;0.61;0.22;-0.11;-0.97;0.18;-0.49;-1.10;0.30;-0.52;0.83;0.43;-0.55;0.18;0.40;0.14;0.90;0.12;-0.61;0.18;0.21;-0.10;1.02;-0.37;0.85;1.52;0.47;0.81;0.28;0.06;-0.18;0.24;-0.15;0.16;-0.97;0.49;0.00;-0.49;0.27;0.43;0.88;
-0.18;0.06;0.24;-0.39;0.17;-0.90;-0.49;-0.12;0.37;0.23;-0.12;-0.97;0.12;-0.12;-1.22;0.30;-0.52;0.84;5.98;3.72;-2.38;0.42;0.12;0.92;-0.06;0.55;0.00;0.24;0.08;1.02;14.94;-6.34;-0.79;0.44;0.74;0.48;0.06;0.24;0.18;-0.16;0.15;-0.97;0.43;0.06;-0.55;0.25;0.43;0.88;
-0.37;-0.49;-0.12;-0.40;0.18;-0.90;0.12;0.37;0.06;0.22;-0.12;-0.96;6.10;0.79;-6.83;0.31;-0.48;0.84;-2.87;-2.07;1.10;0.41;0.13;0.91;-0.24;-0.55;0.12;0.22;-0.08;1.02;18.66;-4.15;-5.12;0.48;0.73;0.46;0.18;0.37;-0.43;-0.15;0.13;-0.97;0.49;-0.18;0.00;0.27;0.43;0.89;
-0.12;0.91;-0.49;-0.39;0.18;-0.89;-4.70;-0.61;-0.91;0.22;-0.11;-0.95;0.06;0.00;-0.79;0.29;-0.54;0.83;0.67;-0.43;-0.24;0.40;0.13;0.90;-0.06;0.00;-0.12;0.20;-0.10;1.02;1.28;0.18;0.85;0.45;0.84;0.29;1.16;-0.49;0.12;-0.18;0.06;-1.01;1.65;0.98;-1.16;0.26;0.44;0.88;
0.85;2.13;1.34;-0.40;0.18;-0.90;1.04;0.61;1.59;0.22;-0.14;-0.97;-0.12;0.06;-1.16;0.28;-0.56;0.83;0.00;-1.10;-0.06;0.40;0.14;0.92;-0.85;-0.43;0.37;0.23;-0.08;1.02;-1.16;-0.18;3.72;0.43;0.84;0.26;0.12;0.30;0.18;-0.18;0.03;-0.97;0.06;-0.37;-0.06;0.28;0.40;0.88;
1.16;-0.12;-0.61;-0.42;0.22;-0.86;3.11;0.30;1.04;0.21;-0.14;-0.95;-0.06;-0.55;-0.18;0.26;-0.59;0.82;0.79;-0.67;0.12;0.39;0.13;0.92;0.30;0.37;0.43;0.24;-0.10;1.00;-0.18;0.73;0.73;0.44;0.85;0.22;0.55;-0.18;0.06;-0.19;0.04;-0.98;1.10;0.18;-0.24;0.28;0.39;0.88;
1.89;-0.30;-3.29;-0.43;0.20;-0.86;-1.34;1.46;-0.43;0.22;-0.15;-0.95;-0.61;-1.16;-0.55;0.26;-0.59;0.83;2.13;-0.24;-0.30;0.39;0.14;0.91;1.95;-3.90;3.66;0.26;0.01;1.03;-8.35;3.48;0.06;0.37;0.87;0.40;-0.24;-3.11;0.18;-0.19;0.04;-0.98;4.63;0.79;-3.84;0.29;0.40;0.90;
-4.09;-0.85;4.27;-0.43;0.24;-0.86;1.71;0.43;0.18;0.22;-0.16;-0.97;-9.39;3.17;5.55;0.23;-0.62;0.79;-0.24;-0.37;0.43;0.39;0.12;0.91;0.49;-0.98;0.24;0.22;0.01;1.02;17.07;-5.73;-2.50;0.43;0.75;0.22;0.00;0.67;0.12;-0.19;0.04;-0.98;0.18;-0.18;0.00;0.29;0.40;0.89;
-0.18;-0.55;-0.12;-0.44;0.22;-0.86;2.38;0.85;0.91;0.23;-0.21;-0.95;-0.12;-0.61;-1.10;0.23;-0.61;0.81;0.98;-0.18;-0.12;0.38;0.14;0.91;0.49;-0.06;0.61;0.25;-0.10;1.01;1.83;0.61;0.61;0.43;0.82;0.29;-5.06;1.71;-25.00;-0.10;0.21;-1.00;0.43;-0.06;-0.30;0.28;0.40;0.88;
-0.85;0.18;0.24;-0.44;0.21;-0.87;-0.12;0.00;-0.37;0.22;-0.25;-0.94;0.43;-0.06;-0.37;0.24;-0.59;0.81;0.49;-0.24;0.49;0.39;0.15;0.91;0.30;-0.43;0.18;0.24;-0.11;1.01;0.49;0.55;1.59;0.39;0.89;0.12;0.06;0.43;-0.24;-0.18;0.03;-0.97;0.67;0.18;-0.55;0.28;0.40;0.88;
-2.32;0.73;1.40;-0.44;0.21;-0.86;-0.91;0.67;-0.37;0.21;-0.22;-0.96;-0.30;-0.12;-1.28;0.23;-0.59;0.82;0.73;-1.16;0.00;0.39;0.14;0.92;0.18;-0.85;0.30;0.24;-0.11;1.00;0.43;1.46;0.43;0.42;0.86;0.22;-0.18;0.00;0.24;-0.18;0.04;-0.96;0.18;0.18;-0.98;0.28;0.41;0.89;
-0.24;-0.49;0.12;-0.43;0.19;-0.87;2.26;0.85;0.61;0.21;-0.24;-0.96;0.24;-0.37;-1.59;0.23;-0.60;0.81;0.12;-0.12;0.18;0.39;0.14;0.92;0.00;-0.37;0.37;0.25;-0.11;1.00;-0.85;0.73;2.01;0.39;0.88;0.19;0.00;-0.06;0.30;-0.18;0.04;-0.98;0.18;0.12;-0.49;0.29;0.40;0.89;
-0.79;0.06;0.30;-0.44;0.20;-0.87;-0.61;0.30;0.18;0.22;-0.25;-0.95;0.24;-0.43;-1.22;0.23;-0.60;0.81;0.43;-0.30;0.30;0.39;0.14;0.92;0.06;-0.43;0.30;0.25;-0.11;1.00;0.67;0.61;1.40;0.40;0.88;0.17;0.12;0.24;-0.18;-0.19;0.04;-0.97;0.37;0.49;-0.12;0.29;0.41;0.88;
-0.91;-0.24;0.55;-0.44;0.19;-0.88;3.72;0.49;0.43;0.22;-0.23;-0.94;0.06;-0.73;-1.16;0.23;-0.60;0.80;-0.12;-0.91;0.24;0.39;0.14;0.92;0.06;-0.30;0.49;0.25;-0.12;1.01;-6.34;3.35;3.23;0.39;0.86;0.18;0.24;0.24;-0.30;-0.18;0.03;-0.98;20.37;7.50;-13.96;0.28;0.40;0.87;
-0.12;0.55;0.18;-0.45;0.19;-0.87;-2.07;-0.37;-0.85;0.21;-0.22;-0.93;0.37;-0.06;-0.37;0.22;-0.61;0.80;0.00;-0.61;0.06;0.38;0.15;0.91;0.37;-0.67;0.37;0.26;-0.10;1.00;-3.05;2.13;2.32;0.38;0.89;0.16;-0.30;-0.37;0.12;-0.12;0.17;-0.98;0.49;0.00;-0.49;0.26;0.44;0.88;
0.49;-0.43;0.24;-0.44;0.19;-0.87;0.73;0.24;0.24;0.22;-0.27;-0.94;-0.06;-0.73;-1.34;0.22;-0.62;0.79;-1.77;-1.22;-1.71;0.39;0.14;0.90;0.37;-0.18;0.37;0.25;-0.10;1.00;-1.28;1.52;1.10;0.38;0.87;0.18;0.24;0.18;0.18;-0.12;0.17;-0.97;0.06;-0.06;-0.30;0.27;0.44;0.87;
-0.37;0.00;-0.61;-0.44;0.19;-0.87;3.78;0.61;1.22;0.23;-0.24;-0.95;0.49;1.04;-0.30;0.22;-0.60;0.81;1.22;-0.55;-0.06;0.40;0.15;0.92;0.30;-0.06;0.55;0.25;-0.10;1.00;-0.12;0.61;2.50;0.38;0.86;0.17;-1.89;0.12;0.18;-0.12;0.16;-0.98;15.12;5.73;-9.63;0.28;0.43;0.87;
-0.24;-0.55;1.04;-0.45;0.22;-0.85;1.89;0.18;0.30;0.22;-0.23;-0.95;0.37;-0.24;-1.28;0.23;-0.62;0.80;0.30;-1.34;-0.06;0.39;0.15;0.92;-0.06;-0.37;0.43;0.25;-0.07;1.00;-0.67;0.61;1.04;0.39;0.89;0.18;-0.49;0.00;-0.49;-0.11;0.16;-0.98;0.24;-0.12;-0.55;0.25;0.49;0.86;
0.18;-0.18;0.24;-0.46;0.22;-0.85;2.74;0.49;0.55;0.22;-0.26;-0.93;-1.22;0.37;-0.24;0.23;-0.62;0.78;0.06;-0.43;0.24;0.38;0.14;0.91;0.67;-0.24;-0.30;0.26;-0.07;1.02;15.55;-10.06;-3.78;0.38;0.84;0.22;0.37;0.06;-0.06;-0.12;0.15;-0.98;0.24;-0.06;-0.12;0.24;0.48;0.86;
-0.43;-1.04;0.79;-0.45;0.22;-0.85;0.00;0.73;-0.06;0.21;-0.25;-0.93;0.00;-0.37;-2.01;0.21;-0.62;0.80;0.18;-1.34;0.30;0.40;0.14;0.92;0.91;-0.30;0.24;0.26;-0.08;1.02;64.27;-59.39;24.21;0.48;0.71;-0.05;0.24;-0.06;-0.43;-0.13;0.15;-0.98;0.00;-0.18;0.00;0.26;0.47;0.86;
-1.34;0.00;0.43;-0.46;0.21;-0.85;-2.93;-0.43;-0.43;0.21;-0.25;-0.95;0.79;-0.98;-1.34;0.18;-0.62;0.79;0.37;0.49;0.18;0.37;0.14;0.90;0.55;-0.61;0.12;0.24;-0.09;1.01;-0.98;0.73;2.32;0.32;0.90;0.21;0.49;-0.37;-0.55;-0.12;0.15;-0.98;0.49;-0.18;0.06;0.26;0.46;0.86;
