2.87;2.26;0.91;0.67;0.68;0.40;-0.85;0.30;-0.37;0.52;0.56;-0.60;2.50;-0.43;-1.83;-0.36;0.16;-0.89;2.74;0.37;-1.89;0.04;-0.97;-0.25;1.22;4.82;0.43;0.16;-0.12;1.04;3.29;0.06;0.79;0.82;0.53;0.19;-0.06;0.49;0.37;-0.11;0.25;-0.96;5.18;-0.49;-2.26;0.26;0.43;0.88;
2.99;0.24;-0.30;0.69;0.66;0.42;0.00;-0.06;0.49;0.53;0.55;-0.60;-1.34;1.22;0.30;-0.37;0.12;-0.88;1.04;-0.30;-0.49;0.05;-0.97;-0.26;-0.37;6.95;-0.73;0.16;-0.09;1.03;-0.43;0.12;1.34;0.81;0.53;0.18;-0.55;0.24;0.00;-0.10;0.24;-0.96;
-3.72;-2.01;-2.20;0.67;0.66;0.41;0.91;-0.18;0.37;0.53;0.55;-0.60;-0.98;-0.91;-1.40;-0.36;0.14;-0.90;1.71;-1.40;0.67;0.04;-0.97;-0.26;-0.30;-0.91;0.30;0.18;-0.08;1.03;-4.63;2.13;1.59;0.82;0.53;0.17;0.12;0.12;-0.06;-0.11;0.23;-0.96;
1.40;1.89;0.24;0.67;0.66;0.41;-0.30;1.16;0.30;0.52;0.56;-0.59;-1.16;-0.24;-1.16;-0.36;0.16;-0.88;1.46;0.06;-1.52;0.04;-0.97;-0.25;2.93;-2.99;0.55;0.15;-0.11;0.99;7.93;-1.77;-0.55;0.84;0.52;0.15;0.55;0.43;0.00;-0.11;0.24;-0.96;0.43;-0.06;-0.49;0.24;0.45;0.87;
-5.98;-1.71;1.10;0.67;0.67;0.41;-0.18;0.49;0.18;0.53;0.56;-0.59;1.65;-0.79;-1.34;-0.36;0.16;-0.88;2.74;0.98;-2.38;0.04;-0.97;-0.25;0.73;-0.43;0.30;0.17;-0.08;1.03;-3.48;1.89;0.85;0.81;0.55;0.13;0.06;0.12;0.00;-0.11;0.24;-0.96;
-0.79;-0.67;-0.12;0.67;0.65;0.41;-0.37;0.06;-0.73;0.52;0.57;-0.59;0.85;-1.10;-0.85;-0.37;0.14;-0.89;0.55;0.18;-0.24;0.04;-0.98;-0.26;-0.61;-0.67;0.55;0.16;-0.07;1.04;-1.46;0.98;1.71;0.82;0.53;0.16;-0.12;-0.30;-0.49;-0.10;0.23;-0.97;
7.38;5.67;-0.49;0.67;0.66;0.41;0.43;0.30;0.55;0.53;0.56;-0.59;-0.79;0.18;-1.34;-0.36;0.15;-0.89;0.55;-1.22;-0.49;0.05;-0.98;-0.26;0.67;-0.73;0.43;0.18;-0.08;1.03;-1.65;0.79;1.95;0.83;0.53;0.18;0.49;0.30;-0.18;-0.11;0.24;-0.96;
-0.18;1.89;0.37;0.66;0.67;0.41;0.18;0.37;0.18;0.52;0.55;-0.60;-0.73;-0.61;-1.46;-0.37;0.15;-0.89;0.85;-1.04;0.06;0.04;-0.98;-0.25;0.30;-0.67;0.06;0.18;-0.08;1.04;-0.12;0.79;2.26;0.82;0.53;0.18;-0.12;-0.43;-0.18;-0.11;0.24;-0.96;
-0.67;0.00;1.28;0.65;0.67;0.40;-0.24;0.43;-0.12;0.52;0.56;-0.60;-0.30;0.49;-0.24;-0.36;0.16;-0.89;0.67;0.43;-0.73;0.04;-0.97;-0.26;0.49;-0.55;0.30;0.18;-0.08;1.01;0.79;0.67;0.98;0.82;0.53;0.18;0.00;0.24;-0.43;-0.12;0.24;-0.96;
-3.11;-2.26;-1.16;0.66;0.67;0.40;1.83;0.06;0.30;0.53;0.57;-0.59;1.89;-1.28;-3.05;-0.38;0.14;-0.89;0.91;0.79;-0.85;0.05;-0.97;-0.25;0.49;-0.30;0.06;0.17;-0.08;1.03;1.52;0.12;0.06;0.81;0.53;0.17;-0.06;-0.24;-0.37;-0.11;0.23;-0.96;
1.71;1.34;0.91;0.68;0.65;0.42;0.06;0.49;0.06;0.53;0.55;-0.60;-0.98;-0.37;-1.83;-0.37;0.14;-0.89;0.85;-1.22;-0.67;0.05;-0.98;-0.25;0.67;-0.06;0.37;0.17;-0.08;1.03;-1.28;0.37;2.93;0.83;0.53;0.18;0.24;0.06;0.49;-0.11;0.23;-0.97;0.30;0.00;-0.12;0.24;0.46;0.86;
-0.18;-0.12;0.73;0.64;0.66;0.41;0.37;0.67;0.43;0.52;0.55;-0.60;0.00;-0.98;-0.91;-0.37;0.14;-0.90;0.55;-0.73;0.00;0.05;-0.98;-0.26;0.49;-0.30;0.37;0.17;-0.08;1.03;-1.22;1.52;1.83;0.83;0.52;0.19;0.06;-0.06;0.12;-0.11;0.23;-0.96;
-0.98;-0.61;1.95;0.66;0.68;0.40;0.06;0.12;0.30;0.52;0.56;-0.60;1.52;-0.49;-1.16;-0.35;0.15;-0.89;0.37;0.24;-0.98;0.05;-0.98;-0.26;0.24;-1.28;0.30;0.17;-0.08;1.03;2.13;0.30;0.61;0.83;0.54;0.16;-2.20;1.10;0.55;-0.12;0.24;-0.96;1.10;0.00;-0.43;0.25;0.46;0.88;
0.12;2.13;4.27;0.68;0.65;0.41;-2.07;0.98;0.37;0.53;0.57;-0.59;-2.20;-0.24;-0.73;-0.36;0.13;-0.89;2.99;-2.99;-0.24;0.05;-0.97;-0.24;0.30;-0.18;0.12;0.16;-0.08;1.03;-3.29;0.73;2.50;0.84;0.52;0.18;0.55;-0.06;0.12;-0.11;0.24;-0.95;
-13.90;-5.18;0.18;0.65;0.71;0.39;-0.91;1.52;-1.04;0.52;0.56;-0.60;-1.28;0.85;1.34;-0.37;0.12;-0.90;6.04;-4.76;1.16;0.08;-0.96;-0.24;0.37;-0.49;0.30;0.18;-0.08;1.02;0.18;1.34;4.57;0.81;0.51;0.20;-2.26;0.73;0.61;-0.10;0.23;-0.95;
-1.59;-0.91;1.40;0.64;0.68;0.40;1.46;0.49;-1.95;0.53;0.55;-0.61;-4.27;-1.22;1.52;-0.35;0.15;-0.90;3.05;0.12;-3.84;0.06;-0.97;-0.26;0.37;-0.79;0.18;0.17;-0.08;1.03;-3.54;0.55;3.54;0.82;0.52;0.19;-5.91;0.49;1.59;-0.10;0.23;-0.96;
0.49;0.98;-0.30;0.65;0.68;0.39;0.00;0.61;0.61;0.52;0.55;-0.59;-0.85;-0.73;-0.61;-0.35;0.15;-0.90;1.34;-2.56;-2.80;0.06;-0.98;-0.25;0.24;-0.30;0.37;0.16;-0.08;1.03;0.12;0.73;2.07;0.83;0.52;0.18;-0.55;-0.12;0.06;-0.11;0.23;-0.96;
-8.17;-4.94;-3.54;0.66;0.68;0.38;-1.16;0.73;-0.79;0.52;0.56;-0.59;0.73;-1.34;-0.91;-0.36;0.15;-0.88;2.80;-0.79;0.43;0.05;-0.98;-0.25;0.30;-0.55;0.00;0.16;-0.08;1.03;0.61;0.43;1.40;0.83;0.53;0.17;-0.24;-0.24;-0.12;-0.12;0.23;-0.96;
-0.18;0.61;0.67;0.65;0.67;0.38;0.98;0.91;0.37;0.52;0.56;-0.59;-0.24;-0.12;-0.98;-0.37;0.15;-0.89;-0.12;-0.61;0.30;0.05;-0.98;-0.26;0.06;-0.24;0.98;0.17;-0.08;1.04;-0.61;0.61;1.59;0.82;0.53;0.18;0.18;-0.24;0.06;-0.11;0.23;-0.97;
2.07;2.93;1.10;0.65;0.68;0.37;1.40;-0.18;-0.24;0.52;0.55;-0.59;-0.61;-0.18;-2.01;-0.37;0.16;-0.89;0.91;-1.28;0.61;0.04;-0.99;-0.25;0.55;-0.37;0.18;0.17;-0.08;1.03;-5.79;1.40;3.48;0.82;0.52;0.19;0.18;0.00;0.12;-0.11;0.23;-0.96;0.06;0.12;-0.67;0.24;0.45;0.86;
-0.73;-0.43;0.43;0.66;0.68;0.38;0.61;0.55;0.24;0.52;0.56;-0.59;0.12;-0.67;-0.91;-0.36;0.15;-0.87;0.12;-0.61;0.55;0.05;-0.97;-0.24;0.55;-0.18;0.37;0.18;-0.08;1.03;-0.24;0.43;1.10;0.83;0.52;0.20;0.55;-0.06;-0.18;-0.11;0.23;-0.97;
