-0.43;0.00;0.12;-0.07;-0.30;-0.94;0.37;0.43;0.12;0.16;-0.09;-0.99;-0.18;-0.73;-1.10;0.10;-0.39;0.95;0.30;-0.55;-0.06;0.14;0.16;0.97;0.67;-0.37;-0.06;-0.01;-0.24;1.02;0.61;0.91;1.40;0.04;0.59;0.80;-0.24;-0.30;0.24;-0.15;0.11;-0.98;
-0.91;-0.30;0.49;-0.07;-0.29;-0.95;1.04;-0.06;-0.12;0.16;-0.10;-0.99;0.00;-0.24;-1.10;0.10;-0.39;0.94;0.18;-0.73;-0.18;0.15;0.17;0.98;0.00;-0.61;0.30;0.00;-0.23;1.01;0.43;0.49;1.22;0.04;0.59;0.80;0.73;0.12;-0.24;-0.15;0.10;-0.98;
-0.55;-0.24;0.37;-0.07;-0.31;-0.94;0.37;0.00;0.18;0.17;-0.10;-0.99;0.30;-0.24;-0.91;0.10;-0.39;0.94;0.49;-0.67;-0.18;0.16;0.16;0.98;0.67;0.00;-0.12;-0.00;-0.24;1.03;-0.67;1.10;1.59;0.04;0.59;0.79;0.12;-0.12;0.18;-0.15;0.10;-0.98;
-0.49;-0.18;-0.18;-0.07;-0.30;-0.95;0.37;0.55;0.12;0.15;-0.11;-0.98;0.06;-0.55;-1.04;0.10;-0.39;0.94;0.30;0.06;0.37;0.15;0.16;0.97;0.18;-0.43;0.00;-0.00;-0.23;1.01;-0.30;0.43;1.52;0.04;0.59;0.80;0.43;0.30;-0.24;-0.15;0.10;-0.98;
-0.49;0.00;-0.30;-0.07;-0.31;-0.94;0.98;0.61;-0.06;0.16;-0.11;-0.99;0.00;-0.67;-1.40;0.11;-0.39;0.94;0.00;-0.55;0.43;0.15;0.17;0.97;0.61;-0.61;0.37;-0.01;-0.23;1.01;-0.24;0.61;1.65;0.04;0.59;0.80;-0.18;-0.06;-0.06;-0.15;0.10;-0.99;
-0.06;-0.18;0.18;-0.07;-0.30;-0.94;0.30;-0.24;-0.06;0.16;-0.11;-0.98;0.12;-0.06;-1.59;0.10;-0.40;0.94;0.37;-0.06;-0.24;0.15;0.17;0.97;0.37;-0.43;0.18;-0.01;-0.23;1.01;-0.49;1.46;1.52;0.04;0.59;0.79;-0.24;0.24;-0.30;-0.15;0.11;-0.98;
-0.43;0.12;0.24;-0.07;-0.31;-0.95;0.37;0.12;0.30;0.16;-0.10;-0.98;-0.30;-0.91;-1.46;0.10;-0.39;0.94;0.61;-0.06;0.37;0.14;0.17;0.97;-0.24;-0.49;0.06;-0.00;-0.23;1.02;-0.43;0.43;1.52;0.04;0.59;0.80;-0.43;0.30;-0.18;-0.15;0.11;-0.98;
-0.24;-0.43;0.12;-0.07;-0.30;-0.95;0.30;0.06;0.18;0.16;-0.10;-0.98;0.00;-0.37;-1.10;0.10;-0.40;0.92;0.49;-0.24;0.00;0.15;0.17;0.97;-0.06;-0.43;0.49;-0.01;-0.23;1.01;0.79;1.10;1.52;0.05;0.59;0.79;-0.24;0.18;-0.24;-0.15;0.11;-0.98;
0.43;-0.18;0.30;-0.07;-0.31;-0.94;0.43;0.00;0.24;0.16;-0.10;-0.99;0.06;-0.49;-1.34;0.11;-0.39;0.94;0.24;-0.37;-0.12;0.14;0.16;0.96;0.24;-0.24;0.67;-0.01;-0.23;1.01;-0.24;0.43;1.40;0.05;0.59;0.80;0.24;0.00;0.06;-0.15;0.11;-0.98;
-0.55;-0.12;-0.18;-0.07;-0.30;-0.94;0.43;0.43;0.73;0.16;-0.11;-0.98;0.12;-0.67;-0.85;0.10;-0.40;0.94;0.55;-0.61;0.06;0.14;0.16;0.96;0.43;-0.49;0.43;-0.01;-0.23;1.02;-0.37;0.55;0.98;0.04;0.60;0.79;-0.24;0.00;0.24;-0.15;0.12;-0.98;
-0.12;-0.55;-0.43;-0.07;-0.30;-0.94;0.49;0.43;0.06;0.16;-0.11;-0.99;-0.06;-0.73;-1.28;0.11;-0.38;0.94;0.00;-0.43;0.18;0.14;0.17;0.96;0.30;-0.30;0.37;-0.01;-0.24;1.01;-0.18;0.98;1.28;0.04;0.59;0.79;0.37;-0.37;0.00;-0.15;0.10;-0.98;
-0.24;-0.37;0.24;-0.07;-0.30;-0.95;0.85;0.37;0.73;0.17;-0.10;-0.98;-0.49;-0.37;-1.16;0.10;-0.40;0.94;0.37;-0.61;0.18;0.15;0.17;0.97;0.24;-0.18;0.12;0.00;-0.24;1.01;-0.18;0.73;1.46;0.04;0.59;0.79;0.12;-0.37;0.24;-0.16;0.11;-0.97;
-0.06;-0.30;0.24;-0.07;-0.30;-0.94;0.49;0.43;-0.12;0.16;-0.09;-0.97;-0.12;-0.79;-0.85;0.10;-0.39;0.94;0.85;-0.49;0.00;0.16;0.17;0.97;-0.18;-0.37;0.55;0.00;-0.24;1.02;0.00;0.37;1.65;0.04;0.60;0.80;0.67;-0.24;-0.06;-0.15;0.12;-0.98;
-0.67;-0.49;0.43;-0.08;-0.30;-0.95;-0.06;0.24;0.12;0.16;-0.10;-0.99;0.55;-0.18;-0.98;0.10;-0.39;0.93;0.67;-0.43;0.00;0.15;0.17;0.97;-0.12;-0.30;0.18;-0.01;-0.23;1.01;-0.24;0.49;1.59;0.04;0.59;0.80;0.49;-0.18;0.12;-0.15;0.11;-0.98;
-0.37;-0.24;0.30;-0.07;-0.30;-0.96;0.49;0.18;0.61;0.16;-0.10;-0.97;-0.49;-1.04;-0.67;0.10;-0.39;0.94;0.73;-0.30;-0.18;0.15;0.17;0.97;0.73;-0.24;0.37;-0.00;-0.22;1.01;0.00;0.98;1.22;0.04;0.59;0.79;0.12;0.06;0.12;-0.16;0.10;-0.98;
-0.55;0.61;0.24;-0.06;-0.30;-0.94;0.37;0.06;0.00;0.16;-0.11;-0.98;-0.55;-0.79;-1.77;0.10;-0.40;0.94;0.85;-0.06;-0.18;0.15;0.17;0.96;-0.18;-0.06;0.30;-0.01;-0.22;1.01;0.06;0.67;1.10;0.04;0.59;0.79;0.18;0.43;-0.06;-0.15;0.10;-0.98;
-0.55;-0.18;-0.37;-0.07;-0.30;-0.95;0.49;0.73;0.00;0.16;-0.11;-0.98;-0.30;-0.43;-0.61;0.11;-0.39;0.93;0.49;-0.49;0.12;0.15;0.16;0.97;0.55;-0.67;0.37;-0.01;-0.24;1.01;0.12;0.98;1.52;0.04;0.59;0.80;0.12;0.30;-0.73;-0.15;0.11;-0.98;
-0.24;-1.10;-0.43;-0.06;-0.30;-0.95;0.55;0.55;0.18;0.16;-0.10;-0.98;0.49;-0.67;-0.98;0.10;-0.39;0.94;0.00;-0.24;-0.06;0.15;0.17;0.97;0.18;-0.67;0.55;0.00;-0.23;1.01;-0.12;0.73;1.52;0.04;0.59;0.80;0.06;-0.37;-0.85;-0.15;0.11;-0.98;
0.06;-0.30;0.49;-0.08;-0.30;-0.95;0.67;0.24;-0.06;0.16;-0.10;-0.99;-0.30;-0.67;-1.16;0.10;-0.39;0.94;0.43;-0.55;-0.24;0.16;0.17;0.96;0.18;-0.49;0.49;-0.01;-0.23;1.01;-0.18;0.85;1.34;0.03;0.60;0.79;0.43;0.37;0.18;-0.15;0.10;-0.98;
-0.24;-0.43;0.24;-0.07;-0.31;-0.94;0.49;0.30;0.18;0.16;-0.11;-0.98;-0.43;-0.67;-0.61;0.11;-0.39;0.94;0.18;-0.43;0.12;0.15;0.16;0.97;0.12;-0.30;0.37;-0.01;-0.24;1.02;-0.30;0.79;1.22;0.03;0.59;0.80;0.24;0.24;0.24;-0.15;0.10;-0.98;
-1.04;-0.37;0.30;-0.07;-0.31;-0.94;0.73;0.18;0.37;0.16;-0.10;-0.98;0.18;-0.24;-0.85;0.10;-0.39;0.94;0.49;-0.43;-0.18;0.15;0.17;0.97;0.37;0.18;-0.12;-0.01;-0.24;1.01;-0.30;0.73;1.65;0.04;0.59;0.79;0.30;-0.43;-0.06;-0.15;0.11;-0.99;
-0.73;0.24;0.37;-0.08;-0.30;-0.94;0.24;0.12;-0.12;0.16;-0.10;-0.98;-0.24;-0.61;-0.91;0.10;-0.39;0.94;0.37;-0.37;0.12;0.15;0.17;0.97;0.24;-0.30;0.49;0.00;-0.23;1.01;-0.55;0.61;1.59;0.04;0.59;0.80;-0.12;-0.06;0.61;-0.15;0.11;-0.98;
-0.12;0.00;-0.12;-0.08;-0.30;-0.95;0.30;-0.12;0.00;0.16;-0.10;-0.98;-0.24;-0.43;-1.71;0.11;-0.39;0.94;1.10;-0.24;-0.18;0.14;0.17;0.96;-0.24;-0.24;0.24;-0.00;-0.23;1.01;-0.43;0.61;1.59;0.05;0.60;0.79;0.06;0.37;-0.12;-0.15;0.10;-0.98;
-0.43;-0.18;0.24;-0.07;-0.31;-0.95;0.43;-0.24;0.30;0.16;-0.11;-0.98;-0.06;-0.37;-0.67;0.10;-0.39;0.94;0.24;-0.55;0.12;0.15;0.17;0.97;0.37;-0.18;0.85;-0.00;-0.24;1.02;0.43;0.37;1.71;0.04;0.59;0.79;0.30;0.00;-0.18;-0.14;0.10;-0.98;
-0.24;-0.67;-0.24;-0.08;-0.30;-0.95;0.98;0.43;0.06;0.16;-0.10;-0.98;0.06;-0.43;-0.73;0.11;-0.40;0.95;0.61;-0.55;-0.24;0.15;0.17;0.96;0.49;-0.12;0.30;-0.01;-0.24;1.02;0.12;0.98;1.95;0.04;0.59;0.79;0.06;-0.55;-0.37;-0.15;0.11;-0.98;
-0.30;-0.18;0.43;-0.07;-0.30;-0.94;0.06;0.18;0.30;0.16;-0.11;-0.97;0.06;-0.30;-1.46;0.10;-0.40;0.95;0.30;-0.73;0.12;0.15;0.17;0.96;0.06;-0.24;0.12;0.01;-0.24;1.02;0.00;0.73;1.28;0.04;0.59;0.78;0.12;0.12;0.12;-0.14;0.11;-0.97;
-0.49;0.06;-0.37;-0.08;-0.30;-0.94;0.55;0.30;-0.06;0.15;-0.10;-0.98;0.37;-0.49;-0.73;0.10;-0.39;0.93;0.24;-0.43;0.12;0.15;0.17;0.97;-0.24;-0.12;0.12;-0.00;-0.23;1.00;-0.06;0.43;1.83;0.04;0.60;0.79;0.37;0.24;0.24;-0.15;0.12;-0.98;
-0.12;-0.18;0.00;-0.08;-0.31;-0.95;0.00;0.18;-0.12;0.16;-0.10;-0.98;0.06;-0.49;-0.91;0.10;-0.40;0.94;0.85;-0.06;-0.43;0.15;0.18;0.97;0.18;-0.49;-0.06;-0.00;-0.24;1.02;0.73;0.98;1.59;0.04;0.59;0.78;0.55;0.06;0.06;-0.15;0.11;-0.98;
-0.79;-0.12;-0.18;-0.07;-0.30;-0.94;0.00;-0.06;0.30;0.17;-0.11;-0.98;0.49;-1.10;-0.85;0.11;-0.38;0.94;0.61;-0.73;0.00;0.15;0.17;0.97;0.30;-0.37;0.67;-0.01;-0.24;1.01;0.12;0.37;2.07;0.04;0.59;0.79;0.00;-0.06;0.12;-0.15;0.11;-0.98;
-0.67;-0.12;0.06;-0.07;-0.31;-0.95;0.18;0.12;-0.12;0.16;-0.11;-0.98;-0.12;-0.61;-0.55;0.10;-0.39;0.95;0.24;-0.61;-0.06;0.14;0.18;0.96;0.00;-0.61;0.24;-0.01;-0.23;1.01;-0.06;0.79;1.52;0.04;0.59;0.80;0.55;0.12;0.06;-0.15;0.11;-0.98;
-0.73;-0.67;0.12;-0.07;-0.30;-0.95;0.61;0.61;0.12;0.16;-0.11;-0.98;-0.12;-0.37;-0.91;0.11;-0.40;0.94;0.24;-0.67;0.37;0.14;0.17;0.97;-0.24;-0.30;0.55;-0.01;-0.23;1.02;-0.12;1.04;1.40;0.04;0.59;0.79;0.06;0.18;-0.12;-0.16;0.11;-0.99;
-0.43;0.00;0.18;-0.07;-0.30;-0.94;0.24;0.37;0.00;0.16;-0.11;-0.99;0.55;-0.18;-1.22;0.10;-0.40;0.94;0.43;-0.49;-0.24;0.15;0.17;0.97;1.16;-0.12;0.79;-0.01;-0.23;1.00;0.06;0.61;1.40;0.05;0.59;0.78;-0.06;0.18;-0.30;-0.15;0.11;-0.98;
-0.49;0.00;0.06;-0.07;-0.30;-0.94;0.18;0.18;0.37;0.16;-0.10;-0.97;0.06;-0.55;-1.10;0.11;-0.39;0.94;0.30;-0.73;-0.18;0.14;0.17;0.97;0.79;-0.49;0.43;-0.01;-0.23;1.02;0.18;0.91;1.89;0.04;0.59;0.80;0.30;-0.18;0.12;-0.15;0.11;-0.98;
-0.12;-0.12;-0.06;-0.07;-0.29;-0.95;0.30;-0.12;0.24;0.16;-0.10;-0.97;-0.06;-0.37;-1.04;0.11;-0.39;0.94;0.61;-0.37;0.37;0.15;0.17;0.97;0.55;-0.37;-0.06;-0.01;-0.24;1.02;0.06;1.04;1.71;0.04;0.59;0.80;0.00;0.00;0.00;-0.15;0.11;-0.98;
-0.55;-0.37;-0.06;-0.07;-0.30;-0.94;-0.18;0.24;0.24;0.16;-0.10;-0.98;0.00;-0.30;-1.34;0.11;-0.40;0.93;0.18;-0.85;-0.06;0.15;0.17;0.96;0.12;0.24;0.24;-0.01;-0.23;1.02;-0.24;0.98;1.04;0.04;0.59;0.78;0.43;0.24;-0.12;-0.15;0.12;-0.98;
-0.43;0.06;0.43;-0.08;-0.30;-0.95;0.73;-0.06;0.49;0.16;-0.11;-0.98;-0.06;-0.61;-0.55;0.10;-0.40;0.94;0.98;-0.61;0.24;0.15;0.17;0.96;0.06;-0.37;0.49;0.00;-0.23;1.02;-0.06;0.73;1.77;0.03;0.60;0.78;0.06;-0.12;-0.12;-0.15;0.11;-0.98;
-0.24;-0.37;-0.12;-0.07;-0.30;-0.94;0.49;-0.37;-0.12;0.16;-0.11;-0.99;-0.61;-0.24;-1.04;0.10;-0.39;0.94;0.49;-0.12;-0.49;0.15;0.17;0.97;0.24;-0.24;0.37;-0.00;-0.24;1.02;-0.24;0.24;1.46;0.04;0.60;0.79;0.00;-0.06;0.12;-0.15;0.12;-0.98;
-0.49;-0.24;-0.30;-0.07;-0.30;-0.94;0.37;0.12;0.00;0.16;-0.11;-0.98;0.30;-0.61;-1.22;0.10;-0.40;0.94;0.30;-0.37;0.24;0.15;0.17;0.97;-0.24;-0.30;0.49;0.00;-0.23;1.02;-0.18;-0.06;1.83;0.05;0.59;0.79;0.30;0.00;0.30;-0.16;0.11;-0.97;
-0.18;-0.06;0.06;-0.07;-0.31;-0.93;0.43;0.00;-0.18;0.16;-0.10;-0.98;0.00;-0.30;-1.28;0.10;-0.39;0.93;2.26;1.40;0.18;0.16;0.17;0.97;-0.79;-0.49;0.24;-0.00;-0.23;1.02;-0.37;0.91;1.34;0.04;0.59;0.79;-0.37;0.00;-0.37;-0.16;0.11;-0.98;
-0.37;-0.24;-0.12;-0.07;-0.30;-0.95;0.55;0.06;0.06;0.16;-0.10;-0.98;-0.06;-0.67;-1.22;0.10;-0.40;0.94;0.79;-0.43;0.24;0.14;0.17;0.96;0.73;-0.24;0.30;-0.00;-0.24;1.01;0.06;0.79;1.40;0.04;0.59;0.79;-0.61;0.12;-0.12;-0.14;0.12;-0.98;
-0.06;-0.37;-0.12;-0.07;-0.31;-0.94;0.49;0.00;-0.24;0.17;-0.11;-0.98;-0.24;-0.55;-1.04;0.10;-0.39;0.93;0.85;-0.49;0.30;0.14;0.17;0.97;0.37;-0.85;0.49;-0.00;-0.24;1.02;-0.61;0.79;1.65;0.04;0.59;0.79;0.30;0.24;-0.43;-0.15;0.11;-0.97;
-0.30;0.00;0.18;-0.07;-0.31;-0.94;0.67;1.40;0.00;0.16;-0.11;-0.98;-0.18;-0.61;-1.22;0.11;-0.39;0.94;0.98;-0.24;-0.30;0.15;0.18;0.97;-0.18;-0.67;-0.06;0.00;-0.23;1.01;0.37;0.85;1.34;0.04;0.60;0.80;0.43;0.18;0.06;-0.15;0.11;-0.97;
-0.49;-0.12;0.00;-0.07;-0.30;-0.94;0.61;0.30;0.12;0.17;-0.10;-0.98;0.00;-0.18;-0.85;0.10;-0.40;0.93;0.24;-0.12;0.49;0.14;0.17;0.96;0.43;-0.43;0.61;-0.01;-0.23;1.02;-0.79;0.24;1.71;0.05;0.59;0.79;0.30;0.24;-0.12;-0.15;0.11;-0.97;
-0.06;-0.43;0.24;-0.07;-0.30;-0.95;0.12;0.00;0.12;0.16;-0.11;-0.97;0.00;-0.55;-1.22;0.10;-0.39;0.94;0.61;-0.43;-0.12;0.15;0.17;0.98;0.37;-0.06;0.37;-0.01;-0.23;1.02;-0.30;0.61;1.40;0.04;0.59;0.78;0.00;-0.30;0.24;-0.15;0.12;-0.99;
473.23;691.59;-427.44;2.00;1.76;1.38;93.84;15.24;-15.61;-0.06;0.92;-0.74;-25.61;42.99;-35.37;-0.37;-0.45;0.88;-16.10;-23.90;48.29;-0.17;0.74;0.91;-8.35;-2.87;0.43;-0.00;-0.27;1.03;-2.56;10.79;40.73;0.03;0.79;0.71;-21.83;24.15;8.48;-0.16;0.13;-0.94;
-81.59;-157.13;-9.09;-0.40;-0.30;-1.07;0.85;-2.20;0.67;0.11;-0.05;-1.00;5.67;-4.09;-1.71;0.12;-0.44;0.92;0.79;-0.67;0.06;0.17;0.15;0.96;0.37;-0.85;0.43;-0.00;-0.23;1.02;-0.61;0.61;1.59;0.03;0.59;0.79;0.55;0.18;0.18;-0.15;0.12;-0.98;
-168.66;198.48;113.72;-0.87;-0.21;-0.51;0.37;0.85;0.30;0.12;-0.05;-1.00;0.49;-0.98;-0.98;0.11;-0.46;0.91;-0.24;-0.79;0.30;0.18;0.15;0.96;0.30;-0.12;0.67;-0.01;-0.22;1.02;-0.43;0.61;1.71;0.04;0.58;0.79;-0.12;0.18;-0.06;-0.14;0.14;-0.98;
-253.05;83.17;-54.02;-1.42;-1.12;-0.71;0.30;-2.07;-1.22;0.11;-0.05;-0.99;-26.83;19.70;4.45;-0.04;-0.59;0.69;-77.01;-96.16;26.10;0.06;0.40;0.88;9.45;5.30;0.12;-0.00;-0.26;1.07;-0.98;-0.98;1.40;0.03;0.59;0.80;-8.84;9.57;7.38;-0.35;0.04;-1.05;
-13.78;18.17;-17.68;-0.94;-0.74;0.13;0.55;-0.24;-0.24;0.11;-0.05;-1.00;-0.85;0.24;-0.73;0.14;-0.41;0.93;-0.37;-0.24;0.12;0.16;0.17;0.96;0.55;0.18;-0.30;-0.00;-0.23;1.02;-0.67;0.61;1.40;0.04;0.59;0.80;0.55;-0.30;-0.12;-0.16;0.15;-0.98;
34.09;-130.61;271.04;-1.28;-0.39;0.05;0.91;-1.22;0.12;0.12;-0.05;-1.00;-54.51;25.67;13.05;0.20;-0.45;0.93;0.00;-0.49;0.24;0.16;0.18;0.95;0.00;-0.61;0.00;0.00;-0.23;1.02;1.65;0.91;1.34;0.04;0.59;0.79;0.49;0.00;0.37;-0.15;0.13;-0.98;
-61.40;53.17;92.32;-0.11;-1.02;0.48;2.01;-1.65;-3.29;0.11;-0.06;-0.98;11.04;-6.34;-7.50;0.10;-0.47;0.94;0.55;0.06;-0.30;0.17;0.17;0.96;2.99;0.30;0.49;-0.01;-0.24;1.01;-1.83;-0.30;1.71;0.04;0.60;0.80;-0.43;0.91;0.00;-0.15;0.13;-0.98;
46.77;152.07;-35.30;0.23;-1.57;1.21;2.87;0.18;-0.12;0.11;-0.06;-0.99;-81.40;24.02;65.12;0.16;-0.52;0.90;-5.98;-0.67;1.28;0.14;0.19;0.94;-18.17;-2.20;2.87;-0.01;-0.23;0.99;4.88;2.26;1.16;0.04;0.60;0.78;1.95;0.12;-0.98;-0.15;0.13;-0.96;
-137.50;-468.29;-370.67;0.49;-0.98;0.25;1.34;0.24;0.85;0.09;-0.06;-0.99;-2.38;1.10;-0.73;0.10;-0.52;0.88;0.24;-0.30;1.16;0.15;0.19;0.97;-8.66;2.07;0.43;0.02;-0.24;1.01;0.49;1.22;1.22;0.04;0.59;0.78;0.55;0.00;0.55;-0.16;0.13;-0.98;
41.59;76.34;48.41;-0.61;-0.82;-1.24;-0.49;0.18;0.24;0.08;-0.05;-1.00;1.52;-1.77;-1.40;0.10;-0.52;0.86;0.37;-0.30;-0.18;0.15;0.18;0.97;0.24;-0.06;0.37;0.01;-0.24;1.01;-0.79;0.73;1.71;0.03;0.59;0.79;0.18;-0.30;0.18;-0.16;0.13;-0.98;
-71.22;289.94;412.32;0.39;-1.71;0.33;0.91;0.55;0.18;0.08;-0.06;-0.99;-3.60;1.16;0.00;0.10;-0.51;0.87;1.22;-0.73;-0.24;0.15;0.18;0.96;0.30;-0.18;0.12;0.00;-0.25;1.00;0.18;0.91;1.34;0.03;0.59;0.80;0.67;0.00;-0.37;-0.16;0.13;-0.98;
10.49;18.23;-7.32;-0.06;-1.22;0.02;0.55;0.12;0.55;0.09;-0.07;-1.00;-0.79;0.37;-1.10;0.10;-0.52;0.87;-0.30;-0.24;0.37;0.15;0.19;0.97;0.18;-0.55;0.49;0.01;-0.25;1.01;0.24;0.67;1.52;0.04;0.59;0.79;0.49;0.18;-0.37;-0.15;0.13;-0.98;
-86.22;-318.11;-317.26;0.52;-2.00;1.18;-0.06;0.18;0.37;0.09;-0.07;-1.00;0.00;0.06;-0.73;0.10;-0.53;0.87;0.30;-0.79;0.18;0.14;0.18;0.96;0.06;-0.37;0.49;0.01;-0.25;1.01;-0.49;0.67;1.04;0.03;0.59;0.79;-0.61;0.12;0.06;-0.16;0.13;-0.97;
-24.02;-411.10;-382.87;-0.15;0.18;-0.87;0.98;0.24;-0.06;0.09;-0.07;-1.00;0.73;0.12;-0.91;0.11;-0.52;0.87;-0.30;-0.49;0.06;0.14;0.19;0.96;-0.12;-0.30;0.49;0.00;-0.24;1.01;0.18;0.37;1.65;0.04;0.59;0.79;0.18;0.00;-0.18;-0.16;0.13;-0.98;
-86.95;239.63;-286.04;-0.05;-0.16;0.46;27.26;35.91;-1.77;0.09;-0.10;-0.79;-82.26;36.83;8.17;0.07;-0.59;0.72;-0.61;0.18;-0.06;0.10;0.20;0.97;7.20;3.54;2.44;-0.01;-0.25;0.97;0.18;1.65;1.10;0.03;0.59;0.79;-5.37;14.88;1.65;-0.20;0.10;-0.83;
0.37;-0.61;2.62;-0.31;-0.53;-0.74;0.37;0.00;0.30;0.11;-0.06;-0.99;0.67;-0.37;-0.98;0.10;-0.51;0.89;-0.37;-0.30;0.24;0.15;0.18;0.96;0.12;0.06;0.37;0.01;-0.25;1.01;0.06;0.73;1.59;0.03;0.59;0.78;0.18;0.30;0.24;-0.15;0.14;-0.98;
-0.98;0.85;-0.18;-0.33;-0.53;-0.77;-0.06;0.43;0.12;0.12;-0.07;-0.99;0.06;-0.30;-0.91;0.11;-0.50;0.88;0.00;-0.06;0.00;0.15;0.19;0.97;0.55;-0.67;0.24;0.01;-0.24;1.01;-0.12;0.73;1.77;0.03;0.59;0.79;0.18;0.06;0.24;-0.15;0.13;-0.97;
-0.37;0.49;0.30;-0.32;-0.53;-0.79;0.49;-0.06;0.67;0.11;-0.06;-0.99;-0.30;-0.43;-0.98;0.11;-0.51;0.88;0.91;-0.24;0.18;0.15;0.19;0.97;-0.06;-0.18;0.37;-0.00;-0.24;1.01;-0.24;0.73;2.13;0.04;0.60;0.79;0.55;0.18;-0.43;-0.14;0.13;-0.98;
-1.16;-0.79;0.55;-0.32;-0.45;-0.82;0.37;-0.30;0.24;0.12;-0.06;-1.00;-0.06;-0.55;-1.22;0.09;-0.50;0.88;0.67;0.00;-0.06;0.16;0.19;0.97;0.24;-0.67;0.12;0.00;-0.23;1.02;-0.49;1.16;1.65;0.04;0.60;0.78;0.24;0.24;-0.12;-0.16;0.15;-0.98;
-0.67;-0.24;0.30;-0.33;-0.45;-0.83;0.79;0.12;0.06;0.11;-0.07;-1.00;-0.06;-0.73;-1.46;0.10;-0.50;0.89;0.61;-0.61;0.18;0.14;0.18;0.96;-0.24;-0.18;0.00;-0.00;-0.24;1.01;-0.37;0.49;0.91;0.04;0.59;0.79;0.49;-0.30;0.24;-0.15;0.13;-0.97;
-0.85;-0.43;0.18;-0.33;-0.44;-0.83;0.12;0.06;0.24;0.11;-0.07;-0.99;0.18;-0.55;-1.22;0.11;-0.50;0.89;0.55;-0.49;0.37;0.16;0.19;0.96;0.18;-0.18;0.18;-0.01;-0.24;1.02;-0.24;1.28;1.16;0.04;0.60;0.79;0.49;-0.24;-0.06;-0.16;0.14;-0.97;
-1.46;-0.18;-0.18;-0.34;-0.45;-0.82;0.67;0.18;0.06;0.12;-0.06;-1.00;-0.18;-0.37;-1.22;0.10;-0.50;0.89;0.12;-0.24;0.12;0.15;0.19;0.97;0.30;-0.12;0.00;-0.00;-0.24;1.01;0.06;0.24;1.46;0.04;0.60;0.79;0.61;0.00;0.18;-0.15;0.13;-0.98;
-1.22;-0.06;0.18;-0.34;-0.44;-0.82;0.24;0.24;0.24;0.11;-0.07;-1.00;-0.61;-0.37;-1.28;0.11;-0.50;0.88;0.37;-0.67;-0.12;0.15;0.18;0.96;0.49;-0.55;-0.06;-0.00;-0.24;1.02;0.12;0.73;1.22;0.04;0.59;0.79;0.24;0.18;-0.12;-0.15;0.14;-0.98;
-0.06;-0.49;-0.12;-0.34;-0.44;-0.83;0.73;0.73;0.43;0.12;-0.06;-1.00;-0.12;-0.79;-0.91;0.11;-0.50;0.88;0.24;-0.18;0.00;0.14;0.18;0.96;0.06;-0.55;0.43;-0.00;-0.24;1.01;-0.55;0.43;1.34;0.04;0.60;0.79;0.24;0.00;0.06;-0.15;0.13;-0.99;
-0.67;-0.30;-0.12;-0.34;-0.44;-0.83;0.30;0.12;0.18;0.10;-0.06;-0.99;0.55;-0.37;-1.10;0.10;-0.50;0.88;0.43;-0.12;-0.06;0.15;0.18;0.96;0.06;-0.49;0.24;-0.00;-0.25;1.01;0.18;0.73;1.34;0.04;0.60;0.78;0.06;-0.18;-0.37;-0.15;0.13;-0.97;
-0.61;-0.37;-0.43;-0.35;-0.44;-0.83;0.30;0.24;0.24;0.11;-0.07;-0.99;-0.67;-0.06;-0.55;0.10;-0.51;0.88;0.61;-0.37;0.37;0.16;0.18;0.97;0.37;0.00;0.37;0.00;-0.24;1.02;-0.18;0.61;1.22;0.04;0.59;0.79;0.06;0.18;0.00;-0.15;0.13;-0.98;
-0.12;0.55;0.06;-0.34;-0.43;-0.83;-1.22;0.67;-0.12;0.11;-0.07;-0.99;1.89;-1.77;-1.16;0.11;-0.50;0.88;-0.12;-0.24;0.67;0.16;0.19;0.96;0.24;-0.24;0.79;0.01;-0.24;1.02;0.12;0.67;1.40;0.04;0.60;0.79;0.06;0.30;0.06;-0.15;0.13;-0.98;
-0.49;-0.49;0.30;-0.34;-0.43;-0.83;-0.06;-0.24;0.00;0.11;-0.07;-0.99;0.12;-0.18;-1.34;0.11;-0.50;0.88;0.37;-0.55;-0.18;0.15;0.19;0.97;-0.06;-0.73;0.24;0.00;-0.25;1.02;0.73;0.73;1.10;0.03;0.60;0.79;-0.18;0.12;0.43;-0.16;0.14;-0.98;
-0.30;2.26;0.91;-0.34;-0.43;-0.84;1.34;-0.18;0.30;0.12;-0.05;-1.01;0.24;-0.85;-1.28;0.10;-0.51;0.86;1.34;-0.49;-0.12;0.15;0.18;0.98;0.18;-0.43;-0.12;0.00;-0.24;1.01;-0.30;0.30;1.22;0.04;0.60;0.79;0.30;0.06;0.12;-0.16;0.13;-0.97;
-0.98;-0.24;0.43;-0.34;-0.43;-0.82;0.61;0.06;0.55;0.11;-0.07;-0.99;0.30;-0.49;-1.22;0.11;-0.49;0.89;0.98;0.79;0.06;0.15;0.19;0.96;-0.12;-0.73;0.49;-0.01;-0.24;1.01;-0.18;0.79;1.52;0.03;0.59;0.80;0.55;-0.43;0.18;-0.16;0.13;-0.98;
-0.24;-0.37;0.79;-0.34;-0.43;-0.84;0.61;0.43;0.37;0.11;-0.07;-1.00;0.00;-0.24;-1.28;0.10;-0.51;0.88;0.67;-0.67;0.30;0.15;0.19;0.97;0.06;-0.18;0.00;-0.01;-0.25;1.01;-0.06;0.85;2.38;0.05;0.59;0.79;-0.06;0.37;0.37;-0.15;0.13;-0.98;
-0.55;-0.85;0.24;-0.34;-0.43;-0.83;0.24;0.55;0.12;0.10;-0.06;-0.99;0.24;-0.24;-1.22;0.10;-0.50;0.88;1.22;0.00;0.12;0.14;0.19;0.98;-0.06;-0.55;-0.06;-0.00;-0.24;1.02;-0.12;0.49;1.10;0.04;0.60;0.79;-0.12;0.61;0.18;-0.16;0.13;-0.98;
-0.43;0.06;0.06;-0.34;-0.43;-0.82;0.49;0.06;0.24;0.11;-0.07;-0.99;-0.24;-0.61;-1.46;0.10;-0.50;0.89;0.55;-0.12;0.30;0.15;0.18;0.96;-0.06;-0.06;0.73;-0.01;-0.24;1.01;-0.49;0.79;1.65;0.04;0.59;0.78;0.30;0.61;-0.30;-0.15;0.13;-0.98;
-0.12;-0.67;-0.24;-0.34;-0.43;-0.83;-0.18;0.73;0.18;0.11;-0.07;-0.99;-0.12;-0.37;-0.98;0.11;-0.51;0.87;0.18;-0.24;0.06;0.16;0.19;0.97;0.18;-0.06;0.43;-0.01;-0.24;1.02;-0.79;0.37;1.59;0.04;0.61;0.80;0.37;0.18;0.43;-0.15;0.14;-0.98;
-0.24;-0.30;0.37;-0.34;-0.43;-0.83;0.67;0.61;0.06;0.12;-0.06;-1.00;0.43;-0.30;-1.16;0.11;-0.50;0.88;0.61;-0.43;0.00;0.15;0.19;0.97;0.18;0.12;0.49;0.00;-0.24;1.00;-0.30;0.73;1.16;0.03;0.59;0.78;0.18;-0.37;-0.24;-0.15;0.13;-0.98;
-0.67;-0.61;0.49;-0.34;-0.43;-0.84;0.24;0.55;0.00;0.11;-0.07;-1.00;0.24;-0.61;-0.73;0.11;-0.49;0.89;0.49;-0.12;-0.18;0.15;0.19;0.97;0.30;-0.24;0.30;-0.00;-0.24;1.01;-0.30;0.79;1.28;0.04;0.60;0.79;0.12;0.06;0.49;-0.15;0.13;-0.98;
-0.79;0.24;0.06;-0.34;-0.43;-0.84;0.43;0.00;-0.18;0.11;-0.06;-1.00;0.12;-0.73;-1.10;0.11;-0.50;0.88;0.79;-0.55;0.00;0.15;0.19;0.95;0.24;-0.06;0.06;-0.01;-0.24;1.02;-0.30;0.24;1.46;0.04;0.59;0.79;0.12;0.30;0.00;-0.15;0.13;-0.98;
-0.61;-0.24;0.43;-0.34;-0.43;-0.83;0.24;-0.24;-0.06;0.11;-0.07;-0.99;-0.49;-0.12;-0.91;0.10;-0.50;0.88;0.18;-0.61;0.00;0.15;0.19;0.97;0.30;-0.55;0.18;-0.01;-0.23;1.02;-0.30;0.85;0.98;0.04;0.60;0.79;0.43;-0.12;0.00;-0.15;0.13;-0.98;
-0.37;0.30;-0.06;-0.35;-0.43;-0.82;0.49;0.37;0.18;0.11;-0.07;-0.99;0.43;-0.85;-0.73;0.11;-0.50;0.88;0.55;-0.67;0.67;0.15;0.19;0.97;0.24;0.06;0.85;-0.00;-0.24;1.01;-0.43;0.98;1.28;0.04;0.60;0.79;-0.18;0.43;-0.06;-0.16;0.14;-0.98;
0.00;-0.18;0.24;-0.33;-0.43;-0.83;0.43;0.12;0.24;0.12;-0.06;-0.99;0.30;-0.43;-0.79;0.10;-0.49;0.87;0.73;-0.12;0.37;0.15;0.18;0.95;0.43;-0.18;0.00;0.00;-0.24;1.01;-0.49;0.55;1.22;0.04;0.59;0.80;0.00;0.79;-0.61;-0.15;0.14;-0.99;
-0.24;0.43;-0.12;-0.34;-0.42;-0.83;-0.37;0.06;-0.06;0.12;-0.06;-1.00;-0.30;-0.37;-1.34;0.11;-0.49;0.89;0.30;-0.73;0.06;0.15;0.18;0.96;-0.12;-0.43;0.12;0.01;-0.24;1.01;0.24;0.79;1.22;0.03;0.60;0.79;0.61;-0.24;-0.06;-0.15;0.14;-0.97;
-0.73;-0.12;-0.61;-0.34;-0.43;-0.84;0.49;0.00;-0.12;0.11;-0.07;-0.99;-0.24;-0.24;-1.40;0.10;-0.51;0.88;0.43;-0.12;0.37;0.15;0.19;0.97;0.55;-0.85;0.12;0.01;-0.24;1.01;0.06;0.61;1.59;0.04;0.60;0.79;0.37;-0.18;-0.30;-0.16;0.14;-0.97;
-0.43;0.37;0.24;-0.33;-0.42;-0.83;0.43;0.30;0.49;0.11;-0.07;-1.00;0.06;-0.55;-0.73;0.11;-0.50;0.88;0.49;-0.37;0.06;0.15;0.18;0.97;0.61;-0.49;0.00;-0.00;-0.24;1.02;-0.12;0.67;1.46;0.04;0.60;0.79;0.73;0.06;0.37;-0.15;0.13;-0.98;
-0.49;-0.12;0.12;-0.33;-0.42;-0.84;0.37;0.24;-0.12;0.11;-0.06;-1.00;0.18;-0.55;-1.04;0.10;-0.51;0.88;0.24;-0.24;0.18;0.15;0.18;0.98;0.37;-0.18;0.43;-0.00;-0.24;1.01;0.30;0.73;1.71;0.04;0.59;0.79;0.30;-0.61;0.06;-0.15;0.14;-0.98;
-0.24;-0.24;0.18;-0.35;-0.43;-0.84;0.73;0.49;0.73;0.10;-0.07;-1.00;-0.24;-0.37;-0.79;0.11;-0.51;0.89;0.12;-0.37;0.12;0.15;0.18;0.97;0.24;-0.12;0.30;0.01;-0.24;1.01;-0.24;1.65;1.65;0.05;0.59;0.79;0.06;0.24;0.06;-0.15;0.13;-0.98;
-0.30;0.12;0.12;-0.34;-0.42;-0.83;-0.18;0.49;0.43;0.11;-0.07;-0.99;0.73;-0.73;-0.85;0.10;-0.50;0.88;0.37;-0.30;-0.06;0.15;0.18;0.96;0.37;-0.24;0.06;0.00;-0.24;1.01;-0.06;0.24;1.89;0.04;0.60;0.79;-0.24;-0.06;-0.06;-0.16;0.13;-0.97;
-0.55;0.24;-0.30;-0.34;-0.42;-0.82;0.12;0.24;0.30;0.11;-0.06;-0.99;0.18;-0.12;-0.85;0.11;-0.50;0.88;0.37;-0.30;0.06;0.15;0.18;0.96;0.06;-0.49;0.61;-0.01;-0.24;1.01;-0.37;0.37;1.28;0.03;0.58;0.79;0.06;0.79;-0.24;-0.15;0.13;-0.98;
-0.24;0.37;0.61;-0.34;-0.43;-0.85;0.49;0.00;0.30;0.12;-0.06;-0.99;-0.24;-0.37;-0.43;0.11;-0.50;0.88;0.30;-0.67;0.12;0.15;0.19;0.97;0.12;-0.12;-0.24;-0.00;-0.24;1.01;-0.79;0.49;1.52;0.04;0.59;0.79;0.73;-0.98;0.00;-0.16;0.14;-0.97;
-0.24;0.18;-0.06;-0.35;-0.42;-0.83;0.67;0.18;-0.12;0.11;-0.07;-0.99;-0.61;-0.37;-0.73;0.10;-0.49;0.88;0.00;-0.61;0.12;0.15;0.19;0.97;0.24;-0.37;0.43;0.00;-0.25;1.01;-0.43;0.43;1.59;0.04;0.59;0.79;0.55;-0.73;-0.55;-0.15;0.14;-0.97;
-0.43;-0.61;0.06;-0.34;-0.42;-0.83;1.89;0.43;0.73;0.11;-0.06;-0.98;1.22;-0.79;-1.22;0.11;-0.49;0.88;0.55;-0.61;-0.12;0.15;0.18;0.96;0.00;-0.43;0.00;-0.00;-0.25;1.01;0.12;0.61;1.65;0.05;0.59;0.80;0.06;-0.24;0.06;-0.16;0.13;-0.98;
-0.30;-0.18;0.18;-0.34;-0.43;-0.84;0.43;0.12;0.91;0.11;-0.07;-0.99;0.30;-0.18;-0.43;0.10;-0.50;0.89;1.28;0.06;0.61;0.16;0.19;0.95;0.06;-0.30;0.12;0.01;-0.24;1.02;0.43;0.55;1.59;0.04;0.59;0.79;0.24;0.37;0.18;-0.16;0.13;-0.98;
-0.49;0.06;-0.24;-0.35;-0.42;-0.83;0.24;0.67;0.55;0.11;-0.06;-0.99;0.12;-0.18;-0.98;0.10;-0.50;0.88;1.04;-0.37;0.85;0.15;0.20;0.97;0.30;-0.30;0.43;-0.00;-0.24;1.01;-0.30;0.12;1.40;0.03;0.60;0.80;0.24;-0.30;0.24;-0.15;0.13;-0.98;
-0.12;0.06;-0.49;-0.35;-0.42;-0.83;0.61;-0.12;0.00;0.11;-0.07;-0.99;0.24;-0.79;-1.16;0.09;-0.49;0.90;0.24;-0.30;0.12;0.16;0.19;0.97;0.30;-0.43;0.00;-0.01;-0.24;1.01;0.00;0.49;1.22;0.04;0.60;0.78;-0.06;-0.06;-0.37;-0.15;0.14;-0.98;
-0.43;-0.18;-0.43;-0.35;-0.42;-0.84;-0.06;-0.37;-0.06;0.12;-0.07;-0.99;0.30;-0.67;-1.04;0.10;-0.50;0.89;-0.43;-0.43;-0.06;0.15;0.19;0.97;0.49;-0.24;0.12;-0.00;-0.24;1.01;-0.43;0.61;1.83;0.05;0.59;0.79;0.30;0.12;-0.12;-0.15;0.13;-0.98;
-0.49;-0.12;-0.12;-0.34;-0.42;-0.84;0.43;0.49;0.12;0.11;-0.07;-0.98;-0.06;-0.91;-1.16;0.11;-0.50;0.88;-0.06;-0.61;-0.06;0.15;0.19;0.97;0.06;0.06;0.12;0.01;-0.24;1.01;-0.18;0.91;1.59;0.03;0.59;0.79;0.18;-0.06;-0.24;-0.15;0.13;-0.98;
-0.12;-0.06;-0.12;-0.34;-0.42;-0.83;0.24;0.55;0.18;0.11;-0.06;-1.00;0.06;-0.37;-1.10;0.10;-0.50;0.89;0.43;-0.43;0.18;0.15;0.19;0.97;0.18;-0.24;0.61;-0.00;-0.24;1.02;-0.43;0.85;1.59;0.04;0.59;0.79;0.37;0.00;0.24;-0.15;0.13;-0.98;
-0.55;-0.30;-0.06;-0.35;-0.42;-0.84;0.61;0.49;0.37;0.10;-0.06;-0.99;0.00;-0.67;-1.34;0.11;-0.50;0.88;0.43;-0.73;-0.12;0.16;0.18;0.97;0.18;-0.43;0.43;0.00;-0.24;1.01;0.30;0.98;1.59;0.04;0.60;0.79;-0.12;0.18;-0.06;-0.15;0.14;-0.97;
-0.30;-0.24;-0.24;-0.34;-0.42;-0.84;0.67;0.67;0.24;0.11;-0.06;-0.99;0.24;-0.43;-0.91;0.10;-0.51;0.88;0.67;-0.37;0.24;0.15;0.19;0.96;0.43;-0.24;0.61;0.00;-0.24;1.01;-0.37;0.73;1.77;0.04;0.59;0.78;0.06;-0.30;0.06;-0.15;0.13;-0.98;
-0.67;-0.18;-0.18;-0.34;-0.42;-0.84;0.79;0.55;0.18;0.11;-0.07;-1.00;0.30;-0.73;-1.16;0.10;-0.50;0.88;0.73;-0.43;0.12;0.15;0.19;0.96;0.18;-0.55;0.12;-0.01;-0.24;1.01;0.73;0.55;1.16;0.03;0.59;0.79;-0.24;-0.18;0.18;-0.16;0.14;-0.98;
-0.18;-0.18;0.12;-0.35;-0.42;-0.83;0.91;0.79;0.00;0.11;-0.07;-0.99;0.12;-0.43;-0.85;0.11;-0.50;0.88;1.04;-0.24;-0.06;0.15;0.19;0.97;0.06;-0.37;0.24;0.00;-0.25;1.01;0.00;1.10;1.52;0.04;0.59;0.79;0.00;-0.06;-0.06;-0.15;0.14;-0.98;
-0.18;-0.06;-0.06;-0.34;-0.42;-0.84;0.67;-0.06;0.12;0.11;-0.06;-0.99;0.06;-0.61;-0.91;0.11;-0.50;0.88;0.00;-0.30;0.43;0.15;0.19;0.96;0.43;-0.24;0.12;-0.00;-0.24;1.01;-0.43;0.79;1.28;0.03;0.60;0.79;0.00;-0.12;-0.18;-0.15;0.14;-0.98;
-0.43;0.12;0.49;-0.34;-0.42;-0.84;0.37;0.91;-0.30;0.11;-0.07;-0.99;0.00;-0.24;-0.43;0.11;-0.50;0.88;0.79;-0.24;0.18;0.16;0.18;0.96;0.37;-0.12;0.30;-0.01;-0.24;1.01;0.00;0.61;1.46;0.04;0.60;0.79;0.12;-0.12;0.30;-0.16;0.14;-0.98;
-0.55;-0.24;0.30;-0.35;-0.42;-0.84;0.30;-0.24;0.12;0.11;-0.07;-0.99;-0.49;-0.24;-1.40;0.11;-0.49;0.88;0.12;-1.04;0.00;0.15;0.18;0.96;0.37;-0.67;-0.67;-0.01;-0.24;1.02;-0.67;0.85;1.40;0.04;0.60;0.79;0.00;-0.12;0.49;-0.15;0.13;-0.97;
-0.37;-0.06;0.24;-0.34;-0.42;-0.84;0.67;0.49;0.43;0.11;-0.07;-0.99;-0.79;-0.24;-1.16;0.10;-0.49;0.88;-0.12;-0.18;0.24;0.15;0.18;0.97;0.61;-0.37;0.06;0.00;-0.25;1.00;0.18;0.55;1.52;0.03;0.60;0.78;0.24;-0.06;-0.06;-0.16;0.14;-0.98;
-0.61;-0.37;-0.18;-0.35;-0.42;-0.83;-0.18;0.12;0.18;0.11;-0.07;-1.00;-0.18;-0.67;-1.46;0.09;-0.50;0.89;0.37;-0.37;0.00;0.16;0.18;0.96;0.43;0.06;0.06;-0.00;-0.24;1.02;-0.24;0.37;1.65;0.04;0.59;0.78;0.06;0.55;0.30;-0.14;0.14;-0.98;
-0.73;-0.06;0.00;-0.33;-0.43;-0.84;0.24;0.61;0.12;0.12;-0.06;-0.99;0.12;-0.24;-0.98;0.10;-0.50;0.88;0.30;-0.24;0.12;0.15;0.19;0.96;0.43;0.24;0.49;-0.00;-0.24;1.02;-0.30;0.67;1.46;0.04;0.60;0.79;0.24;0.30;-0.37;-0.15;0.13;-0.97;
0.00;-0.12;0.18;-0.34;-0.42;-0.83;0.79;0.24;0.67;0.11;-0.06;-1.00;0.30;-0.49;0.00;0.10;-0.51;0.88;0.24;-0.55;0.06;0.15;0.18;0.96;0.61;-0.43;-0.06;0.01;-0.24;1.02;-0.49;1.04;1.34;0.04;0.60;0.79;0.37;0.24;0.06;-0.15;0.14;-0.98;
-0.85;-0.24;-0.06;-0.35;-0.42;-0.83;0.61;0.30;0.37;0.11;-0.07;-1.00;-0.12;-0.61;-0.67;0.10;-0.50;0.87;0.30;-0.61;0.18;0.15;0.19;0.96;0.18;-0.73;0.00;-0.00;-0.24;1.02;-0.18;0.55;2.13;0.04;0.60;0.79;0.61;0.06;-0.12;-0.16;0.14;-0.98;
-0.30;-0.18;-0.12;-0.33;-0.42;-0.83;0.24;0.55;-0.12;0.11;-0.06;-0.99;0.12;-0.49;-1.34;0.10;-0.50;0.88;0.49;-0.30;-0.12;0.16;0.18;0.97;0.24;-0.85;0.43;0.00;-0.25;1.02;-0.06;0.85;1.28;0.04;0.60;0.79;-0.24;-0.24;-0.30;-0.16;0.13;-0.98;
-0.79;-0.43;0.12;-0.35;-0.42;-0.84;0.49;0.30;0.55;0.10;-0.07;-0.99;0.18;-0.37;-1.28;0.11;-0.49;0.88;0.24;-0.37;-0.24;0.15;0.19;0.96;0.30;-0.61;0.06;0.00;-0.25;1.02;-0.12;0.61;1.71;0.05;0.60;0.79;0.18;-0.12;0.00;-0.15;0.13;-0.97;
0.06;0.00;0.18;-0.34;-0.42;-0.84;0.06;0.30;0.18;0.11;-0.07;-1.00;0.37;-0.61;-0.91;0.10;-0.51;0.88;0.55;-0.61;0.43;0.16;0.18;0.96;-0.24;-0.67;0.06;0.00;-0.24;1.02;-0.73;1.10;1.46;0.04;0.60;0.79;0.18;0.24;-0.24;-0.15;0.13;-0.98;
-0.79;-0.55;-0.06;-0.34;-0.42;-0.84;0.18;1.04;-0.06;0.11;-0.06;-0.99;0.43;-0.49;-1.28;0.11;-0.50;0.89;0.43;0.00;-0.49;0.15;0.19;0.97;-0.24;-0.73;0.24;-0.01;-0.24;1.02;0.00;0.73;1.65;0.04;0.60;0.80;-0.12;0.18;-0.43;-0.15;0.13;-0.98;
0.24;-0.18;0.00;-0.34;-0.41;-0.84;0.67;-0.37;-0.06;0.11;-0.07;-0.99;-0.61;-0.06;-0.43;0.10;-0.49;0.89;-0.06;-0.43;0.37;0.15;0.19;0.97;0.37;-0.24;0.43;0.01;-0.24;1.02;-0.49;0.79;1.52;0.04;0.59;0.79;-0.61;0.12;0.12;-0.16;0.14;-0.98;
-0.24;-0.49;-0.43;-0.35;-0.42;-0.83;0.55;0.24;-0.06;0.11;-0.07;-1.00;0.18;-0.85;-1.83;0.11;-0.50;0.89;0.24;-0.85;0.18;0.14;0.18;0.96;0.30;-0.18;0.18;-0.01;-0.24;1.01;0.00;0.43;1.46;0.04;0.60;0.79;0.00;0.37;0.12;-0.15;0.13;-0.98;
-0.67;-0.12;-0.12;-0.34;-0.42;-0.83;0.73;0.49;-0.06;0.11;-0.06;-0.99;0.67;-0.43;-0.91;0.11;-0.50;0.88;0.43;-0.30;0.00;0.15;0.18;0.97;0.24;-0.18;-0.12;0.01;-0.24;1.01;0.00;1.16;1.83;0.03;0.61;0.79;0.37;0.18;-0.12;-0.16;0.13;-0.97;
-0.24;-0.43;0.24;-0.34;-0.41;-0.83;0.37;-0.12;0.00;0.12;-0.06;-1.00;0.00;-0.18;-0.73;0.11;-0.50;0.88;0.85;-0.49;0.37;0.14;0.19;0.95;0.37;-0.55;0.30;0.00;-0.24;1.01;-0.12;1.10;0.98;0.04;0.60;0.79;0.24;0.18;0.67;-0.15;0.13;-0.98;
-0.24;-0.61;-0.06;-0.34;-0.42;-0.84;-0.12;0.49;0.24;0.11;-0.07;-0.99;0.24;-0.43;-0.98;0.10;-0.50;0.88;0.85;-0.18;0.12;0.14;0.19;0.97;0.06;-0.55;0.37;0.00;-0.24;1.02;0.00;0.73;1.95;0.03;0.60;0.78;0.00;-0.18;-0.06;-0.15;0.14;-0.96;
0.12;-0.12;-0.06;-0.35;-0.41;-0.83;0.37;0.37;-0.12;0.11;-0.06;-0.99;0.61;-0.73;-0.85;0.10;-0.51;0.89;0.61;0.12;0.00;0.15;0.18;0.96;0.43;-0.61;0.43;0.00;-0.24;1.00;0.24;0.79;1.77;0.04;0.59;0.79;0.67;0.00;0.24;-0.14;0.14;-0.98;
-0.18;-0.24;0.06;-0.34;-0.42;-0.84;0.12;0.30;-0.12;0.12;-0.07;-0.99;-0.43;-0.30;-0.49;0.10;-0.50;0.89;0.55;-0.67;-0.12;0.15;0.19;0.97;-0.30;-0.12;0.37;-0.01;-0.24;1.01;-0.12;0.30;0.73;0.04;0.59;0.79;0.43;0.37;-0.37;-0.15;0.13;-0.98;
-0.24;-0.18;0.30;-0.35;-0.41;-0.84;0.18;-0.12;0.18;0.12;-0.06;-0.99;-0.18;0.00;-1.04;0.11;-0.50;0.89;0.73;-0.37;-0.30;0.14;0.19;0.96;0.37;-0.73;0.49;0.00;-0.24;1.01;0.37;0.91;1.65;0.04;0.59;0.80;0.12;0.12;-0.12;-0.15;0.13;-0.98;
-0.49;-0.12;0.49;-0.34;-0.42;-0.84;0.24;0.18;0.00;0.12;-0.06;-0.99;0.06;-0.79;-0.73;0.10;-0.50;0.88;0.61;-0.55;0.00;0.14;0.19;0.97;0.49;-0.79;0.18;-0.00;-0.24;1.02;-0.18;0.79;1.16;0.05;0.60;0.79;-0.18;0.00;0.37;-0.16;0.14;-0.98;
-0.18;-0.24;0.49;-0.34;-0.41;-0.84;0.73;-0.12;0.30;0.11;-0.06;-0.99;0.00;-1.04;-1.04;0.11;-0.50;0.88;1.04;-0.43;-0.06;0.15;0.19;0.97;0.06;-0.30;0.85;-0.00;-0.25;1.01;-0.49;0.61;1.59;0.04;0.59;0.79;-0.12;0.67;-0.18;-0.14;0.13;-0.97;
-0.91;0.06;-0.12;-0.34;-0.41;-0.83;0.85;-0.06;0.06;0.10;-0.06;-1.00;-0.61;-0.79;-0.98;0.11;-0.50;0.88;0.24;-0.49;0.18;0.15;0.19;0.97;0.12;-0.12;0.06;-0.00;-0.25;1.01;-0.49;0.61;1.22;0.04;0.59;0.79;-0.06;0.55;0.55;-0.16;0.14;-0.98;
-0.55;-0.12;-0.18;-0.34;-0.42;-0.84;0.24;0.06;-0.18;0.10;-0.07;-0.99;0.30;-0.30;-0.85;0.10;-0.51;0.89;-0.12;-0.67;0.49;0.14;0.19;0.97;0.24;-0.24;0.18;0.00;-0.24;1.02;0.18;0.43;2.20;0.03;0.58;0.80;0.18;0.00;-0.43;-0.15;0.14;-0.98;
-0.67;-0.37;0.06;-0.35;-0.42;-0.83;0.12;0.61;0.00;0.11;-0.06;-0.99;-0.43;-0.61;-1.16;0.10;-0.48;0.88;-0.06;-0.12;0.06;0.15;0.20;0.97;0.37;-0.06;0.43;-0.00;-0.24;1.02;-0.18;0.24;1.71;0.04;0.60;0.79;0.06;0.12;-0.18;-0.15;0.13;-0.98;
0.06;-0.06;-0.18;-0.34;-0.41;-0.85;-0.06;0.18;-0.30;0.11;-0.06;-0.99;-0.18;-0.06;-1.04;0.10;-0.50;0.88;-0.30;-1.04;0.24;0.15;0.19;0.97;0.12;-0.43;0.30;0.01;-0.24;1.01;-0.06;0.55;1.89;0.04;0.59;0.79;0.12;-0.55;-0.30;-0.16;0.13;-0.99;
-0.12;-0.18;0.37;-0.34;-0.41;-0.83;0.43;-0.18;0.18;0.11;-0.07;-1.00;0.30;0.00;-1.04;0.10;-0.50;0.89;0.18;-0.30;-0.12;0.14;0.19;0.96;0.18;-0.85;-0.24;0.00;-0.25;1.02;-0.12;0.37;1.28;0.04;0.60;0.79;0.00;0.24;-0.18;-0.15;0.14;-0.99;
-0.73;0.06;0.24;-0.34;-0.42;-0.84;0.24;0.24;0.43;0.11;-0.07;-0.99;0.18;-0.43;-1.52;0.11;-0.50;0.88;0.30;-0.85;-0.18;0.15;0.18;0.97;0.37;-0.06;0.37;0.00;-0.24;1.01;-0.06;0.85;1.65;0.04;0.61;0.79;0.24;-0.30;0.55;-0.15;0.14;-0.98;
-0.30;-0.18;-0.12;-0.34;-0.42;-0.84;0.18;0.24;0.06;0.11;-0.06;-0.99;-0.24;-0.49;-0.91;0.10;-0.50;0.89;0.37;-0.18;0.73;0.16;0.19;0.96;0.55;-0.43;-0.12;-0.00;-0.24;1.02;0.00;0.91;1.10;0.04;0.60;0.79;0.24;0.49;-0.06;-0.16;0.14;-0.98;
-0.18;-0.24;0.18;-0.35;-0.42;-0.84;0.37;0.18;0.30;0.12;-0.07;-0.99;0.24;-0.12;-1.40;0.11;-0.50;0.88;0.61;-0.37;0.24;0.15;0.19;0.96;0.30;-0.61;0.00;-0.00;-0.25;1.02;-0.24;0.91;1.16;0.04;0.60;0.80;-0.06;0.24;0.00;-0.15;0.13;-0.99;
-0.91;-0.73;-0.06;-0.33;-0.42;-0.83;0.49;0.00;-0.30;0.11;-0.06;-0.99;-0.06;-0.55;-0.91;0.11;-0.51;0.88;0.49;-0.18;-0.06;0.15;0.19;0.97;0.12;-0.55;0.24;0.00;-0.25;1.02;-0.73;0.61;1.40;0.04;0.59;0.79;0.12;-0.24;0.24;-0.15;0.14;-0.98;
-0.24;0.06;0.37;-0.35;-0.41;-0.84;0.43;-0.18;-0.12;0.11;-0.06;-0.99;-0.30;-0.43;-1.34;0.10;-0.50;0.88;0.30;-0.49;-0.18;0.15;0.19;0.98;0.49;-0.30;0.67;-0.01;-0.25;1.01;0.30;0.85;1.52;0.04;0.60;0.78;0.37;0.12;0.37;-0.15;0.13;-0.98;
-0.18;-0.24;-0.12;-0.34;-0.41;-0.84;0.73;0.61;0.18;0.11;-0.06;-0.99;0.00;-0.61;-1.34;0.10;-0.50;0.88;0.37;-0.24;0.00;0.15;0.19;0.96;0.55;-0.18;0.24;-0.01;-0.24;1.00;-0.30;0.73;1.52;0.03;0.59;0.79;0.30;0.06;0.24;-0.16;0.13;-0.98;
-0.30;0.49;0.55;-0.34;-0.42;-0.84;0.18;0.00;0.43;0.11;-0.06;-0.99;0.37;-0.43;-1.28;0.10;-0.50;0.89;0.24;-0.49;0.24;0.15;0.19;0.96;0.55;-0.55;0.43;-0.01;-0.24;1.02;-0.43;0.85;1.28;0.03;0.59;0.79;0.06;0.30;0.49;-0.16;0.14;-0.99;
-0.24;-0.37;0.06;-0.35;-0.41;-0.84;0.18;0.55;0.30;0.12;-0.07;-0.99;0.18;-0.12;-0.98;0.10;-0.50;0.88;0.30;-0.12;0.24;0.14;0.19;0.97;-0.06;-0.18;0.49;0.01;-0.23;1.02;-1.16;0.37;2.13;0.04;0.59;0.79;0.49;-0.06;0.12;-0.16;0.13;-0.98;
-1.10;-0.18;-0.06;-0.35;-0.41;-0.84;0.43;0.24;0.30;0.11;-0.06;-1.00;-0.18;-0.79;-1.28;0.10;-0.50;0.88;0.61;-0.37;0.24;0.14;0.19;0.98;0.18;-0.85;0.43;0.00;-0.24;1.01;-0.37;0.37;1.40;0.04;0.58;0.80;0.06;-0.30;-0.55;-0.17;0.12;-0.98;
-0.49;-0.30;-0.06;-0.34;-0.42;-0.83;0.43;0.00;0.12;0.11;-0.07;-0.99;0.12;-0.91;-1.40;0.11;-0.50;0.88;3.48;-3.41;2.32;0.11;0.22;0.98;-0.55;-0.30;0.37;-0.01;-0.24;1.02;0.49;0.55;1.34;0.04;0.60;0.79;15.55;-28.96;-3.90;-0.13;0.22;-1.03;
3.48;0.43;-0.30;-0.32;-0.40;-0.85;1.28;0.37;0.49;0.11;-0.07;-0.99;-2.62;4.76;3.11;0.04;-0.56;0.85;0.49;-0.24;0.37;0.16;0.19;0.96;-0.12;-2.87;3.23;0.00;-0.26;1.12;-0.49;-0.18;1.10;0.04;0.60;0.80;-0.12;0.12;-1.95;-0.18;0.19;-0.95;
0.91;-2.93;-0.06;-0.31;-0.40;-0.86;-9.51;-2.80;-4.94;0.09;-0.14;-1.00;11.22;-9.39;-7.62;0.05;-0.56;0.85;0.61;1.71;0.24;0.17;0.19;0.96;2.93;-1.04;0.12;0.00;-0.24;1.02;-0.61;1.10;1.52;0.03;0.59;0.79;0.30;-0.85;0.43;-0.16;0.13;-0.98;
-6.04;3.11;-20.67;-0.40;-0.42;-0.68;-2.13;-0.43;-13.90;0.13;-0.06;-0.98;-1.16;-4.09;7.50;0.08;-0.55;0.84;17.38;7.62;20.85;0.09;0.29;0.93;-7.32;1.52;1.40;-0.00;-0.23;1.01;1.83;1.28;1.04;0.04;0.61;0.78;9.63;-10.37;-3.11;-0.22;0.14;-1.08;
5.18;20.30;-35.67;-0.15;-0.45;-0.99;4.88;0.37;4.15;0.05;-0.08;-1.01;-120.43;76.52;29.51;0.12;-0.47;1.00;-4.63;-3.05;-3.60;0.13;0.22;0.95;0.73;-0.30;0.55;-0.01;-0.23;1.02;-0.37;0.37;1.10;0.04;0.61;0.78;0.43;0.18;-0.24;-0.19;0.14;-0.98;
1.46;-5.18;12.80;-0.16;-0.45;-0.89;2.32;0.06;0.73;0.07;-0.07;-1.00;-0.12;-0.18;-2.01;0.01;-0.52;0.86;0.43;-0.85;0.06;0.17;0.17;0.97;-0.06;-0.18;0.37;-0.00;-0.24;1.01;-0.98;0.18;1.28;0.05;0.60;0.80;-1.59;0.67;0.12;-0.19;0.15;-0.93;
19.33;-89.39;51.34;-0.19;-0.46;-1.19;64.63;-18.29;-21.46;0.07;-0.11;-0.88;-25.37;23.66;12.74;-0.00;-0.41;0.98;-2.20;-22.68;9.82;0.02;0.29;0.93;7.44;16.59;0.37;0.06;-0.25;1.19;0.37;2.20;2.13;0.02;0.62;0.74;-8.54;10.18;3.11;-0.20;0.14;-0.99;
-0.55;-0.12;-0.24;-0.23;-0.40;-0.90;0.91;0.79;-0.18;0.04;-0.08;-1.00;0.73;-0.85;-0.67;0.13;-0.46;0.91;0.61;-0.24;-0.30;0.15;0.18;0.96;0.24;-0.30;0.12;-0.01;-0.25;1.02;-0.55;1.16;1.52;0.04;0.61;0.78;0.00;0.12;0.49;-0.20;0.15;-0.96;
1.22;-0.06;-0.61;-0.22;-0.40;-0.87;0.43;0.12;0.37;0.05;-0.09;-0.99;-0.79;-0.43;-1.65;0.14;-0.47;0.90;0.79;-0.67;-0.12;0.16;0.19;0.96;0.49;-0.24;0.37;-0.01;-0.24;1.02;0.00;0.85;1.52;0.04;0.62;0.78;0.06;0.24;0.37;-0.20;0.13;-0.97;
-0.30;-0.30;0.30;-0.23;-0.39;-0.89;0.12;0.18;-0.55;0.04;-0.09;-1.00;-0.37;-0.85;-1.16;0.13;-0.47;0.89;0.24;-0.79;-0.18;0.16;0.19;0.97;0.06;-0.06;0.49;0.00;-0.24;1.02;-0.49;0.79;1.16;0.03;0.61;0.77;0.06;-0.06;-0.37;-0.20;0.14;-0.97;
-0.30;-0.37;0.12;-0.22;-0.39;-0.88;0.55;0.43;0.18;0.04;-0.10;-1.00;-0.30;-0.18;-0.79;0.13;-0.46;0.91;0.67;-0.61;-0.18;0.17;0.18;0.96;0.24;-0.30;0.30;0.01;-0.24;1.01;-0.43;0.61;1.34;0.04;0.61;0.78;0.91;-0.06;0.18;-0.20;0.14;-0.97;
-0.67;-0.55;0.12;-0.22;-0.39;-0.90;0.24;0.00;-0.06;0.04;-0.10;-1.00;0.00;-0.18;-0.79;0.13;-0.47;0.90;0.37;-0.12;0.61;0.16;0.19;0.95;0.43;-0.67;0.37;-0.00;-0.24;1.01;-1.10;0.30;1.28;0.03;0.61;0.77;0.06;-0.06;-0.18;-0.20;0.14;-0.98;
-0.06;-0.61;0.12;-0.22;-0.39;-0.89;0.37;0.55;0.37;0.04;-0.09;-1.00;0.18;-0.18;-0.73;0.12;-0.46;0.90;0.49;-0.73;0.18;0.15;0.18;0.95;0.00;-0.18;0.30;0.01;-0.25;1.01;-0.18;1.34;1.65;0.04;0.61;0.78;0.06;0.06;-0.37;-0.20;0.14;-0.97;
-0.49;-0.18;0.37;-0.23;-0.39;-0.90;0.06;0.12;0.18;0.04;-0.10;-0.99;-0.37;-0.30;-1.16;0.12;-0.47;0.89;0.79;-0.73;0.24;0.17;0.18;0.97;0.18;-0.49;0.24;-0.00;-0.25;1.00;-0.24;0.61;1.16;0.04;0.61;0.77;0.30;-0.12;0.30;-0.21;0.15;-0.97;
-0.24;0.06;-0.24;-0.22;-0.38;-0.89;0.00;0.30;0.00;0.04;-0.10;-1.00;-0.18;-0.18;-0.12;0.13;-0.47;0.89;-0.06;-0.85;-0.24;0.17;0.19;0.97;0.18;-0.73;0.12;-0.00;-0.25;1.02;-0.24;1.10;1.16;0.03;0.62;0.78;0.06;0.30;0.12;-0.20;0.14;-0.97;
-1.10;-0.06;0.18;-0.22;-0.38;-0.89;0.55;0.12;0.12;0.04;-0.09;-1.00;0.06;-0.12;-0.98;0.13;-0.47;0.89;0.24;-0.55;0.49;0.16;0.18;0.96;0.24;-0.24;0.12;-0.01;-0.25;1.01;-0.37;1.22;1.40;0.04;0.62;0.77;0.43;-0.24;-0.49;-0.20;0.14;-0.96;
-0.79;-0.12;0.06;-0.21;-0.38;-0.90;0.49;0.24;0.18;0.04;-0.10;-0.99;0.12;-0.37;-0.91;0.13;-0.47;0.90;0.18;-1.16;0.00;0.17;0.18;0.97;0.24;-0.79;0.30;-0.00;-0.25;1.02;-0.18;0.79;1.22;0.05;0.63;0.78;-0.06;0.12;-0.06;-0.20;0.14;-0.96;
-0.30;-0.67;0.00;-0.22;-0.39;-0.89;0.30;0.30;-0.12;0.04;-0.09;-1.01;0.00;-0.67;-1.34;0.12;-0.48;0.90;0.73;-0.30;-0.30;0.17;0.18;0.96;0.30;-0.06;0.37;-0.00;-0.24;1.01;-0.37;0.00;1.65;0.04;0.60;0.78;0.43;-0.43;0.18;-0.20;0.14;-0.97;
-0.12;0.06;-0.30;-0.22;-0.38;-0.90;0.24;0.18;0.00;0.04;-0.09;-1.00;-0.37;-0.49;-1.04;0.13;-0.47;0.89;0.24;0.06;-0.06;0.17;0.19;0.96;0.24;-0.37;0.12;-0.01;-0.24;1.01;0.12;0.37;1.28;0.04;0.61;0.77;0.61;0.12;0.24;-0.20;0.13;-0.97;
0.12;0.06;0.18;-0.22;-0.39;-0.90;-0.06;0.43;0.12;0.05;-0.10;-0.99;-0.24;-0.49;-1.16;0.13;-0.47;0.89;0.06;-0.91;0.12;0.16;0.19;0.96;0.43;-0.49;0.49;-0.01;-0.24;1.01;-0.18;0.73;1.71;0.05;0.61;0.77;-0.30;0.24;0.61;-0.20;0.14;-0.97;
-0.67;0.24;0.30;-0.22;-0.39;-0.90;0.43;0.18;-0.06;0.04;-0.10;-1.00;-0.24;-0.67;-0.85;0.12;-0.47;0.89;0.37;-0.37;0.24;0.16;0.19;0.97;0.37;-0.37;0.00;0.00;-0.25;1.01;-0.49;1.10;1.28;0.03;0.62;0.78;0.24;0.18;-0.55;-0.20;0.14;-0.97;
-1.65;0.00;0.18;-0.21;-0.38;-0.90;0.49;0.12;0.00;0.04;-0.09;-1.00;-0.43;-0.12;-0.30;0.13;-0.48;0.91;0.30;-0.43;0.12;0.15;0.18;0.95;0.43;-0.55;0.55;-0.01;-0.24;1.01;-0.06;1.77;1.52;0.04;0.61;0.78;0.30;0.49;-0.06;-0.20;0.13;-0.97;
-0.43;-0.18;0.12;-0.23;-0.38;-0.89;0.30;-0.06;0.18;0.04;-0.10;-1.00;0.24;-1.10;-0.85;0.13;-0.47;0.90;0.12;-0.67;0.24;0.17;0.18;0.95;0.06;-0.37;0.12;0.00;-0.25;1.02;-0.73;0.18;1.65;0.04;0.61;0.78;0.00;-0.12;-0.12;-0.20;0.14;-0.96;
0.24;-0.43;-0.61;-0.21;-0.38;-0.89;-0.85;0.18;0.06;0.05;-0.09;-0.99;0.91;-0.98;-1.40;0.12;-0.46;0.90;0.30;-0.18;-0.49;0.17;0.18;0.97;0.55;-0.30;0.06;0.01;-0.24;1.01;0.30;0.30;1.04;0.03;0.61;0.76;0.18;-0.12;-0.24;-0.20;0.14;-0.96;
-12.80;1.22;0.18;-0.21;-0.33;-0.97;0.06;0.06;0.55;0.05;-0.09;-1.00;0.91;0.00;-0.98;0.13;-0.49;0.90;-0.85;-0.61;-0.18;0.16;0.18;0.97;-3.72;-2.01;-0.37;-0.00;-0.24;1.01;-3.35;0.85;2.32;0.03;0.62;0.77;-0.37;0.43;0.18;-0.20;0.15;-0.98;
27.50;70.37;-39.57;-0.12;-0.39;-0.89;-29.82;3.60;-17.13;0.02;-0.06;-0.89;9.09;-1.59;-0.24;0.07;-0.52;0.87;1.89;0.98;-0.79;0.16;0.19;0.96;0.61;-0.55;-0.24;-0.01;-0.24;1.01;-2.32;0.73;1.52;0.04;0.61;0.77;-3.23;0.98;-1.04;-0.21;0.13;-0.95;
4.51;13.11;-8.23;0.07;-0.49;-0.96;1.40;1.65;0.67;-0.01;-0.24;-0.98;-1.89;-0.06;-0.49;0.18;-0.34;0.96;2.26;0.79;-0.49;0.17;0.17;0.97;0.18;-0.91;0.37;0.01;-0.24;1.01;-0.37;0.91;1.65;0.04;0.57;0.80;0.00;-0.37;0.30;-0.21;0.14;-0.96;
3.60;3.96;-1.34;0.14;-0.49;-0.85;-1.65;-0.61;-0.43;-0.02;-0.22;-0.97;-30.37;19.88;2.26;0.17;-0.40;0.84;-1.77;-2.62;2.74;0.18;0.18;0.95;4.21;-2.56;2.62;-0.00;-0.29;0.97;17.93;14.94;24.45;0.22;0.83;0.73;-23.17;15.61;-14.33;-0.22;0.18;-0.95;
1.40;2.99;42.44;0.03;-0.38;-0.84;-32.38;11.89;9.57;0.03;-0.11;-0.98;29.27;4.33;39.57;0.13;-0.39;0.93;-8.66;2.68;9.45;0.16;0.20;0.92;-0.67;0.06;0.91;-0.01;-0.25;0.96;-7.56;-2.74;1.28;-0.01;0.59;0.79;0.06;-0.18;-0.55;-0.22;0.11;-0.97;
-3.17;4.57;-9.33;0.06;-0.45;-0.89;6.40;-2.74;1.77;-0.05;-0.23;-0.98;13.72;-8.96;-7.07;0.18;-0.28;0.98;1.89;-1.40;-0.30;0.17;0.17;0.97;0.37;0.18;0.30;0.02;-0.25;1.01;-2.32;0.55;1.95;0.04;0.59;0.79;-0.06;0.06;-0.12;-0.21;0.10;-0.96;
7.26;6.04;-1.04;0.13;-0.31;-0.88;1.83;1.34;0.61;-0.05;-0.25;-0.95;-4.88;9.70;2.80;0.23;-0.26;0.97;5.91;-1.40;-1.10;0.16;0.17;0.97;0.18;-0.49;0.37;0.00;-0.24;1.01;0.18;0.91;1.65;0.04;0.59;0.81;0.06;0.37;0.00;-0.21;0.11;-0.97;
-3.96;-2.56;1.65;0.10;-0.40;-0.91;-0.67;0.91;-0.12;-0.06;-0.25;-0.98;-6.89;-2.87;1.59;0.20;-0.29;0.94;0.91;-0.30;0.12;0.17;0.18;0.97;0.49;-0.24;0.00;-0.00;-0.25;1.01;-0.24;1.04;1.52;0.04;0.59;0.79;0.12;0.49;-0.24;-0.21;0.11;-0.96;
1.22;-2.01;2.13;0.10;-0.39;-0.92;0.79;0.00;0.06;-0.04;-0.25;-0.98;5.24;-7.62;-4.02;0.20;-0.27;0.98;0.61;-0.79;0.49;0.17;0.17;0.97;0.49;-0.18;0.37;-0.00;-0.24;1.02;-2.80;1.10;1.65;0.04;0.59;0.79;0.67;0.12;0.30;-0.22;0.12;-0.97;
-1.65;-2.56;0.00;0.11;-0.40;-0.90;0.61;0.24;0.06;-0.05;-0.25;-0.97;-2.62;3.11;0.61;0.23;-0.26;0.97;1.04;-0.55;0.12;0.18;0.18;0.97;2.38;1.04;0.43;0.00;-0.24;1.01;0.06;1.10;1.59;0.04;0.58;0.81;-1.28;1.52;0.73;-0.21;0.11;-0.96;
2.26;-1.28;-0.24;0.11;-0.41;-0.89;0.67;0.67;0.30;-0.06;-0.24;-0.98;4.94;-2.68;-2.74;0.24;-0.27;0.98;-0.43;-0.73;0.24;0.18;0.17;0.97;-3.90;1.52;0.73;0.01;-0.26;1.01;1.95;1.22;1.83;0.04;0.58;0.81;-0.37;-0.06;-0.12;-0.22;0.11;-0.97;
-4.57;-3.35;1.52;0.13;-0.43;-0.90;2.80;2.20;0.30;-0.06;-0.25;-0.98;-76.83;54.88;16.83;0.09;-0.38;0.84;-2.44;5.12;-8.41;0.21;0.14;0.95;-6.34;2.62;-2.87;-0.03;-0.27;0.93;1.89;2.74;7.68;0.13;0.57;0.76;5.24;0.06;1.65;-0.16;0.09;-0.94;
7.26;-0.79;-2.50;-0.08;-0.49;-0.91;-2.20;0.24;-0.55;0.00;-0.14;-1.00;-0.49;-0.43;-1.83;0.17;-0.41;0.92;1.34;0.24;-0.12;0.16;0.18;0.97;-4.51;-6.77;-2.87;-0.00;-0.25;0.96;-0.98;0.49;1.52;0.04;0.60;0.79;-5.06;4.45;1.65;-0.22;0.11;-0.97;
-0.30;-0.79;0.49;-0.11;-0.40;-0.91;-0.43;0.37;-0.12;0.01;-0.13;-1.00;0.12;-0.61;-1.22;0.18;-0.42;0.92;0.49;-0.12;-0.24;0.15;0.19;0.96;0.24;-0.06;0.00;-0.00;-0.24;1.02;0.61;0.30;1.83;0.04;0.59;0.78;0.12;-0.24;0.18;-0.22;0.11;-0.97;
3.17;-2.74;-0.43;-0.10;-0.40;-0.92;-0.91;0.06;-0.49;0.00;-0.13;-1.00;-19.57;-2.07;-0.49;0.17;-0.40;0.84;-0.98;-1.95;1.16;0.17;0.18;0.96;0.00;-1.22;0.43;-0.01;-0.23;1.02;-0.85;1.10;1.22;0.03;0.60;0.79;0.67;-0.12;-0.06;-0.23;0.11;-0.97;
-0.24;-0.43;0.61;-0.11;-0.40;-0.90;-0.06;-0.06;-0.06;0.01;-0.13;-1.00;-0.12;-0.37;-1.59;0.18;-0.41;0.92;0.43;-0.18;-0.12;0.17;0.19;0.96;0.30;-0.37;-0.12;-0.00;-0.23;1.02;-0.18;0.37;1.83;0.03;0.59;0.78;2.01;-1.28;-0.12;-0.22;0.11;-0.96;
-0.67;-0.49;0.49;-0.11;-0.40;-0.89;0.06;0.24;0.18;0.01;-0.12;-1.00;0.12;-0.37;-0.73;0.18;-0.42;0.91;0.61;-0.73;-0.18;0.17;0.19;0.96;0.73;-0.43;0.12;-0.01;-0.23;1.01;-0.49;0.55;1.22;0.03;0.59;0.78;0.18;-0.06;0.00;-0.21;0.10;-0.96;
-0.73;-0.91;0.12;-0.12;-0.40;-0.90;0.06;0.06;0.61;0.00;-0.12;-1.00;-0.43;-0.79;-1.22;0.18;-0.40;0.93;0.43;-0.24;-0.12;0.16;0.20;0.95;0.49;-0.06;0.37;0.00;-0.23;1.02;0.24;0.49;1.46;0.03;0.60;0.78;0.12;-0.43;0.00;-0.22;0.11;-0.97;
0.00;0.24;0.18;-0.12;-0.40;-0.91;0.98;0.06;0.12;0.02;-0.12;-0.99;-0.67;-0.06;-1.16;0.18;-0.42;0.92;0.24;-0.73;0.37;0.16;0.20;0.96;0.30;0.00;0.37;-0.01;-0.23;1.02;0.00;1.40;1.46;0.03;0.60;0.78;0.37;-0.18;0.06;-0.22;0.11;-0.97;
-0.30;0.06;-0.12;-0.12;-0.39;-0.91;0.18;0.00;-0.24;0.01;-0.12;-1.00;0.30;-0.79;-0.98;0.17;-0.42;0.92;0.24;-0.12;0.00;0.16;0.19;0.96;0.24;-0.73;0.24;0.00;-0.23;1.01;-0.61;0.67;1.77;0.04;0.59;0.79;0.43;0.24;-0.24;-0.23;0.11;-0.97;
0.18;-0.37;0.00;-0.12;-0.40;-0.90;0.43;0.18;0.18;0.01;-0.11;-1.00;0.43;-0.49;-1.16;0.17;-0.41;0.93;0.24;-0.73;-0.12;0.16;0.19;0.96;0.67;-0.61;0.55;-0.01;-0.23;1.02;0.43;0.91;2.01;0.05;0.60;0.79;0.49;0.00;-0.49;-0.22;0.10;-0.97;
-0.30;-0.18;0.30;-0.13;-0.40;-0.90;0.30;-0.18;-0.06;0.01;-0.11;-1.00;0.37;-0.30;-0.73;0.18;-0.42;0.93;-0.06;0.24;-0.18;0.16;0.18;0.96;-0.18;0.00;0.49;0.00;-0.22;1.02;0.12;-0.24;1.52;0.04;0.59;0.80;-0.12;0.06;-0.18;-0.22;0.10;-0.97;
-0.18;-0.24;-0.12;-0.12;-0.40;-0.90;-0.06;0.55;-0.06;0.01;-0.11;-1.00;-0.06;-0.49;-1.40;0.18;-0.42;0.93;-0.06;-0.79;-0.24;0.15;0.20;0.97;0.43;-0.85;0.30;-0.00;-0.22;1.01;0.06;1.10;1.65;0.04;0.61;0.79;-0.12;0.06;0.24;-0.22;0.11;-0.98;
-0.43;-0.30;-0.18;-0.12;-0.40;-0.91;0.30;0.00;0.12;0.01;-0.11;-0.99;-0.06;-0.06;-1.04;0.18;-0.42;0.93;0.00;-0.73;0.18;0.16;0.19;0.96;0.06;-0.18;0.43;-0.01;-0.23;1.01;-0.06;0.06;1.46;0.04;0.61;0.79;0.12;0.30;-0.06;-0.23;0.10;-0.96;
-0.18;-0.43;0.00;-0.12;-0.40;-0.90;0.37;0.12;0.18;0.02;-0.11;-1.00;-0.37;-0.30;-0.85;0.17;-0.42;0.91;0.06;-0.18;0.30;0.16;0.19;0.97;0.49;-0.98;0.18;-0.02;-0.23;1.02;-0.18;0.85;1.40;0.03;0.60;0.79;-0.43;0.18;-0.06;-0.22;0.10;-0.97;
-0.67;0.00;-0.06;-0.12;-0.40;-0.91;0.79;0.37;-0.43;0.01;-0.11;-1.00;0.12;-0.18;-0.79;0.18;-0.42;0.91;0.30;-0.30;-0.24;0.16;0.19;0.97;0.30;-0.06;-0.18;-0.00;-0.23;1.02;-1.04;0.55;1.28;0.04;0.60;0.79;0.12;0.61;-0.67;-0.22;0.11;-0.96;
-0.24;-0.37;0.37;-0.12;-0.40;-0.90;0.37;-0.06;-0.06;0.01;-0.11;-1.01;-0.06;-0.79;-1.46;0.17;-0.42;0.91;0.18;-0.73;-0.30;0.17;0.19;0.96;0.06;-0.55;0.06;0.01;-0.23;1.01;-0.67;0.67;1.65;0.03;0.60;0.78;0.06;0.06;0.12;-0.22;0.10;-0.96;
-0.30;-0.43;-0.49;-0.12;-0.40;-0.90;0.18;0.37;0.43;0.00;-0.11;-1.00;0.55;-0.55;-0.98;0.18;-0.42;0.92;0.37;-0.18;-0.06;0.16;0.18;0.97;0.55;-0.30;0.43;-0.01;-0.23;1.03;-0.55;0.67;1.40;0.03;0.59;0.79;-0.37;-0.24;0.43;-0.22;0.10;-0.97;
0.00;0.61;0.30;-0.13;-0.40;-0.89;0.79;-0.18;0.24;0.01;-0.11;-1.00;0.37;0.12;-0.85;0.18;-0.42;0.92;-0.12;-1.16;0.06;0.17;0.19;0.95;0.30;-0.12;0.00;-0.01;-0.22;1.02;-0.55;-0.18;1.52;0.04;0.60;0.79;0.12;0.06;0.24;-0.22;0.11;-0.97;
-0.37;0.00;-0.24;-0.12;-0.40;-0.91;0.18;0.55;0.37;0.01;-0.12;-1.00;0.37;-0.67;-1.34;0.18;-0.42;0.91;0.98;0.00;0.06;0.16;0.19;0.96;0.37;-0.61;0.37;-0.01;-0.23;1.01;0.43;0.43;1.52;0.04;0.60;0.79;0.43;0.00;0.24;-0.22;0.10;-0.96;
-0.55;-0.37;0.06;-0.13;-0.40;-0.90;0.12;0.37;0.30;0.01;-0.11;-0.99;-0.55;-0.30;-0.91;0.18;-0.42;0.91;0.91;-0.24;0.61;0.16;0.19;0.97;0.18;-0.12;0.18;-0.01;-0.23;1.02;-0.12;1.10;1.95;0.04;0.59;0.79;0.30;0.00;0.00;-0.22;0.11;-0.97;
-0.49;-0.43;-0.18;-0.13;-0.40;-0.90;0.79;0.37;0.37;0.02;-0.10;-1.00;0.12;0.00;-0.73;0.18;-0.42;0.92;-0.12;0.37;0.43;0.16;0.19;0.96;-0.12;-0.61;0.73;-0.01;-0.23;1.02;-0.37;1.04;1.71;0.04;0.60;0.79;0.37;-0.24;-0.18;-0.22;0.10;-0.97;
-0.73;-0.24;0.30;-0.12;-0.40;-0.91;0.24;0.67;0.24;0.01;-0.12;-1.00;0.12;-0.30;-0.91;0.19;-0.42;0.92;0.43;-0.79;0.12;0.16;0.19;0.96;0.24;-0.49;0.43;-0.01;-0.22;1.02;0.12;0.79;2.07;0.04;0.60;0.79;0.18;0.12;-0.24;-0.22;0.11;-0.97;
-0.61;-0.12;0.55;-0.13;-0.40;-0.91;0.67;0.30;-0.06;0.01;-0.11;-0.99;-0.18;-1.04;-1.16;0.19;-0.42;0.92;0.37;-0.49;0.30;0.16;0.19;0.96;0.12;-0.67;0.43;-0.01;-0.23;1.02;-0.12;0.49;1.22;0.04;0.61;0.78;0.06;0.18;-0.12;-0.22;0.10;-0.97;
-0.24;0.06;0.06;-0.12;-0.41;-0.90;0.49;0.30;0.12;0.02;-0.12;-0.99;0.24;0.30;-1.34;0.18;-0.41;0.92;0.49;-0.79;-0.18;0.15;0.19;0.96;0.30;-0.37;0.00;-0.00;-0.23;1.01;-0.30;0.24;1.71;0.04;0.59;0.78;0.00;0.06;0.12;-0.24;0.10;-0.97;
-0.30;-0.12;0.00;-0.13;-0.39;-0.90;0.24;0.37;0.43;0.01;-0.12;-1.01;0.00;-0.37;-1.59;0.17;-0.42;0.91;0.49;-0.73;-0.24;0.16;0.18;0.96;0.24;0.06;0.12;-0.01;-0.23;1.02;0.18;0.73;1.22;0.04;0.60;0.78;0.18;-0.18;-0.12;-0.22;0.10;-0.97;
-0.24;-0.37;-0.18;-0.12;-0.40;-0.90;0.49;0.30;-0.24;0.02;-0.11;-1.00;0.12;-0.24;-1.04;0.18;-0.41;0.92;0.18;-0.91;0.24;0.15;0.19;0.96;0.18;-0.18;0.30;-0.01;-0.23;1.03;0.24;1.10;1.22;0.04;0.60;0.78;0.61;0.30;-0.12;-0.23;0.10;-0.97;
-0.55;0.30;-0.06;-0.12;-0.39;-0.90;0.37;0.49;0.43;0.01;-0.10;-0.99;0.18;-0.55;-1.22;0.18;-0.42;0.92;0.18;-0.18;0.12;0.16;0.18;0.96;0.43;-0.12;0.18;-0.00;-0.22;1.01;-0.12;0.30;1.46;0.04;0.61;0.78;0.06;-0.49;-0.18;-0.23;0.11;-0.96;
-0.43;-0.12;0.30;-0.12;-0.41;-0.90;0.61;0.67;0.12;0.01;-0.11;-1.00;0.12;-0.43;-1.04;0.18;-0.42;0.93;0.61;-0.18;0.06;0.16;0.19;0.96;0.12;-0.24;0.85;-0.01;-0.22;1.02;0.06;0.79;1.46;0.04;0.60;0.79;0.37;0.06;0.12;-0.22;0.10;-0.97;
0.24;-0.18;-0.12;-0.12;-0.40;-0.91;0.85;0.18;0.12;0.01;-0.11;-0.99;-0.24;-0.24;-0.85;0.18;-0.42;0.92;0.55;-0.24;0.30;0.15;0.19;0.96;-0.12;-0.24;0.30;-0.01;-0.23;1.02;0.06;0.49;1.40;0.03;0.60;0.78;0.61;0.18;0.00;-0.22;0.10;-0.97;
-0.79;-0.12;0.12;-0.13;-0.40;-0.91;0.91;0.73;0.06;0.01;-0.10;-1.00;0.06;0.30;-0.91;0.19;-0.43;0.91;0.55;-0.61;0.06;0.16;0.20;0.96;0.00;-0.67;0.37;-0.01;-0.23;1.01;0.06;0.85;1.89;0.03;0.60;0.78;0.24;0.12;0.37;-0.22;0.11;-0.96;
-0.37;-0.06;0.18;-0.12;-0.40;-0.89;0.43;0.18;0.24;0.01;-0.11;-1.00;0.43;-0.49;-1.22;0.18;-0.42;0.93;0.55;-0.43;0.06;0.16;0.19;0.96;0.55;-0.12;0.49;-0.00;-0.23;1.01;-0.18;0.67;0.85;0.04;0.60;0.79;0.24;-0.24;-0.18;-0.23;0.11;-0.97;
-0.49;-0.18;-0.30;-0.12;-0.40;-0.91;0.37;0.30;0.00;0.01;-0.12;-1.00;0.18;-0.43;-0.55;0.18;-0.41;0.92;0.12;-0.30;0.00;0.16;0.19;0.97;-0.43;-0.61;-0.06;-0.00;-0.23;1.02;0.12;0.73;0.98;0.04;0.60;0.79;0.18;-0.06;0.18;-0.23;0.11;-0.96;
0.00;-0.06;-0.30;-0.13;-0.40;-0.90;0.55;0.12;0.30;0.01;-0.11;-1.00;0.00;-0.30;-1.10;0.19;-0.42;0.92;0.91;0.18;0.00;0.16;0.19;0.96;0.37;-0.37;0.73;-0.00;-0.23;1.01;0.06;0.91;1.65;0.04;0.60;0.79;0.37;0.30;0.67;-0.22;0.11;-0.97;
-0.06;-0.12;0.43;-0.13;-0.41;-0.90;0.12;0.43;-0.37;0.01;-0.12;-1.00;0.18;-0.06;-0.85;0.18;-0.42;0.92;0.91;-0.24;0.00;0.15;0.19;0.96;0.30;-0.30;0.18;-0.01;-0.23;1.02;0.00;0.85;1.52;0.05;0.60;0.79;0.06;0.18;-0.49;-0.23;0.11;-0.96;
