0.24;0.43;0.12;0.21;-0.51;-0.83;-0.18;0.06;-1.28;0.38;0.02;0.98;0.67;-0.37;0.00;0.24;0.33;0.92;0.37;-0.55;0.06;-0.12;-0.49;0.90;0.12;0.98;1.22;0.21;0.92;-0.25;0.43;-0.24;-0.06;-0.12;0.15;-0.98;
0.91;0.24;0.30;0.21;-0.51;-0.84;-0.37;-0.61;-1.22;0.38;0.02;0.97;0.37;-0.18;-0.67;0.26;0.34;0.90;0.37;0.00;0.73;-0.12;-0.49;0.90;0.00;0.24;1.46;0.21;0.92;-0.26;0.43;0.00;0.18;-0.11;0.14;-0.99;
0.55;0.30;0.06;0.20;-0.51;-0.84;0.00;-0.49;-0.61;0.38;0.02;0.98;0.30;-0.49;0.06;0.24;0.32;0.90;0.00;-0.73;0.43;-0.12;-0.49;0.90;0.43;0.73;0.67;0.21;0.92;-0.25;0.18;0.12;-0.30;-0.12;0.14;-0.98;
0.79;0.24;0.30;0.21;-0.51;-0.84;0.00;-0.18;-0.98;0.38;0.02;0.98;0.43;-0.06;0.55;0.25;0.32;0.90;0.18;-0.37;0.37;-0.12;-0.49;0.89;-0.37;0.98;2.07;0.21;0.92;-0.26;-0.06;0.12;0.06;-0.11;0.13;-0.98;
0.55;-0.18;0.24;0.20;-0.51;-0.83;-0.24;-0.37;-1.52;0.37;0.03;0.98;0.49;-0.67;0.43;0.25;0.33;0.90;0.18;-0.30;0.18;-0.12;-0.49;0.90;0.18;0.91;1.28;0.20;0.92;-0.26;0.00;0.43;0.37;-0.11;0.14;-0.98;
0.06;1.04;-0.12;0.20;-0.52;-0.83;-0.30;-0.24;-1.16;0.38;0.02;0.97;0.37;-0.49;-0.12;0.25;0.34;0.91;0.43;-0.55;0.61;-0.12;-0.50;0.89;-1.10;0.49;1.59;0.21;0.92;-0.26;-0.30;0.24;0.12;-0.12;0.14;-0.99;
-0.06;0.37;-0.12;0.20;-0.51;-0.84;-0.30;-0.24;-0.91;0.39;0.03;0.98;0.00;-0.43;-0.24;0.24;0.33;0.90;0.37;-0.49;0.18;-0.12;-0.49;0.90;-0.98;0.43;0.61;0.21;0.91;-0.25;-0.37;0.18;-0.37;-0.12;0.13;-0.98;
0.61;-0.12;-0.12;0.20;-0.52;-0.83;0.24;-0.49;-1.46;0.38;0.03;0.97;0.24;-0.73;0.18;0.25;0.32;0.91;0.18;-0.55;0.30;-0.11;-0.49;0.90;0.73;0.43;1.65;0.22;0.92;-0.25;0.55;0.18;0.43;-0.11;0.14;-0.98;
0.12;0.67;0.06;0.21;-0.52;-0.83;0.24;-0.49;-1.10;0.38;0.03;0.97;0.24;-0.79;0.12;0.25;0.32;0.90;0.06;-0.12;0.18;-0.12;-0.50;0.90;-0.18;0.43;1.52;0.21;0.91;-0.26;-0.06;0.06;0.06;-0.11;0.14;-0.97;
0.61;0.37;0.06;0.21;-0.52;-0.83;-0.06;-0.43;-0.91;0.37;0.02;0.97;0.37;-0.37;-0.06;0.25;0.33;0.91;0.24;-0.12;-0.06;-0.12;-0.49;0.90;-0.30;0.85;1.52;0.21;0.91;-0.25;-0.24;0.00;0.30;-0.12;0.14;-0.99;
0.49;0.43;0.12;0.20;-0.52;-0.84;-0.12;-0.06;-0.37;0.38;0.02;0.97;0.49;-0.37;0.06;0.25;0.33;0.92;0.30;-0.55;0.43;-0.11;-0.49;0.89;0.06;0.73;1.95;0.21;0.91;-0.25;0.24;0.24;0.00;-0.12;0.14;-0.98;
0.55;-0.24;-0.06;0.21;-0.51;-0.83;0.00;-0.24;-0.98;0.38;0.02;0.98;0.24;-0.79;0.18;0.25;0.32;0.92;0.30;-0.30;0.61;-0.11;-0.50;0.91;-0.30;0.12;1.65;0.21;0.92;-0.25;0.61;0.30;-0.37;-0.11;0.13;-0.98;
0.43;0.24;-0.06;0.21;-0.51;-0.83;-0.06;-0.67;-1.52;0.38;0.03;0.98;0.49;-0.37;-0.12;0.25;0.32;0.91;0.18;-0.61;0.12;-0.12;-0.49;0.90;0.12;0.67;1.59;0.20;0.91;-0.25;-0.18;0.24;0.67;-0.11;0.13;-0.98;
0.49;0.06;0.06;0.21;-0.51;-0.82;-0.12;-0.49;-0.73;0.38;0.02;0.97;0.55;-0.67;0.18;0.25;0.33;0.92;0.37;-0.06;0.12;-0.13;-0.49;0.90;-1.46;0.55;1.22;0.21;0.92;-0.25;-0.30;-0.12;0.06;-0.11;0.14;-0.99;
0.18;0.37;0.24;0.21;-0.51;-0.84;0.12;-0.37;-1.16;0.39;0.01;0.97;0.30;-0.30;-0.43;0.25;0.33;0.91;0.43;0.00;0.30;-0.12;-0.49;0.91;0.00;0.24;1.95;0.21;0.92;-0.26;-0.12;0.18;-0.49;-0.11;0.14;-0.98;
0.49;0.06;0.18;0.21;-0.52;-0.83;0.18;0.00;-1.04;0.38;0.02;0.97;0.61;-0.18;-0.30;0.25;0.33;0.91;0.37;-0.37;-0.30;-0.12;-0.48;0.90;0.00;1.04;1.40;0.20;0.93;-0.26;0.55;0.61;0.12;-0.12;0.14;-0.97;
0.67;0.00;0.12;0.20;-0.51;-0.83;0.06;-0.61;-0.67;0.38;0.02;0.98;0.43;-0.91;0.06;0.23;0.33;0.91;-0.37;-0.73;0.37;-0.12;-0.49;0.90;25.98;-8.96;-13.05;0.27;1.08;-0.21;-1.40;-0.06;0.18;-0.12;0.14;-1.00;
-0.12;0.98;-0.12;0.21;-0.53;-0.82;-0.30;-2.26;0.37;0.36;0.03;0.98;-0.12;-0.55;0.61;0.26;0.32;0.91;0.00;-0.18;0.24;-0.13;-0.48;0.90;0.79;0.43;1.59;0.20;0.93;-0.25;0.18;0.24;0.06;-0.12;0.14;-0.98;
0.43;-0.30;0.55;0.21;-0.53;-0.82;-0.06;-0.37;-0.55;0.37;0.03;0.98;0.24;-0.43;0.61;0.26;0.32;0.91;0.12;-0.18;0.43;-0.11;-0.50;0.90;-0.43;0.98;1.28;0.19;0.92;-0.25;0.24;0.06;0.00;-0.12;0.13;-0.98;
0.43;0.12;-0.18;0.21;-0.53;-0.82;0.24;-0.61;-0.37;0.36;0.02;0.98;0.24;-0.37;-0.12;0.26;0.32;0.91;0.12;-0.30;0.30;-0.11;-0.50;0.91;0.24;0.37;1.59;0.20;0.92;-0.25;0.24;0.49;0.43;-0.11;0.14;-0.97;
0.49;-0.06;0.43;0.21;-0.53;-0.82;-0.12;-0.67;-0.91;0.36;0.03;0.98;0.49;-0.49;0.00;0.26;0.32;0.90;0.24;-0.37;0.37;-0.12;-0.49;0.90;-0.49;0.55;1.40;0.20;0.93;-0.25;-0.12;0.67;-0.12;-0.11;0.14;-0.98;
0.55;0.67;-0.06;0.21;-0.54;-0.83;0.37;-0.55;-1.10;0.36;0.03;0.98;0.49;-0.67;0.30;0.25;0.33;0.90;-0.85;-0.73;0.12;-0.12;-0.49;0.90;0.43;0.61;1.65;0.19;0.92;-0.24;0.37;-0.24;0.67;-0.12;0.13;-0.97;
0.18;-0.30;-0.06;0.21;-0.53;-0.82;-0.30;-0.73;-1.10;0.35;0.03;0.99;13.05;0.85;-4.33;0.26;0.32;0.92;-0.85;-0.49;0.30;-0.12;-0.50;0.91;138.41;-33.54;23.17;0.20;0.91;-0.36;-0.24;0.12;0.85;-0.11;0.14;-0.98;
0.30;0.73;0.06;0.20;-0.53;-0.81;-0.12;-0.61;-0.49;0.37;0.03;0.98;-0.24;-0.55;0.00;0.25;0.32;0.91;0.30;0.00;0.18;-0.11;-0.48;0.90;40.49;-29.45;53.23;0.01;0.60;-0.58;0.24;0.24;-0.18;-0.12;0.14;-0.98;
-0.12;0.43;0.24;0.20;-0.54;-0.82;-0.12;-0.85;-1.46;0.37;0.05;0.98;0.24;-0.37;-0.06;0.25;0.33;0.90;0.12;-0.24;0.12;-0.12;-0.49;0.90;147.87;662.87;296.28;0.93;0.96;-0.95;-0.18;0.37;0.06;-0.12;0.14;-0.98;
0.24;0.24;-0.06;0.20;-0.54;-0.82;-0.06;-0.24;-0.61;0.38;0.05;0.98;1.40;-0.91;0.18;0.25;0.33;0.91;0.61;-0.24;0.30;-0.11;-0.49;0.90;63.11;218.11;151.04;0.18;0.58;0.04;0.30;0.12;-0.12;-0.11;0.15;-0.98;
0.85;-0.12;0.24;0.21;-0.53;-0.82;-0.18;-0.18;-0.98;0.38;0.05;0.97;0.30;-0.55;-0.12;0.26;0.33;0.90;-0.18;-0.49;0.24;-0.12;-0.50;0.90;-86.77;-401.22;-148.29;0.51;0.69;0.42;0.73;0.43;-0.12;-0.12;0.13;-0.97;
0.24;0.00;0.06;0.21;-0.54;-0.82;0.00;-0.24;-0.98;0.37;0.05;0.99;0.61;-0.67;0.12;0.27;0.33;0.90;0.30;-0.37;-0.06;-0.13;-0.49;0.90;-28.29;-247.80;-77.99;0.40;1.16;-1.00;0.30;0.00;-0.37;-0.11;0.14;-0.97;
0.43;0.43;0.00;0.21;-0.53;-0.81;0.30;-0.79;-1.22;0.37;0.05;0.97;0.37;-0.43;-0.18;0.25;0.32;0.89;-0.06;-0.49;0.37;-0.12;-0.49;0.90;8.48;-66.46;-19.45;0.35;0.97;-0.43;-0.43;-0.24;0.06;-0.12;0.14;-0.99;
0.61;0.00;0.37;0.21;-0.53;-0.82;0.55;-0.30;-1.16;0.37;0.05;0.97;0.43;-0.79;-0.06;0.25;0.33;0.91;0.12;-0.61;0.24;-0.13;-0.49;0.90;30.67;75.43;-41.46;0.21;1.04;-0.95;-0.12;0.30;-0.18;-0.12;0.14;-0.98;
-0.24;-0.12;0.00;0.20;-0.54;-0.81;0.00;-0.24;-1.40;0.37;0.05;0.99;0.18;-0.61;0.24;0.25;0.33;0.91;0.24;-0.12;0.18;-0.12;-0.49;0.91;44.09;152.56;-28.54;0.17;1.01;-1.32;0.18;0.43;-0.24;-0.12;0.14;-0.98;
0.73;0.43;0.37;0.21;-0.54;-0.82;-0.06;-1.16;-1.28;0.38;0.05;0.98;0.24;-0.49;-0.06;0.26;0.33;0.91;0.49;-0.18;0.30;-0.12;-0.50;0.89;-7.01;-45.61;-11.04;0.22;0.92;-0.40;0.12;-0.06;0.06;-0.11;0.14;-0.99;
0.37;0.37;-0.67;0.21;-0.54;-0.82;-0.06;-0.79;-0.79;0.38;0.05;0.98;0.61;-0.73;0.24;0.25;0.33;0.92;0.61;-0.30;0.12;-0.12;-0.49;0.90;-15.18;329.45;126.04;0.39;0.62;1.63;0.12;0.18;0.06;-0.12;0.14;-0.98;
-0.85;-2.62;1.46;0.22;-0.68;-0.68;-3.90;-16.04;8.29;0.37;0.31;1.05;0.61;-0.49;-0.06;0.24;0.39;0.88;-0.18;-0.30;0.43;-0.13;-0.49;0.90;-4.88;-322.01;-141.28;0.35;0.66;1.13;0.49;0.00;0.06;-0.12;0.14;-0.98;
0.73;0.98;-0.30;0.18;-0.61;-0.77;20.79;7.99;0.85;0.47;-0.07;0.90;3.60;-0.85;1.22;0.26;0.34;0.91;-0.12;-0.18;0.43;-0.12;-0.49;0.89;-130.24;-450.98;-243.29;0.48;0.63;0.35;-0.12;0.00;0.49;-0.11;0.14;-0.98;
0.67;0.43;0.30;0.18;-0.62;-0.77;-0.67;-0.49;-1.52;0.40;0.06;0.96;1.22;0.12;-0.30;0.26;0.35;0.90;0.55;-0.61;0.55;-0.13;-0.49;0.91;39.88;278.78;184.39;0.87;-1.29;2.00;0.24;0.24;-0.30;-0.12;0.13;-0.99;
0.73;-0.43;0.73;0.18;-0.61;-0.78;-2.38;0.73;-0.06;0.39;0.07;0.95;3.35;0.00;0.37;0.26;0.35;0.90;0.43;-0.67;0.06;-0.12;-0.49;0.90;97.74;-131.46;264.21;0.71;2.00;-0.45;0.12;0.12;-0.49;-0.12;0.14;-0.98;
-1.89;1.71;0.00;0.19;-0.60;-0.79;0.43;-0.79;-2.13;0.40;0.06;0.97;3.29;0.30;0.91;0.25;0.34;0.91;0.49;-0.49;0.30;-0.11;-0.49;0.90;-45.06;8.23;-10.61;0.16;0.96;0.03;-0.30;0.00;-0.37;-0.13;0.13;-0.99;
0.24;-0.06;0.00;0.19;-0.60;-0.77;0.49;-0.79;-1.16;0.40;0.06;0.98;0.73;-0.37;0.18;0.25;0.35;0.91;0.18;-0.37;0.30;-0.11;-0.49;0.90;5.61;-18.84;-20.12;0.22;0.93;0.00;0.00;-0.37;-0.18;-0.11;0.14;-0.99;
0.06;-1.10;0.43;0.20;-0.60;-0.79;-1.16;-1.10;-3.17;0.41;0.06;0.97;1.95;-0.37;0.30;0.24;0.34;0.90;0.18;-0.24;0.37;-0.12;-0.49;0.90;-25.30;5.24;-2.99;0.18;0.95;-0.08;0.55;-0.06;-0.30;-0.11;0.14;-0.98;
-18.48;19.02;-8.05;0.14;-0.62;-0.66;-0.12;-0.18;-1.89;0.39;0.06;0.96;-2.74;0.85;-0.79;0.26;0.33;0.89;0.73;0.91;0.18;-0.12;-0.49;0.91;-43.29;-7.01;-25.85;0.14;0.95;-0.06;0.06;0.30;-0.06;-0.12;0.15;-0.99;
-40.24;24.21;-12.44;-0.00;-0.53;-0.82;0.12;-6.04;0.00;0.32;0.01;0.98;0.43;-0.12;-0.06;0.24;0.35;0.90;0.55;-0.79;0.67;-0.11;-0.49;0.91;4.51;-1.34;3.72;0.11;0.96;-0.13;0.18;0.00;0.37;-0.11;0.13;-0.97;
45.00;26.65;11.16;0.55;-0.55;-0.77;7.87;1.28;-1.95;0.39;0.04;1.02;0.73;0.61;0.67;0.25;0.35;0.91;-0.30;-0.24;0.43;-0.12;-0.49;0.90;14.21;-2.68;1.77;0.13;0.94;-0.26;0.55;0.00;-0.06;-0.12;0.14;-0.98;
-3.23;25.30;-5.85;0.44;-0.53;-0.72;0.18;-0.43;-0.91;0.32;0.06;0.99;0.85;0.67;-1.16;0.26;0.34;0.90;1.89;0.00;0.06;-0.12;-0.50;0.90;-6.28;1.77;1.10;0.11;0.93;-0.26;-2.01;0.30;0.43;-0.13;0.14;-0.99;
18.29;-1.65;-5.98;0.39;-0.41;-0.82;-0.67;-2.07;-0.30;0.33;0.05;0.99;0.73;-1.28;0.30;0.23;0.35;0.91;-0.30;-0.49;0.49;-0.11;-0.49;0.90;-17.26;-2.80;2.20;0.10;0.91;-0.32;0.18;0.12;0.61;-0.12;0.14;-0.99;
4.76;-25.18;-20.73;0.22;-0.38;-0.83;-4.88;1.83;-0.06;0.33;0.05;0.99;-0.43;-2.07;2.50;0.24;0.41;0.91;-0.79;-2.38;0.12;-0.12;-0.49;0.89;31.16;-7.99;8.29;0.12;0.95;-0.24;0.24;0.24;-0.73;-0.12;0.15;-0.98;
0.30;-0.12;0.79;0.22;-0.38;-0.90;-0.18;-0.37;-0.43;0.33;0.07;1.00;0.24;-0.06;-0.12;0.25;0.36;0.90;0.55;-0.30;0.24;-0.12;-0.50;0.90;-9.15;2.20;0.49;0.10;0.92;-0.35;0.06;0.30;0.00;-0.11;0.14;-0.98;
0.43;0.61;-0.06;0.22;-0.37;-0.90;-0.49;-0.12;-0.91;0.32;0.06;0.99;0.61;-0.55;0.49;0.25;0.35;0.90;0.24;-0.12;0.24;-0.12;-0.49;0.90;1.77;0.85;1.52;0.10;0.91;-0.33;0.43;-0.12;-0.06;-0.12;0.15;-0.98;
0.30;2.07;0.00;0.23;-0.38;-0.89;16.28;0.55;-5.55;0.33;0.06;1.00;-1.65;-1.22;1.46;0.24;0.36;0.90;0.37;-0.67;0.24;-0.13;-0.50;0.90;-35.12;3.11;-1.04;0.12;0.88;-0.42;-0.06;0.37;-0.30;-0.11;0.14;-0.98;
-0.18;-3.05;0.18;0.23;-0.38;-0.89;-18.41;3.48;4.51;0.32;0.09;0.95;-2.13;-1.89;-0.79;0.24;0.37;0.89;-0.73;-0.61;0.49;-0.12;-0.50;0.90;18.23;-1.34;0.67;0.08;0.90;-0.34;0.24;-0.24;-0.18;-0.12;0.14;-0.98;
0.67;4.33;1.52;0.21;-0.37;-0.88;12.99;-2.87;-4.94;0.32;0.09;0.99;-1.40;-0.24;0.30;0.24;0.36;0.90;-0.06;-0.49;0.37;-0.12;-0.49;0.90;-36.04;2.38;-11.04;0.04;0.92;-0.39;-0.37;0.24;0.00;-0.12;0.14;-0.98;
0.24;-4.70;-0.18;0.23;-0.38;-0.91;-14.94;4.57;6.10;0.33;0.18;1.01;0.55;0.37;-0.37;0.24;0.36;0.89;0.06;-0.18;0.37;-0.12;-0.49;0.89;-46.83;3.90;-0.85;0.09;0.89;-0.41;0.79;0.18;-0.49;-0.12;0.13;-0.98;
0.91;5.37;-0.49;0.25;-0.38;-0.90;-3.66;-4.76;-2.62;0.34;0.13;0.95;0.43;-0.43;-0.12;0.24;0.35;0.91;0.30;-0.43;0.30;-0.12;-0.49;0.90;10.61;-0.24;1.83;0.07;0.89;-0.38;0.18;-0.24;-0.37;-0.12;0.14;-0.98;
1.71;0.61;-0.79;0.22;-0.38;-0.89;-2.74;0.06;-0.24;0.33;0.11;0.97;1.46;0.00;0.00;0.25;0.36;0.89;0.85;-0.79;-0.30;-0.12;-0.49;0.89;20.12;-1.22;1.59;0.08;0.90;-0.37;0.37;-0.12;-0.24;-0.12;0.14;-0.98;
0.55;-0.12;0.00;0.22;-0.39;-0.90;-1.83;0.79;-0.49;0.32;0.12;0.98;1.16;-0.67;-0.24;0.24;0.36;0.91;0.30;-0.30;0.30;-0.13;-0.49;0.90;1.83;-1.77;2.26;0.09;0.91;-0.34;-0.06;0.37;0.06;-0.12;0.14;-0.97;
0.12;-1.59;-0.12;0.22;-0.39;-0.89;6.83;-2.44;-3.23;0.33;0.11;0.98;2.32;1.10;2.26;0.25;0.36;0.91;-0.37;-0.37;0.79;-0.13;-0.49;0.90;-0.24;-1.46;2.62;0.08;0.90;-0.33;0.30;0.30;-0.06;-0.12;0.14;-0.98;
0.43;1.40;-0.24;0.22;-0.38;-0.89;-3.54;0.37;0.49;0.33;0.12;0.98;-0.61;0.12;0.00;0.24;0.36;0.89;0.55;0.12;0.18;-0.11;-0.50;0.91;6.22;-0.06;1.77;0.08;0.90;-0.37;0.30;0.37;-0.37;-0.11;0.14;-0.98;
0.30;0.18;0.06;0.22;-0.39;-0.90;0.43;-0.91;-1.10;0.33;0.10;1.00;0.30;-0.30;0.67;0.24;0.36;0.91;0.24;-0.30;0.18;-0.13;-0.49;0.90;-6.10;2.38;1.22;0.08;0.90;-0.37;-0.43;-0.24;0.18;-0.12;0.14;-0.98;
0.00;-1.89;0.06;0.21;-0.38;-0.91;-1.04;-0.30;-1.16;0.33;0.12;0.98;0.91;-0.55;0.00;0.24;0.36;0.90;-0.18;-0.37;0.06;-0.12;-0.49;0.91;0.85;0.06;1.10;0.08;0.90;-0.35;-0.06;-0.12;-0.30;-0.12;0.14;-0.99;
0.18;0.30;0.43;0.21;-0.38;-0.90;-0.43;-0.43;-1.22;0.34;0.11;0.99;0.67;-0.24;0.00;0.25;0.36;0.89;0.06;-0.06;0.24;-0.12;-0.50;0.91;-0.18;0.91;1.46;0.08;0.90;-0.35;-0.06;-0.18;0.00;-0.12;0.14;-0.98;
0.12;0.37;0.12;0.21;-0.39;-0.90;0.30;-0.37;-1.46;0.33;0.11;0.99;-0.06;-0.55;-0.06;0.25;0.36;0.91;0.30;-0.30;0.18;-0.12;-0.49;0.90;0.24;0.43;2.07;0.08;0.90;-0.35;-0.06;0.18;0.43;-0.12;0.15;-0.98;
0.55;-0.18;-0.30;0.21;-0.38;-0.90;-0.24;-0.30;-1.22;0.33;0.11;0.99;0.67;-0.30;0.12;0.24;0.36;0.91;0.18;-0.12;0.30;-0.11;-0.50;0.90;-0.24;1.04;1.46;0.08;0.90;-0.35;-0.49;0.06;-0.18;-0.12;0.14;-0.98;
0.06;0.30;-0.12;0.22;-0.38;-0.89;0.43;-0.55;-0.98;0.33;0.12;0.99;0.43;-0.30;0.18;0.24;0.36;0.90;0.12;-0.30;0.30;-0.12;-0.49;0.90;-0.12;0.85;1.65;0.08;0.90;-0.35;-0.18;0.24;0.24;-0.12;0.14;-0.98;
0.79;0.37;0.24;0.22;-0.38;-0.89;0.12;-0.43;-1.46;0.33;0.11;0.99;-0.18;-0.24;0.00;0.25;0.36;0.90;0.06;-0.24;0.61;-0.11;-0.49;0.89;0.24;0.98;1.34;0.08;0.90;-0.36;0.24;0.30;0.43;-0.11;0.14;-0.99;
-0.12;-0.06;0.00;0.22;-0.39;-0.90;0.61;-0.37;-0.98;0.33;0.11;0.99;0.61;-0.55;0.37;0.24;0.36;0.90;0.55;-0.67;0.55;-0.12;-0.49;0.90;-0.49;0.91;1.77;0.08;0.91;-0.35;0.12;0.06;0.18;-0.12;0.14;-0.99;
1.34;0.49;-0.24;0.22;-0.39;-0.90;0.37;-0.24;-1.10;0.33;0.11;0.98;0.43;-0.49;0.37;0.24;0.36;0.91;-1.10;-0.37;0.67;-0.12;-0.50;0.90;-0.55;0.85;1.34;0.08;0.90;-0.35;-0.37;0.00;0.00;-0.12;0.14;-0.98;
0.18;0.43;0.24;0.22;-0.38;-0.89;0.24;-0.30;-1.46;0.33;0.11;0.98;0.49;-0.61;0.18;0.24;0.36;0.90;0.43;-0.49;-0.12;-0.11;-0.50;0.90;-2.68;0.98;1.65;0.08;0.90;-0.37;-0.06;-0.24;0.06;-0.12;0.14;-0.99;
0.61;-0.12;0.12;0.22;-0.38;-0.89;-0.18;-0.85;-1.28;0.33;0.11;0.98;0.73;-0.61;0.00;0.24;0.37;0.90;-0.18;-0.12;0.24;-0.12;-0.50;0.90;6.28;-0.55;1.95;0.08;0.91;-0.36;0.00;0.06;-0.30;-0.12;0.14;-0.97;
0.30;0.06;0.24;0.22;-0.39;-0.89;-0.06;-0.55;-1.16;0.33;0.11;0.99;-0.18;-0.18;-0.18;0.25;0.36;0.90;0.49;0.12;0.12;-0.11;-0.49;0.90;0.30;0.73;0.98;0.08;0.90;-0.36;-0.12;-0.06;0.06;-0.12;0.14;-0.99;
0.24;0.37;0.30;0.22;-0.38;-0.90;1.22;-0.55;-1.28;0.34;0.12;0.98;0.73;-0.43;0.24;0.25;0.36;0.90;-0.18;0.00;0.30;-0.12;-0.49;0.90;0.06;0.61;1.59;0.09;0.91;-0.35;-0.18;0.06;0.00;-0.11;0.14;-0.98;
0.30;0.24;0.49;0.22;-0.39;-0.89;-0.67;-0.67;-0.79;0.33;0.10;0.99;0.43;-0.30;-0.18;0.25;0.36;0.89;0.06;-0.49;0.37;-0.11;-0.49;0.90;2.62;0.55;1.10;0.09;0.90;-0.36;-0.24;0.24;0.00;-0.11;0.14;-0.98;
0.43;-1.46;-0.37;0.22;-0.38;-0.90;0.43;-1.71;-1.28;0.31;0.12;0.99;-0.30;-0.73;-0.06;0.23;0.36;0.90;0.12;-0.91;0.24;-0.12;-0.49;0.90;7.20;0.43;1.04;0.10;0.88;-0.37;-0.30;-0.24;0.06;-0.11;0.14;-0.98;
2.93;-7.62;-2.80;0.14;-0.21;-0.98;6.95;9.33;-4.63;0.34;0.10;1.01;-0.73;0.49;-1.71;0.25;0.41;0.79;-0.18;-0.49;0.67;-0.12;-0.50;0.89;-8.29;6.16;4.76;0.03;1.20;-0.43;-0.61;-0.24;0.67;-0.12;0.14;-0.98;
0.55;0.18;-0.18;0.21;-0.37;-0.90;1.95;0.30;-1.22;0.33;0.11;0.98;0.12;-0.37;-0.12;0.24;0.36;0.89;-0.18;-0.61;0.30;-0.12;-0.50;0.90;1.65;1.16;1.34;0.08;0.89;-0.38;0.12;0.06;-0.18;-0.12;0.14;-0.99;
2.62;7.99;0.85;0.20;-0.36;-0.90;-27.99;52.01;-9.88;0.24;0.38;1.12;-15.00;-1.59;25.24;0.30;0.45;0.82;-0.73;-0.24;0.37;-0.12;-0.49;0.89;5.67;-10.55;1.89;0.09;0.74;-0.45;-0.55;-0.18;0.30;-0.11;0.14;-0.97;
0.79;1.28;-0.24;0.20;-0.43;-0.88;-0.24;-0.49;-1.22;0.25;0.21;0.99;0.79;-0.18;-0.55;0.24;0.38;0.89;-0.06;-0.30;0.55;-0.12;-0.50;0.90;0.91;0.55;1.40;0.04;0.85;-0.47;0.00;0.06;0.24;-0.12;0.14;-0.99;
0.37;0.49;0.18;0.21;-0.44;-0.88;0.18;-0.79;-1.04;0.25;0.21;0.99;0.98;-0.37;0.18;0.24;0.37;0.89;-0.67;-0.37;0.37;-0.11;-0.50;0.90;0.61;0.43;1.46;0.03;0.85;-0.47;-0.73;0.12;-0.12;-0.12;0.14;-0.98;
0.30;0.30;0.43;0.20;-0.44;-0.88;-0.30;-0.55;-1.04;0.24;0.21;1.00;0.91;-0.06;-0.24;0.24;0.38;0.89;0.24;-0.24;0.12;-0.11;-0.50;0.89;0.30;1.04;1.71;0.04;0.84;-0.48;0.12;-0.12;0.12;-0.12;0.13;-0.98;
0.37;0.12;0.24;0.20;-0.43;-0.87;0.49;-0.37;-1.34;0.26;0.21;0.99;0.43;-0.49;0.18;0.24;0.38;0.90;0.55;-0.18;0.30;-0.12;-0.50;0.90;0.30;0.49;1.46;0.03;0.84;-0.49;-0.06;-0.06;-0.18;-0.11;0.14;-0.98;
0.37;0.12;0.18;0.20;-0.43;-0.87;-0.18;-0.37;-1.28;0.26;0.21;0.99;0.06;-0.55;-0.06;0.24;0.38;0.89;0.37;0.12;0.12;-0.12;-0.49;0.91;0.55;0.73;1.65;0.04;0.84;-0.49;-0.43;0.06;-0.30;-0.12;0.14;-0.97;
0.37;0.12;0.06;0.21;-0.44;-0.88;-0.79;-0.06;-0.55;0.26;0.22;0.99;0.18;-0.43;-0.37;0.24;0.38;0.90;0.43;-0.61;0.43;-0.12;-0.50;0.90;-0.98;0.73;1.34;0.03;0.84;-0.49;-0.37;0.00;0.43;-0.12;0.13;-0.97;
0.37;0.49;0.24;0.20;-0.43;-0.87;-0.43;0.00;-0.91;0.27;0.21;0.99;0.91;-0.06;-0.55;0.24;0.38;0.90;0.55;-0.30;0.30;-0.12;-0.51;0.89;-0.30;0.49;1.83;0.04;0.84;-0.49;-0.30;-0.18;0.00;-0.12;0.14;-0.97;
0.98;0.67;0.24;0.20;-0.43;-0.88;-0.06;0.24;-1.28;0.25;0.22;0.99;0.98;-1.10;0.00;0.23;0.38;0.89;0.30;-0.91;0.06;-0.12;-0.49;0.91;-0.61;1.04;1.71;0.04;0.84;-0.49;0.12;0.30;-0.12;-0.12;0.14;-0.97;
0.67;0.00;0.06;0.20;-0.44;-0.88;-0.30;-0.49;-0.61;0.26;0.21;0.99;-0.12;-0.30;-0.12;0.23;0.38;0.89;-0.06;-0.61;0.55;-0.12;-0.50;0.91;-0.49;0.91;1.40;0.03;0.83;-0.50;0.00;0.00;0.12;-0.12;0.14;-0.98;
0.00;0.12;0.12;0.21;-0.43;-0.88;0.00;-0.67;-1.10;0.26;0.23;0.99;0.55;-0.37;0.12;0.23;0.38;0.90;-0.12;-0.49;0.12;-0.12;-0.49;0.89;-0.55;0.79;1.22;0.05;0.84;-0.50;0.55;-0.06;0.12;-0.12;0.14;-0.99;
0.37;0.24;-0.06;0.20;-0.44;-0.87;-0.24;-0.49;-1.04;0.26;0.22;0.99;0.43;-0.43;0.12;0.24;0.38;0.90;-0.12;-0.12;0.43;-0.12;-0.50;0.90;-0.12;0.98;1.28;0.04;0.84;-0.50;0.12;-0.06;-0.12;-0.11;0.14;-0.98;
0.30;-0.12;0.24;0.20;-0.43;-0.88;0.24;-0.73;-1.10;0.26;0.22;0.98;0.06;-0.61;0.18;0.23;0.38;0.89;0.73;-0.06;0.24;-0.13;-0.50;0.89;0.24;0.79;1.65;0.03;0.84;-0.50;0.06;-0.55;0.12;-0.12;0.14;-0.98;
0.55;0.37;0.12;0.20;-0.44;-0.87;0.12;-0.55;-1.04;0.26;0.22;0.98;0.30;-0.43;0.06;0.23;0.39;0.89;0.00;-0.43;0.18;-0.12;-0.50;0.90;0.12;0.98;1.28;0.04;0.84;-0.49;0.37;-0.24;0.00;-0.11;0.14;-0.99;
0.79;0.00;0.30;0.20;-0.43;-0.86;-0.49;-0.55;-1.10;0.26;0.23;0.99;0.37;-0.55;0.18;0.23;0.38;0.89;0.06;-0.79;0.24;-0.12;-0.50;0.90;0.06;0.49;1.22;0.03;0.84;-0.50;0.85;0.00;0.18;-0.12;0.14;-0.97;
0.55;0.37;0.30;0.20;-0.43;-0.87;0.67;-0.73;-0.79;0.26;0.23;0.99;0.30;-0.30;0.24;0.23;0.37;0.90;0.30;-0.24;0.43;-0.12;-0.50;0.90;0.24;1.04;1.34;0.04;0.84;-0.50;0.00;-0.18;0.00;-0.12;0.15;-0.99;
0.49;-0.18;0.18;0.20;-0.44;-0.88;0.43;-0.61;-0.98;0.26;0.22;0.99;0.18;-0.37;0.06;0.24;0.38;0.89;0.06;-0.43;0.55;-0.12;-0.50;0.90;-0.24;0.73;1.34;0.03;0.83;-0.50;0.06;0.06;-0.18;-0.11;0.14;-0.98;
0.12;0.18;0.18;0.20;-0.43;-0.88;0.30;-0.37;-0.67;0.26;0.21;0.98;0.06;-0.49;0.37;0.24;0.37;0.89;0.49;-0.49;0.06;-0.12;-0.49;0.90;0.61;0.55;1.34;0.04;0.84;-0.51;0.30;-0.12;0.06;-0.11;0.14;-0.98;
0.30;0.06;-0.37;0.21;-0.44;-0.88;2.13;-1.28;-1.34;0.26;0.22;0.99;0.55;-0.43;-0.18;0.23;0.38;0.89;-0.06;-0.12;0.24;-0.11;-0.50;0.90;0.06;0.18;1.34;0.04;0.84;-0.50;0.18;0.30;-0.55;-0.12;0.14;-0.98;
0.18;0.00;0.24;0.21;-0.44;-0.88;-0.12;-0.49;-0.73;0.26;0.22;0.99;0.43;-0.43;0.18;0.23;0.39;0.89;-0.06;-0.61;0.55;-0.12;-0.50;0.89;-0.49;0.24;1.59;0.03;0.83;-0.50;0.06;0.00;0.06;-0.11;0.14;-0.98;
0.06;-0.12;0.00;0.21;-0.43;-0.88;1.71;-0.43;-1.71;0.26;0.22;0.99;0.18;-0.85;0.73;0.23;0.39;0.88;0.12;-0.43;0.00;-0.12;-0.49;0.90;-0.49;0.24;1.40;0.04;0.84;-0.49;-0.12;0.43;0.00;-0.11;0.14;-0.98;
-0.06;0.12;0.43;0.20;-0.44;-0.88;-0.24;-0.49;-0.61;0.26;0.22;0.98;0.85;-0.55;0.37;0.23;0.38;0.90;-0.61;-0.30;0.61;-0.12;-0.49;0.90;-0.55;1.22;0.98;0.03;0.84;-0.50;0.12;-0.06;-0.06;-0.12;0.14;-0.98;
0.43;0.43;0.12;0.20;-0.43;-0.88;-1.22;-0.37;-0.24;0.26;0.22;0.99;0.98;-0.06;0.00;0.22;0.37;0.90;0.30;0.00;0.61;-0.12;-0.50;0.90;-0.18;0.49;1.52;0.04;0.84;-0.50;-0.37;0.00;0.30;-0.11;0.14;-0.98;
0.61;0.12;0.06;0.20;-0.44;-0.87;-0.55;-0.61;-0.67;0.25;0.22;0.99;0.61;-0.55;-0.18;0.23;0.38;0.89;0.43;-0.18;0.12;-0.12;-0.50;0.89;0.00;0.06;1.77;0.04;0.84;-0.50;-0.18;0.18;-0.06;-0.12;0.14;-0.98;
0.00;0.06;0.30;0.22;-0.44;-0.88;0.37;-0.06;-0.55;0.25;0.23;0.98;0.30;-0.30;-0.18;0.23;0.38;0.89;0.18;-0.61;0.43;-0.12;-0.50;0.90;-0.12;0.55;2.13;0.04;0.83;-0.50;0.18;0.06;-0.06;-0.11;0.14;-0.97;
0.37;0.12;-0.18;0.20;-0.44;-0.87;0.18;-0.12;-0.98;0.26;0.22;0.99;0.30;-0.79;-0.06;0.24;0.38;0.89;0.24;-0.24;0.37;-0.11;-0.50;0.90;0.30;0.91;1.28;0.05;0.84;-0.50;-0.06;-0.12;-0.24;-0.12;0.13;-0.98;
0.24;0.55;0.18;0.21;-0.43;-0.88;0.24;-0.73;-1.28;0.25;0.22;0.98;0.24;-0.43;0.06;0.23;0.38;0.89;0.30;-0.61;0.43;-0.12;-0.50;0.89;-0.43;1.04;1.71;0.03;0.84;-0.50;0.30;-0.24;0.24;-0.12;0.14;-0.98;
0.30;0.30;0.37;0.21;-0.43;-0.87;-0.55;-0.37;-0.85;0.27;0.21;0.98;0.00;-0.79;0.18;0.23;0.38;0.89;0.12;-0.49;0.43;-0.12;-0.50;0.90;-0.06;0.67;1.71;0.04;0.84;-0.50;-0.06;-0.61;0.18;-0.11;0.14;-0.98;
0.18;0.12;0.00;0.20;-0.43;-0.87;0.06;-0.73;-1.28;0.26;0.22;0.99;0.12;-0.85;-0.24;0.23;0.38;0.89;0.18;-0.43;0.30;-0.11;-0.50;0.90;-0.43;0.79;1.59;0.03;0.84;-0.50;0.18;-0.06;0.37;-0.12;0.15;-0.98;
0.61;0.55;0.06;0.21;-0.43;-0.87;-0.18;-0.43;-1.28;0.26;0.23;0.98;0.67;-0.37;0.18;0.23;0.38;0.89;-0.12;-0.18;0.24;-0.11;-0.50;0.90;-0.06;0.91;1.22;0.04;0.84;-0.49;-0.55;0.24;0.43;-0.11;0.14;-0.97;
0.55;0.37;0.37;0.20;-0.43;-0.88;-0.18;-0.18;-1.28;0.26;0.23;1.00;0.37;-0.61;-0.43;0.23;0.38;0.90;-0.24;-0.91;-0.18;-0.12;-0.50;0.90;0.24;0.55;1.77;0.03;0.84;-0.51;0.12;0.00;-0.06;-0.12;0.14;-0.98;
0.79;0.00;-0.18;0.20;-0.43;-0.87;0.24;-0.18;-0.85;0.26;0.22;0.99;0.06;-0.43;0.00;0.23;0.39;0.89;0.30;-0.18;0.24;-0.11;-0.50;0.90;-0.18;1.10;1.34;0.04;0.84;-0.49;0.00;0.18;-0.24;-0.11;0.15;-0.99;
0.61;-0.24;0.43;0.20;-0.43;-0.87;0.37;-0.49;-0.91;0.26;0.22;0.98;0.67;-0.85;0.12;0.23;0.38;0.89;0.37;-0.43;0.55;-0.11;-0.50;0.91;0.30;0.61;1.83;0.04;0.83;-0.50;0.18;0.37;0.18;-0.12;0.14;-0.98;
0.43;0.00;-0.06;0.21;-0.44;-0.87;0.43;-0.43;-0.85;0.26;0.22;0.99;0.30;-0.49;-0.18;0.23;0.39;0.90;0.12;-0.12;0.18;-0.12;-0.50;0.90;0.55;0.61;1.52;0.03;0.83;-0.50;-0.30;0.18;0.06;-0.12;0.14;-0.99;
0.37;0.55;0.49;0.21;-0.43;-0.87;0.30;-0.55;-1.04;0.25;0.21;0.99;0.12;-0.49;-0.24;0.24;0.39;0.89;0.91;-0.18;0.12;-0.12;-0.49;0.89;0.06;0.67;1.52;0.04;0.83;-0.50;0.49;0.18;0.12;-0.12;0.13;-0.98;
0.24;-0.06;0.12;0.20;-0.44;-0.87;-0.79;-0.49;-1.40;0.25;0.23;0.98;-0.06;-0.79;0.18;0.23;0.38;0.89;1.59;-0.24;0.24;-0.12;-0.50;0.90;-0.12;1.16;1.10;0.03;0.84;-0.50;0.37;-0.30;-0.24;-0.12;0.15;-0.98;
0.55;0.12;0.61;0.20;-0.44;-0.87;0.24;-0.37;-0.67;0.26;0.21;0.99;1.34;-0.30;-0.12;0.23;0.39;0.88;0.43;-0.24;0.24;-0.12;-0.50;0.90;-0.12;0.85;1.59;0.04;0.83;-0.49;-0.18;-0.24;-0.12;-0.12;0.14;-0.98;
0.12;0.12;0.18;0.21;-0.43;-0.88;-2.13;0.12;-0.85;0.27;0.23;0.99;1.28;-0.73;0.18;0.24;0.39;0.88;0.61;-0.18;-0.06;-0.12;-0.49;0.90;0.12;0.49;2.01;0.04;0.84;-0.50;0.37;0.49;-0.43;-0.12;0.14;-0.99;
0.43;-0.06;-0.12;0.20;-0.43;-0.87;-1.10;-0.37;-1.04;0.26;0.22;0.98;0.06;-0.37;-0.43;0.23;0.39;0.89;0.37;0.00;0.18;-0.11;-0.50;0.90;-0.30;0.49;1.34;0.04;0.84;-0.50;0.00;0.24;-0.06;-0.12;0.15;-0.98;
0.43;0.06;0.18;0.21;-0.43;-0.88;0.43;-0.12;-0.98;0.25;0.22;0.99;0.18;-0.12;0.06;0.24;0.39;0.90;0.43;-0.49;0.37;-0.12;-0.49;0.90;-0.43;1.04;1.46;0.03;0.83;-0.50;0.37;-0.12;-0.06;-0.12;0.14;-0.98;
0.85;0.85;0.24;0.20;-0.43;-0.88;-0.30;-0.43;-0.79;0.26;0.22;0.99;0.00;-0.37;0.06;0.23;0.38;0.90;-0.06;0.18;0.49;-0.12;-0.50;0.90;0.55;-0.55;1.77;0.03;0.84;-0.51;0.30;-0.24;0.43;-0.12;0.14;-0.98;
0.55;0.49;0.12;0.20;-0.44;-0.87;-0.12;-0.43;-0.49;0.26;0.23;0.98;0.12;-0.61;-0.06;0.23;0.38;0.89;0.00;-0.55;-0.18;-0.11;-0.51;0.90;-0.73;0.85;1.95;0.03;0.83;-0.51;0.37;0.06;0.24;-0.12;0.15;-0.98;
0.43;0.85;0.06;0.21;-0.43;-0.88;0.55;-0.18;-1.10;0.26;0.22;0.99;0.37;-0.73;0.06;0.24;0.39;0.90;0.79;-0.49;-0.06;-0.11;-0.50;0.90;-0.06;0.85;1.65;0.03;0.83;-0.50;0.24;-0.18;-0.06;-0.12;0.14;-0.98;
0.67;0.18;0.06;0.21;-0.44;-0.87;-0.30;-0.30;-1.04;0.26;0.22;0.99;0.06;-0.43;0.24;0.23;0.38;0.89;0.61;-0.30;0.18;-0.11;-0.50;0.90;-0.37;0.85;1.40;0.03;0.83;-0.50;0.18;0.18;-0.49;-0.12;0.14;-0.98;
0.24;0.18;-0.06;0.20;-0.44;-0.88;0.00;-0.49;-1.10;0.26;0.23;0.99;0.91;-0.43;-0.18;0.23;0.39;0.89;0.24;-0.18;0.30;-0.12;-0.50;0.90;-0.12;0.73;1.46;0.04;0.83;-0.50;0.55;-0.06;0.06;-0.12;0.14;-0.98;
0.18;0.43;-0.06;0.20;-0.44;-0.87;-0.37;-0.30;-1.16;0.26;0.23;1.00;0.12;-0.06;0.06;0.23;0.39;0.90;0.24;-0.43;0.06;-0.13;-0.50;0.90;-0.18;0.49;1.59;0.03;0.84;-0.50;0.18;0.18;-0.24;-0.12;0.14;-0.98;
0.24;0.18;0.24;0.21;-0.44;-0.88;-0.30;-0.18;-1.04;0.27;0.22;0.98;0.55;-0.79;0.30;0.23;0.39;0.90;0.30;-0.12;0.30;-0.12;-0.50;0.88;-0.43;0.43;1.28;0.04;0.83;-0.50;0.30;0.12;-0.12;-0.12;0.14;-0.98;
0.67;0.12;0.18;0.21;-0.43;-0.87;0.00;-0.43;-0.85;0.26;0.23;0.98;0.18;-0.79;-0.06;0.23;0.39;0.89;-0.12;-0.37;0.06;-0.12;-0.50;0.90;0.06;0.30;1.89;0.04;0.83;-0.50;0.61;0.12;0.30;-0.12;0.14;-0.98;
0.12;0.00;0.18;0.20;-0.43;-0.87;0.61;-0.18;-1.22;0.27;0.22;0.99;0.30;-0.18;-0.18;0.24;0.38;0.88;0.12;-0.24;0.00;-0.11;-0.51;0.90;-0.43;0.43;1.95;0.03;0.83;-0.50;-0.18;0.00;-0.12;-0.12;0.14;-0.98;
0.30;0.37;0.43;0.21;-0.43;-0.87;0.00;-0.79;-1.10;0.26;0.23;0.98;-0.12;-0.18;0.00;0.23;0.38;0.88;0.30;-0.30;0.49;-0.12;-0.49;0.90;-0.30;1.40;1.28;0.03;0.84;-0.50;0.43;0.30;0.55;-0.11;0.14;-0.98;
0.67;0.30;-0.30;0.21;-0.43;-0.88;-0.85;0.37;-0.30;0.26;0.23;0.98;0.91;-0.30;-0.12;0.23;0.39;0.90;-0.12;-0.30;0.43;-0.12;-0.50;0.89;-0.37;0.18;1.40;0.03;0.83;-0.51;0.30;-0.24;0.06;-0.12;0.14;-0.98;
0.67;0.00;0.37;0.20;-0.44;-0.88;1.52;-0.79;-0.85;0.26;0.22;0.98;0.00;-0.79;-0.24;0.23;0.38;0.89;0.30;-0.30;0.37;-0.11;-0.50;0.90;-0.37;0.91;2.01;0.04;0.84;-0.51;0.55;0.12;-0.24;-0.11;0.15;-0.99;
0.61;0.49;-0.06;0.21;-0.44;-0.88;-0.06;-0.49;-1.16;0.26;0.23;0.98;0.85;-0.49;-0.06;0.24;0.38;0.89;-0.06;-0.43;0.24;-0.13;-0.51;0.91;-0.49;0.55;1.59;0.04;0.84;-0.49;-0.18;0.18;-0.12;-0.11;0.13;-0.98;
0.24;0.43;0.73;0.21;-0.44;-0.87;-1.28;-0.37;-0.61;0.27;0.22;0.99;0.55;-0.37;0.24;0.23;0.38;0.89;0.06;-0.06;0.37;-0.11;-0.50;0.90;-0.91;0.49;1.16;0.03;0.84;-0.50;0.12;0.55;-0.12;-0.12;0.14;-0.98;
0.30;0.85;0.24;0.20;-0.43;-0.88;0.00;-0.18;-0.55;0.26;0.23;0.98;0.18;-0.73;0.00;0.24;0.38;0.89;0.24;-0.43;0.12;-0.12;-0.50;0.90;-0.37;-0.12;1.89;0.03;0.84;-0.49;-0.06;0.30;-0.30;-0.12;0.14;-0.98;
0.18;0.79;0.12;0.20;-0.44;-0.88;0.06;-0.06;-1.10;0.26;0.22;0.99;0.85;-0.79;0.37;0.23;0.38;0.89;0.61;-0.18;0.00;-0.12;-0.50;0.90;0.24;0.12;1.16;0.04;0.84;-0.50;-0.12;-0.30;-0.43;-0.11;0.14;-0.99;
0.37;-0.12;0.43;0.21;-0.43;-0.88;-0.06;-0.43;-1.16;0.26;0.22;0.99;0.30;-0.61;0.49;0.23;0.38;0.89;0.67;-0.24;-0.18;-0.11;-0.50;0.90;-0.24;0.61;1.40;0.04;0.83;-0.50;0.18;-0.06;0.67;-0.11;0.14;-0.97;
0.43;0.67;-0.37;0.21;-0.43;-0.88;0.37;-0.24;-1.10;0.26;0.23;0.99;0.43;-0.30;0.18;0.23;0.38;0.89;0.49;-0.12;0.43;-0.11;-0.49;0.90;-0.30;0.73;1.28;0.03;0.83;-0.49;-0.24;0.43;-0.18;-0.11;0.14;-0.97;
0.67;-0.06;0.24;0.22;-0.43;-0.87;-0.12;-0.06;-0.85;0.26;0.23;0.99;0.24;-0.55;0.30;0.23;0.39;0.89;0.24;-0.37;-0.12;-0.12;-0.50;0.89;0.18;0.79;1.71;0.04;0.84;-0.49;0.18;0.06;0.06;-0.11;0.14;-0.98;
0.37;-0.12;-0.24;0.21;-0.43;-0.87;0.30;-0.61;-0.98;0.26;0.24;0.99;0.24;-0.30;0.24;0.24;0.39;0.89;0.30;-0.37;0.79;-0.12;-0.50;0.90;-0.73;0.79;1.16;0.03;0.83;-0.50;0.24;0.24;-0.18;-0.11;0.14;-0.98;
1.22;0.06;-0.12;0.21;-0.44;-0.87;-0.67;-0.30;-0.61;0.26;0.23;0.98;0.37;-0.61;-0.18;0.24;0.38;0.89;0.24;-0.55;0.12;-0.12;-0.50;0.90;0.12;0.55;1.28;0.04;0.83;-0.50;0.12;-0.18;0.30;-0.12;0.15;-0.98;
0.30;0.49;-0.06;0.20;-0.44;-0.87;-0.43;-0.24;-1.10;0.26;0.23;1.00;0.24;-0.43;-0.12;0.23;0.39;0.89;0.37;0.00;0.43;-0.12;-0.51;0.90;-0.37;0.79;1.71;0.04;0.84;-0.50;0.37;0.12;0.06;-0.12;0.14;-0.98;
0.43;0.12;-0.12;0.21;-0.44;-0.88;0.00;-0.73;-0.98;0.25;0.23;0.99;0.37;-0.24;-0.18;0.24;0.38;0.89;0.24;-0.37;0.37;-0.12;-0.50;0.90;-0.18;0.06;1.71;0.03;0.84;-0.50;0.30;0.12;0.12;-0.11;0.14;-0.98;
0.55;0.37;-0.12;0.21;-0.43;-0.88;0.67;-0.18;-1.16;0.26;0.23;0.99;0.85;-0.18;0.49;0.23;0.39;0.89;0.43;-0.37;0.55;-0.11;-0.50;0.89;-0.37;0.37;1.65;0.04;0.83;-0.50;0.06;0.24;-0.30;-0.12;0.14;-0.98;
0.55;0.55;0.43;0.21;-0.44;-0.88;-0.24;-0.61;-1.10;0.26;0.23;0.99;0.55;-0.67;0.30;0.23;0.39;0.89;-0.06;-0.24;0.37;-0.12;-0.51;0.90;-0.49;0.55;1.65;0.03;0.84;-0.51;0.24;0.18;0.00;-0.12;0.14;-0.98;
0.73;0.37;0.24;0.21;-0.44;-0.88;0.18;-0.91;-1.28;0.26;0.23;0.98;0.85;-0.73;-0.06;0.23;0.38;0.89;0.24;-0.06;0.43;-0.11;-0.49;0.89;-0.30;0.67;1.52;0.04;0.84;-0.51;0.12;-0.06;0.24;-0.11;0.13;-0.98;
0.37;0.24;0.18;0.20;-0.43;-0.88;-0.37;-0.30;-1.16;0.26;0.22;0.99;0.30;0.00;0.06;0.24;0.39;0.88;0.12;-0.18;0.43;-0.13;-0.50;0.90;0.43;0.73;1.28;0.03;0.84;-0.50;0.00;-0.30;0.37;-0.13;0.14;-0.98;
0.49;0.55;-0.06;0.20;-0.45;-0.88;1.28;-0.37;-1.22;0.26;0.22;0.99;0.37;-0.24;-0.37;0.23;0.39;0.89;0.73;-0.06;0.12;-0.12;-0.50;0.91;0.55;-0.43;1.52;0.03;0.83;-0.50;-0.24;-0.12;0.37;-0.12;0.15;-0.98;
0.49;0.12;0.18;0.20;-0.43;-0.88;-0.06;-0.30;-0.79;0.26;0.22;0.99;0.37;-0.24;0.61;0.23;0.38;0.90;0.12;-0.67;0.49;-0.12;-0.50;0.90;-0.55;0.49;1.52;0.04;0.84;-0.51;0.30;0.12;0.18;-0.12;0.14;-0.99;
0.91;0.18;0.06;0.21;-0.43;-0.89;0.00;-0.30;-0.98;0.26;0.23;0.98;0.00;0.06;-0.49;0.23;0.39;0.89;0.37;-0.12;0.37;-0.12;-0.50;0.89;-0.37;0.49;1.28;0.04;0.84;-0.50;0.49;-0.12;0.00;-0.12;0.14;-0.98;
0.55;0.85;0.24;0.20;-0.44;-0.87;0.55;-0.12;-1.04;0.26;0.22;0.99;0.37;-0.49;0.43;0.22;0.38;0.90;0.00;-0.18;0.18;-0.12;-0.50;0.90;-0.24;0.49;1.34;0.04;0.84;-0.51;0.12;0.30;-0.06;-0.12;0.14;-0.98;
0.67;0.30;-0.12;0.20;-0.43;-0.87;0.49;-0.49;-1.16;0.26;0.23;0.99;0.30;-0.61;0.37;0.23;0.38;0.89;0.37;-0.43;0.06;-0.13;-0.50;0.90;-0.73;0.43;1.89;0.03;0.83;-0.51;0.37;0.00;-0.12;-0.12;0.13;-0.98;
0.49;0.55;0.18;0.20;-0.43;-0.88;-0.24;-0.37;-0.98;0.26;0.23;0.99;0.43;-0.37;0.30;0.24;0.39;0.89;0.37;-0.06;0.49;-0.11;-0.50;0.90;-0.30;0.79;1.28;0.04;0.84;-0.50;0.00;0.18;-0.43;-0.13;0.14;-0.98;
0.43;0.43;0.37;0.20;-0.43;-0.87;0.43;-0.61;-1.22;0.26;0.23;0.99;0.67;-0.49;-0.06;0.24;0.39;0.89;0.37;-0.30;-0.12;-0.12;-0.50;0.90;-0.55;0.79;1.10;0.04;0.83;-0.51;-0.12;0.12;0.00;-0.12;0.14;-0.98;
0.67;0.30;0.43;0.21;-0.44;-0.87;0.12;-0.43;-0.73;0.25;0.23;0.99;0.73;-0.06;0.61;0.23;0.39;0.89;-0.06;-0.30;0.24;-0.11;-0.49;0.90;-0.18;0.61;1.34;0.04;0.83;-0.50;0.18;0.30;0.12;-0.12;0.15;-0.98;
0.37;0.18;0.06;0.20;-0.44;-0.88;0.55;-0.43;-1.40;0.26;0.23;0.98;0.37;-0.37;-0.06;0.23;0.39;0.89;0.18;-0.43;0.49;-0.12;-0.49;0.90;0.43;0.79;1.28;0.04;0.84;-0.50;0.00;0.37;-0.73;-0.12;0.14;-0.98;
0.18;0.00;-0.24;0.20;-0.44;-0.87;0.24;0.12;-1.16;0.27;0.22;0.99;-0.18;-0.61;0.06;0.24;0.39;0.90;0.79;-0.24;0.49;-0.11;-0.50;0.90;-0.18;0.49;1.52;0.04;0.83;-0.51;-0.24;0.24;0.43;-0.11;0.14;-0.98;
0.55;0.24;0.00;0.21;-0.43;-0.87;-0.55;-0.12;-0.61;0.26;0.23;0.99;0.67;-0.55;-0.18;0.22;0.38;0.90;0.06;-0.43;0.00;-0.12;-0.50;0.90;-2.07;1.10;3.54;0.05;0.84;-0.51;0.06;0.24;0.24;-0.12;0.13;-0.98;
0.30;0.24;0.43;0.20;-0.44;-0.87;-0.30;-0.24;-0.91;0.26;0.23;0.98;0.98;-0.12;-0.12;0.23;0.38;0.88;0.43;-0.30;0.55;-0.12;-0.49;0.90;-0.30;0.43;1.77;0.04;0.84;-0.50;0.12;-0.18;-0.12;-0.12;0.14;-0.98;
0.12;0.00;0.06;0.20;-0.44;-0.87;-0.73;-0.18;-0.79;0.26;0.23;0.98;-0.12;-0.12;0.30;0.23;0.39;0.88;0.18;0.37;0.24;-0.11;-0.50;0.89;0.00;0.30;2.07;0.04;0.84;-0.51;0.30;-0.12;-0.37;-0.12;0.13;-0.98;
0.12;0.43;0.67;0.21;-0.43;-0.87;-0.85;-0.30;-0.73;0.26;0.22;0.98;1.10;-0.37;-0.30;0.23;0.38;0.90;0.37;-0.12;0.18;-0.11;-0.50;0.89;-0.37;0.91;1.59;0.04;0.83;-0.51;-0.30;-0.55;-0.12;-0.12;0.14;-0.98;
0.24;-0.06;0.30;0.20;-0.43;-0.88;0.18;-0.55;-1.71;0.25;0.23;0.98;0.30;-0.43;-0.06;0.23;0.39;0.89;-0.06;-0.06;0.24;-0.13;-0.50;0.90;0.18;0.43;1.16;0.03;0.84;-0.49;0.12;0.49;0.12;-0.11;0.13;-0.98;
0.43;0.43;0.49;0.20;-0.44;-0.88;0.18;-0.49;-1.10;0.27;0.23;0.98;-0.24;-0.24;-0.18;0.24;0.39;0.89;-0.18;-0.55;0.24;-0.12;-0.50;0.90;-0.18;0.73;1.22;0.04;0.83;-0.51;-1.16;0.00;-0.12;-0.12;0.13;-0.98;
0.49;-0.49;0.18;0.21;-0.44;-0.88;-0.30;-0.18;-0.79;0.26;0.23;0.99;0.24;-0.24;0.00;0.23;0.39;0.89;0.67;-0.24;0.30;-0.11;-0.49;0.89;-0.43;0.49;1.40;0.04;0.83;-0.51;-0.30;0.43;0.18;-0.12;0.13;-0.98;
0.49;0.24;-0.24;0.21;-0.43;-0.87;-0.24;-0.55;-0.73;0.26;0.23;1.00;0.24;-0.18;0.24;0.23;0.39;0.89;0.06;-0.61;0.79;-0.12;-0.50;0.90;-0.91;0.37;2.07;0.03;0.85;-0.51;0.24;-0.06;0.79;-0.12;0.14;-0.98;
0.24;0.24;0.00;0.20;-0.44;-0.88;0.00;-0.49;-0.55;0.27;0.23;0.99;0.24;-0.30;-0.18;0.22;0.39;0.89;0.00;-0.24;0.06;-0.12;-0.50;0.89;0.24;0.98;1.46;0.04;0.83;-0.51;-0.30;0.00;-0.18;-0.12;0.14;-0.98;
0.00;0.12;0.18;0.21;-0.43;-0.87;-0.37;-0.37;-0.91;0.27;0.23;0.99;0.18;-0.12;-0.18;0.23;0.38;0.89;0.67;-0.18;-0.12;-0.12;-0.50;0.89;-0.30;0.73;1.83;0.04;0.83;-0.50;0.55;0.43;0.00;-0.12;0.14;-0.98;
0.00;0.30;0.06;0.20;-0.43;-0.88;-0.06;-0.55;-0.67;0.26;0.23;0.99;0.24;-0.73;0.43;0.23;0.38;0.89;0.12;-0.18;0.06;-0.11;-0.50;0.89;0.12;0.37;1.16;0.03;0.84;-0.51;-0.55;0.30;-0.18;-0.11;0.15;-0.97;
0.61;0.61;0.37;0.21;-0.44;-0.88;0.12;-0.30;-1.16;0.26;0.23;0.99;0.43;-1.04;-0.12;0.23;0.39;0.90;0.12;0.00;0.49;-0.12;-0.49;0.90;-0.49;0.49;1.46;0.04;0.83;-0.51;0.67;0.12;-0.06;-0.12;0.14;-0.98;
0.43;0.12;0.18;0.20;-0.43;-0.88;0.12;0.00;-0.98;0.26;0.23;1.00;0.24;-0.24;-0.06;0.23;0.38;0.89;0.12;-0.18;0.37;-0.12;-0.50;0.90;-0.30;1.28;1.59;0.03;0.83;-0.50;0.18;-0.24;-0.12;-0.12;0.14;-0.98;
0.43;0.24;0.12;0.20;-0.44;-0.87;-0.37;-0.12;-0.98;0.26;0.23;0.98;0.37;-0.18;-0.24;0.24;0.38;0.89;0.37;0.00;0.49;-0.12;-0.50;0.90;0.30;0.61;1.83;0.04;0.84;-0.50;0.06;-0.18;0.43;-0.12;0.14;-0.98;
0.67;-0.06;0.43;0.20;-0.43;-0.88;0.30;-0.55;-0.85;0.26;0.23;0.99;0.98;-0.12;0.30;0.24;0.39;0.89;0.00;-0.37;0.49;-0.12;-0.51;0.90;-0.06;0.43;1.83;0.04;0.83;-0.49;-0.12;0.12;0.00;-0.11;0.14;-0.98;
0.43;0.18;0.49;0.20;-0.43;-0.87;0.12;-0.30;-1.16;0.26;0.23;0.99;0.55;-0.06;-0.12;0.23;0.39;0.89;0.55;-0.24;0.24;-0.12;-0.50;0.89;-0.06;0.85;1.71;0.03;0.83;-0.50;0.30;0.00;-0.06;-0.12;0.14;-0.97;
0.37;0.18;0.18;0.20;-0.43;-0.88;-0.30;-0.24;-1.04;0.26;0.24;0.98;-0.43;-0.06;0.12;0.23;0.39;0.88;1.52;0.00;0.12;-0.11;-0.50;0.90;-0.12;0.18;1.77;0.03;0.83;-0.50;-0.18;0.06;0.12;-0.12;0.14;-0.98;
0.06;0.37;-0.06;0.21;-0.43;-0.87;0.61;-0.12;-1.22;0.26;0.24;0.99;0.67;0.00;0.24;0.23;0.39;0.89;0.30;-0.37;0.61;-0.12;-0.50;0.90;-0.43;0.24;1.59;0.03;0.83;-0.50;0.06;-0.06;0.06;-0.12;0.14;-0.98;
0.61;0.30;0.18;0.21;-0.44;-0.87;0.73;-0.49;-1.22;0.25;0.23;0.98;0.12;-0.49;0.18;0.24;0.38;0.89;0.43;-0.12;0.24;-0.12;-0.51;0.89;-0.12;0.43;1.22;0.04;0.83;-0.51;0.37;-0.06;0.24;-0.12;0.14;-0.98;
0.37;0.00;0.06;0.20;-0.44;-0.88;-1.16;-1.04;-0.98;0.26;0.23;0.98;0.67;-0.18;0.18;0.24;0.39;0.88;0.30;-0.37;0.30;-0.13;-0.49;0.89;0.00;0.91;1.28;0.04;0.84;-0.50;0.30;-0.18;-0.43;-0.12;0.14;-0.99;
-0.06;0.18;0.12;0.21;-0.44;-0.89;-0.43;-0.18;-1.10;0.26;0.23;0.99;0.98;-0.30;0.37;0.23;0.39;0.89;0.30;-0.37;0.61;-0.12;-0.50;0.90;-0.06;0.61;1.40;0.04;0.84;-0.50;0.30;-0.06;-0.06;-0.12;0.14;-0.97;
0.37;-0.37;-0.06;0.20;-0.43;-0.87;0.00;-0.18;-0.43;0.26;0.22;0.98;0.61;-0.67;0.00;0.24;0.39;0.90;0.24;-0.30;0.37;-0.11;-0.50;0.90;-0.18;0.12;1.28;0.04;0.84;-0.51;0.37;0.55;0.24;-0.12;0.14;-0.98;
0.61;-0.06;0.30;0.21;-0.43;-0.87;-0.24;-0.37;-0.49;0.26;0.22;0.99;0.67;-0.30;0.00;0.23;0.38;0.89;0.00;-0.37;0.06;-0.12;-0.50;0.90;-0.37;0.37;1.65;0.03;0.83;-0.50;0.18;0.30;0.37;-0.11;0.14;-0.98;
0.55;-0.24;0.12;0.20;-0.44;-0.88;0.00;-0.24;-0.67;0.26;0.23;0.98;0.49;-0.24;0.12;0.23;0.39;0.89;0.06;-0.18;0.18;-0.12;-0.50;0.90;-0.55;0.30;0.73;0.03;0.84;-0.49;0.37;0.30;0.06;-0.12;0.14;-0.99;
0.43;0.43;0.24;0.20;-0.44;-0.88;-0.43;-0.37;-1.52;0.26;0.23;0.99;0.37;-0.61;0.24;0.23;0.39;0.89;0.12;0.00;0.12;-0.12;-0.50;0.90;-0.24;0.79;1.34;0.04;0.85;-0.51;0.18;0.30;0.12;-0.12;0.15;-0.98;
0.18;0.12;0.18;0.20;-0.43;-0.88;-0.24;-0.43;-1.65;0.26;0.23;0.99;0.85;0.12;0.18;0.23;0.39;0.89;0.18;-0.12;0.61;-0.12;-0.50;0.90;0.12;0.43;1.22;0.03;0.83;-0.50;0.18;0.06;-0.12;-0.11;0.14;-0.98;
0.30;0.37;0.06;0.20;-0.44;-0.87;0.30;-0.24;-0.79;0.27;0.23;1.00;0.12;-0.24;-0.18;0.23;0.39;0.89;0.18;0.06;0.18;-0.12;-0.50;0.90;-1.28;0.85;1.59;0.04;0.84;-0.49;0.12;0.24;-0.12;-0.12;0.14;-0.98;
0.24;0.43;-0.06;0.20;-0.43;-0.88;0.37;-1.04;-1.28;0.26;0.24;0.99;0.37;0.00;0.24;0.23;0.39;0.89;0.49;-0.37;0.06;-0.11;-0.50;0.89;-0.43;1.04;1.52;0.04;0.82;-0.51;0.12;-0.37;-0.12;-0.13;0.15;-0.98;
0.43;0.30;0.00;0.21;-0.43;-0.87;0.43;-0.06;-0.43;0.26;0.23;0.98;0.37;-0.43;0.55;0.23;0.39;0.90;0.12;-0.37;-0.06;-0.12;-0.50;0.90;-0.18;0.37;1.52;0.03;0.84;-0.50;0.37;0.24;-0.30;-0.12;0.15;-0.98;
0.18;0.30;0.30;0.21;-0.43;-0.87;1.10;-0.06;-1.34;0.27;0.23;0.99;0.55;-0.73;0.43;0.23;0.39;0.90;0.00;-0.24;0.37;-0.11;-0.49;0.89;-0.61;0.91;1.28;0.04;0.84;-0.49;-0.06;0.12;0.24;-0.11;0.14;-0.97;
0.49;0.30;-0.06;0.21;-0.44;-0.88;2.07;-0.79;-1.52;0.26;0.23;0.99;0.79;-0.55;-0.06;0.24;0.40;0.88;0.67;-0.30;0.30;-0.12;-0.50;0.90;-0.24;1.28;1.04;0.04;0.83;-0.51;-0.30;0.24;-0.12;-0.12;0.14;-0.99;
-0.12;0.49;0.12;0.22;-0.44;-0.87;-0.85;-0.37;-0.43;0.26;0.23;0.98;1.04;-0.24;0.24;0.23;0.40;0.89;0.30;-0.37;-0.06;-0.12;-0.50;0.90;-0.49;0.73;1.16;0.04;0.83;-0.51;0.12;0.24;-0.24;-0.12;0.14;-0.98;
-0.12;0.24;0.18;0.20;-0.43;-0.88;-1.34;-0.37;-0.79;0.27;0.22;0.99;0.55;-0.18;0.49;0.23;0.38;0.90;0.37;-0.18;0.12;-0.12;-0.50;0.89;-0.61;0.91;1.04;0.03;0.83;-0.50;0.55;0.12;0.12;-0.12;0.14;-0.99;
0.67;0.24;0.06;0.20;-0.44;-0.88;-0.12;-0.55;-1.16;0.26;0.23;0.98;0.12;-0.49;0.24;0.23;0.38;0.89;-0.18;-0.49;0.30;-0.12;-0.50;0.89;-0.37;0.98;1.83;0.04;0.84;-0.50;0.18;0.18;0.12;-0.12;0.15;-0.98;
0.06;0.43;-0.06;0.20;-0.44;-0.88;0.24;-0.73;-0.79;0.26;0.24;0.98;0.43;-0.49;0.79;0.24;0.38;0.90;0.37;-0.30;0.37;-0.11;-0.50;0.89;-0.06;0.85;1.59;0.04;0.84;-0.51;0.00;0.12;-0.37;-0.12;0.14;-0.99;
0.37;0.43;0.49;0.20;-0.43;-0.88;0.12;0.06;-0.55;0.26;0.23;0.99;0.30;-0.91;0.30;0.23;0.39;0.89;0.37;-0.12;0.43;-0.11;-0.50;0.89;-0.49;0.79;1.52;0.03;0.83;-0.50;0.67;0.06;-0.06;-0.12;0.14;-0.98;
0.12;0.12;-0.18;0.20;-0.43;-0.88;0.12;-0.67;-1.22;0.27;0.23;0.98;0.00;-0.91;-0.18;0.23;0.39;0.89;0.37;-0.12;0.00;-0.12;-0.49;0.89;0.24;0.73;1.65;0.03;0.83;-0.51;0.30;0.18;-0.12;-0.12;0.14;-0.97;
0.49;0.00;0.12;0.20;-0.44;-0.88;0.30;-0.18;-0.85;0.26;0.23;0.99;0.24;-0.30;-0.18;0.23;0.39;0.89;0.30;-0.43;0.37;-0.12;-0.51;0.89;0.24;0.73;1.59;0.03;0.84;-0.51;0.12;0.06;0.43;-0.11;0.14;-0.98;
-0.06;0.00;0.06;0.20;-0.43;-0.87;-0.49;-0.43;-1.22;0.26;0.23;0.99;0.49;-0.06;0.30;0.24;0.39;0.89;0.61;0.06;-0.18;-0.12;-0.50;0.90;-0.55;0.91;1.28;0.03;0.83;-0.50;0.00;0.12;-0.18;-0.11;0.14;-0.98;
0.43;0.06;0.30;0.21;-0.44;-0.88;0.00;0.24;-0.85;0.26;0.23;0.99;1.04;-0.55;0.49;0.23;0.39;0.89;-0.67;-0.06;0.24;-0.11;-0.50;0.90;-0.49;0.61;1.59;0.03;0.83;-0.50;0.12;0.12;0.30;-0.12;0.14;-0.98;
0.61;0.55;0.06;0.20;-0.43;-0.88;-0.30;-0.24;-1.46;0.26;0.23;0.98;0.61;-0.24;0.00;0.24;0.39;0.89;0.24;-0.55;0.37;-0.12;-0.50;0.89;0.24;0.73;1.46;0.03;0.83;-0.50;0.30;0.37;-0.24;-0.12;0.14;-0.98;
0.61;0.30;0.43;0.21;-0.44;-0.87;0.55;-0.30;-1.04;0.26;0.22;0.99;1.04;-0.12;0.00;0.23;0.39;0.89;0.18;-0.24;0.12;-0.11;-0.50;0.90;-0.37;0.91;1.46;0.03;0.84;-0.50;-0.18;0.00;-0.06;-0.12;0.14;-0.97;
0.43;-0.30;0.49;0.20;-0.44;-0.88;0.06;-0.55;-0.79;0.26;0.23;0.98;0.30;-0.37;0.24;0.23;0.39;0.89;0.12;-0.43;0.00;-0.12;-0.49;0.91;-0.24;0.55;1.59;0.03;0.83;-0.50;0.67;-0.06;0.24;-0.12;0.14;-0.99;
0.61;0.24;0.30;0.20;-0.44;-0.88;0.79;-0.73;-0.55;0.26;0.24;0.98;0.24;-0.43;0.06;0.23;0.39;0.90;0.67;-0.55;0.67;-0.11;-0.49;0.89;-0.12;0.61;1.59;0.03;0.84;-0.51;0.06;0.06;0.00;-0.11;0.14;-0.98;
0.67;0.18;0.06;0.20;-0.44;-0.87;-0.06;-0.55;-1.22;0.26;0.23;0.98;0.00;-0.37;0.12;0.23;0.39;0.88;0.00;-0.12;0.49;-0.12;-0.49;0.90;-0.18;0.24;1.95;0.04;0.83;-0.50;0.30;0.30;0.30;-0.11;0.14;-0.98;
0.30;0.55;0.30;0.21;-0.43;-0.87;-0.61;-0.85;-0.85;0.26;0.23;0.98;0.30;-0.98;0.12;0.23;0.39;0.89;0.67;-0.37;0.55;-0.11;-0.49;0.89;-0.91;0.43;1.59;0.04;0.83;-0.50;0.73;-0.06;0.00;-0.11;0.14;-0.99;
0.55;0.24;0.18;0.21;-0.44;-0.88;0.55;-0.79;-1.04;0.26;0.24;0.99;0.12;-0.55;0.37;0.23;0.39;0.90;0.73;0.00;0.24;-0.12;-0.50;0.90;-0.55;0.55;1.40;0.04;0.83;-0.50;0.30;0.30;-0.18;-0.12;0.14;-0.98;
0.30;-0.06;0.24;0.20;-0.43;-0.87;1.89;0.06;-1.52;0.25;0.24;0.98;-0.12;-0.73;0.24;0.23;0.39;0.88;0.00;-0.79;0.37;-0.12;-0.51;0.90;0.37;0.18;1.83;0.04;0.84;-0.49;0.18;0.00;-0.06;-0.12;0.14;-0.99;
0.55;0.61;0.30;0.21;-0.43;-0.88;-0.91;-0.06;-0.85;0.26;0.23;0.98;0.55;-0.12;0.12;0.23;0.39;0.90;0.18;-0.55;0.12;-0.12;-0.50;0.89;0.18;0.61;1.77;0.04;0.84;-0.51;0.61;-0.24;-0.37;-0.11;0.14;-0.98;
0.12;-0.18;0.55;0.20;-0.43;-0.88;-0.79;-0.55;-0.61;0.26;0.23;0.98;0.06;-0.24;0.18;0.23;0.39;0.89;0.30;-0.61;0.12;-0.12;-0.49;0.91;0.00;0.24;1.89;0.04;0.84;-0.50;0.30;-0.24;0.37;-0.12;0.14;-0.98;
0.12;0.12;0.61;0.21;-0.44;-0.88;-0.24;-0.30;-1.40;0.26;0.23;0.98;0.67;-0.49;-0.12;0.23;0.38;0.88;0.37;-0.67;0.55;-0.12;-0.50;0.89;0.67;0.73;1.59;0.05;0.83;-0.50;0.30;-0.06;0.43;-0.11;0.14;-0.99;
0.06;-0.18;0.24;0.21;-0.44;-0.88;-0.30;-0.55;-1.22;0.26;0.23;0.98;0.73;-0.55;0.18;0.24;0.39;0.89;0.06;-0.37;0.30;-0.11;-0.50;0.89;-0.24;0.61;1.52;0.03;0.84;-0.51;0.12;0.06;-0.30;-0.11;0.13;-0.98;
0.18;0.06;0.24;0.20;-0.43;-0.87;-0.18;-0.24;-1.04;0.26;0.23;0.98;-0.06;-0.18;0.12;0.23;0.39;0.89;0.67;-0.37;0.43;-0.12;-0.51;0.88;-0.73;0.67;1.34;0.04;0.84;-0.51;-0.12;0.67;-0.18;-0.11;0.14;-0.98;
0.37;-0.06;0.18;0.21;-0.43;-0.87;0.12;-0.18;-1.10;0.25;0.24;0.99;0.43;-0.61;0.43;0.24;0.39;0.89;0.00;0.12;0.43;-0.12;-0.50;0.89;-0.43;0.67;1.04;0.03;0.83;-0.51;0.24;0.12;-0.06;-0.13;0.14;-0.99;
0.37;0.18;-0.12;0.21;-0.44;-0.88;0.30;-0.18;-0.85;0.25;0.24;0.98;0.49;-0.73;0.24;0.23;0.39;0.90;0.43;-0.37;0.00;-0.11;-0.50;0.89;0.43;0.30;1.16;0.03;0.84;-0.50;0.49;0.37;0.12;-0.12;0.14;-0.97;
0.12;0.79;-0.06;0.20;-0.44;-0.87;-0.12;0.37;-0.98;0.26;0.24;0.99;-0.06;-0.24;0.37;0.24;0.38;0.88;0.49;0.00;0.43;-0.12;-0.49;0.90;0.24;0.37;1.46;0.03;0.84;-0.50;0.85;-0.06;0.12;-0.12;0.13;-0.97;
0.00;0.24;0.24;0.21;-0.43;-0.87;0.12;-0.43;0.12;0.26;0.24;0.98;0.37;-0.49;0.06;0.23;0.39;0.90;0.18;-0.61;0.12;-0.11;-0.50;0.90;-0.37;1.04;1.65;0.04;0.84;-0.50;-0.49;-0.12;-0.30;-0.12;0.14;-0.98;
0.79;0.55;0.73;0.21;-0.43;-0.87;-0.30;-0.43;-1.22;0.25;0.23;0.98;0.61;-0.67;0.30;0.23;0.39;0.89;0.12;-0.61;0.12;-0.11;-0.51;0.91;-0.24;0.30;1.16;0.03;0.84;-0.51;0.12;0.49;0.18;-0.12;0.14;-0.98;
0.37;0.18;0.30;0.19;-0.44;-0.87;-0.30;-0.37;-0.49;0.26;0.23;0.99;0.18;-0.55;-0.18;0.24;0.39;0.89;0.37;-0.18;0.55;-0.13;-0.49;0.90;-0.18;0.73;1.46;0.04;0.84;-0.50;0.30;0.24;-0.24;-0.12;0.14;-0.99;
0.43;-0.06;-0.12;0.21;-0.44;-0.88;-1.65;-0.30;-0.24;0.26;0.23;0.98;1.22;0.18;-0.37;0.23;0.38;0.88;-0.12;-0.12;-0.06;-0.11;-0.50;0.91;-0.61;0.85;1.52;0.04;0.83;-0.50;-0.12;0.00;-0.30;-0.12;0.14;-0.98;
0.18;-0.12;-0.30;0.21;-0.43;-0.87;-0.79;0.00;-0.43;0.25;0.24;0.98;0.85;-0.67;-0.12;0.23;0.39;0.90;1.04;-0.37;0.12;-0.12;-0.50;0.91;0.91;-0.06;1.52;0.03;0.84;-0.50;-0.37;0.12;0.00;-0.12;0.13;-0.98;
0.61;-0.30;0.12;0.20;-0.43;-0.88;0.12;-0.55;-0.61;0.25;0.23;0.98;0.37;-0.43;-0.24;0.22;0.38;0.90;0.12;-0.18;0.24;-0.12;-0.51;0.89;-0.73;0.85;1.28;0.04;0.83;-0.51;0.30;-0.06;0.30;-0.12;0.14;-0.98;
0.85;0.12;0.30;0.20;-0.44;-0.87;-0.06;-0.43;-0.85;0.26;0.23;0.98;0.49;-0.24;0.67;0.23;0.39;0.89;0.37;-0.30;0.30;-0.12;-0.50;0.90;-0.73;0.61;1.34;0.04;0.84;-0.51;-0.18;-0.06;-0.37;-0.11;0.14;-0.98;
0.37;0.37;-0.06;0.21;-0.44;-0.87;0.37;-0.43;-0.98;0.26;0.24;0.98;0.37;-0.37;0.24;0.24;0.39;0.89;0.43;-0.06;0.18;-0.12;-0.50;0.90;0.12;0.55;1.65;0.03;0.83;-0.50;0.06;0.24;0.00;-0.11;0.14;-0.98;
0.43;0.43;0.43;0.21;-0.44;-0.88;-0.06;-0.37;-0.98;0.26;0.23;0.98;0.24;-0.61;-0.06;0.24;0.39;0.90;0.55;-0.24;0.24;-0.12;-0.50;0.89;0.24;1.10;1.16;0.04;0.84;-0.50;0.12;0.06;0.24;-0.11;0.14;-0.98;
0.12;0.85;0.43;0.21;-0.43;-0.88;-0.61;-0.12;-0.85;0.26;0.23;0.99;0.30;-0.24;0.30;0.23;0.38;0.89;0.24;-0.24;0.24;-0.12;-0.50;0.90;0.55;0.43;1.65;0.04;0.83;-0.51;0.67;0.06;0.00;-0.11;0.14;-0.98;
0.37;0.43;0.30;0.21;-0.43;-0.87;0.06;-0.37;-1.52;0.27;0.23;0.98;0.55;-0.30;0.49;0.23;0.38;0.90;0.12;-0.18;0.30;-0.11;-0.50;0.90;0.00;0.49;1.46;0.04;0.83;-0.51;-0.43;0.18;-0.06;-0.12;0.13;-0.98;
0.43;0.18;0.00;0.21;-0.43;-0.88;0.18;-0.73;-1.34;0.26;0.24;0.99;0.98;-0.79;-0.49;0.23;0.39;0.89;0.12;-0.18;0.24;-0.12;-0.50;0.90;-0.06;0.85;1.59;0.03;0.84;-0.51;0.18;0.18;0.18;-0.11;0.15;-0.98;
0.55;0.00;0.12;0.21;-0.44;-0.87;0.06;-0.55;-0.91;0.26;0.23;0.99;0.61;-0.30;0.12;0.23;0.38;0.89;0.00;-0.67;0.18;-0.11;-0.50;0.89;-0.18;0.61;1.46;0.03;0.83;-0.50;-0.12;0.06;-0.24;-0.13;0.14;-0.98;
0.06;0.12;0.37;0.20;-0.44;-0.88;-0.06;-0.49;-0.98;0.26;0.23;0.98;-0.43;-0.55;0.00;0.23;0.39;0.88;0.30;-0.55;0.30;-0.12;-0.50;0.89;-0.55;0.85;1.22;0.03;0.84;-0.51;0.00;0.06;0.18;-0.12;0.15;-0.97;
0.12;0.18;0.30;0.20;-0.43;-0.87;0.37;-0.55;-1.22;0.25;0.24;0.99;0.55;-0.06;0.30;0.23;0.39;0.89;0.06;-0.30;0.67;-0.12;-0.49;0.90;-0.18;0.24;1.40;0.04;0.84;-0.50;-0.24;-0.06;0.24;-0.12;0.14;-0.98;
0.37;-0.30;0.00;0.20;-0.45;-0.89;-0.06;-0.61;-0.85;0.26;0.23;0.99;0.24;-0.43;-0.24;0.23;0.39;0.89;0.37;-0.18;0.18;-0.12;-0.49;0.90;-0.24;0.12;1.22;0.04;0.84;-0.51;-0.06;0.30;-0.30;-0.12;0.14;-0.98;
0.61;0.55;-0.12;0.21;-0.44;-0.88;-0.12;-0.37;-1.34;0.25;0.23;0.98;0.61;-0.43;-0.06;0.23;0.38;0.89;-0.37;-0.18;0.30;-0.12;-0.50;0.90;-0.18;0.12;1.34;0.03;0.84;-0.50;0.67;0.18;0.12;-0.11;0.14;-0.99;
0.30;0.18;0.18;0.20;-0.43;-0.88;-0.43;-0.24;-0.79;0.26;0.23;0.98;0.18;-0.43;0.61;0.24;0.39;0.89;-0.12;-0.18;0.49;-0.12;-0.50;0.89;0.06;0.67;1.89;0.04;0.84;-0.50;0.43;0.00;-0.06;-0.11;0.15;-0.99;
0.79;0.06;0.06;0.20;-0.44;-0.87;-0.30;-0.37;-0.85;0.26;0.23;0.97;0.24;-0.73;-0.24;0.24;0.39;0.89;0.06;-0.12;0.24;-0.12;-0.50;0.90;-0.85;0.12;1.83;0.04;0.83;-0.49;-0.37;0.18;0.18;-0.11;0.14;-0.98;
1.28;0.49;0.37;0.21;-0.44;-0.88;0.67;-0.30;-1.65;0.26;0.24;0.99;0.18;-0.30;0.37;0.24;0.39;0.90;0.55;-0.49;0.37;-0.12;-0.50;0.89;-0.43;0.43;1.65;0.04;0.83;-0.51;0.12;0.24;0.12;-0.12;0.14;-0.98;
0.61;0.43;-0.24;0.21;-0.44;-0.87;-1.71;-0.73;-0.49;0.26;0.23;0.98;1.28;-0.18;0.06;0.23;0.38;0.89;0.61;-0.30;0.67;-0.11;-0.49;0.90;-0.85;1.04;1.52;0.03;0.83;-0.51;0.12;-0.30;0.06;-0.12;0.13;-0.98;
0.18;0.18;0.49;0.21;-0.44;-0.88;0.61;-0.91;-1.71;0.25;0.23;0.99;0.18;-0.30;0.24;0.23;0.38;0.89;-0.37;-0.49;0.00;-0.12;-0.50;0.89;0.18;0.98;1.10;0.04;0.84;-0.51;0.00;-0.18;-0.18;-0.12;0.14;-0.98;
0.30;0.18;-0.18;0.21;-0.43;-0.88;-0.61;-0.55;-1.04;0.26;0.23;0.99;0.30;-0.43;0.67;0.23;0.39;0.89;0.37;-0.18;0.30;-0.12;-0.50;0.90;0.06;0.85;1.34;0.03;0.84;-0.51;0.30;-0.18;0.18;-0.12;0.14;-0.97;
-0.18;0.06;0.37;0.21;-0.44;-0.87;0.61;-0.37;-0.61;0.26;0.24;0.98;-0.49;-0.61;0.24;0.24;0.39;0.89;-0.18;-0.06;-0.43;-0.12;-0.50;0.89;0.37;0.67;1.59;0.03;0.83;-0.50;-0.18;0.24;-0.18;-0.12;0.14;-0.98;
0.24;0.12;0.18;0.21;-0.44;-0.87;0.30;-0.49;-0.85;0.26;0.24;0.99;-0.12;-0.43;0.00;0.23;0.39;0.89;0.12;-0.30;0.30;-0.12;-0.49;0.89;-0.30;0.91;1.40;0.04;0.84;-0.51;0.24;0.24;-0.37;-0.12;0.14;-0.98;
0.30;0.37;-0.18;0.20;-0.43;-0.88;-0.12;-0.24;-1.28;0.26;0.23;0.98;0.24;-0.30;-0.24;0.24;0.39;0.89;0.24;-0.30;0.49;-0.12;-0.50;0.89;-0.18;0.55;1.16;0.03;0.84;-0.51;0.12;-0.12;0.18;-0.11;0.14;-0.98;
0.30;-0.24;0.12;0.20;-0.44;-0.87;-0.06;-0.37;-0.85;0.27;0.23;0.98;0.61;-0.61;-0.18;0.22;0.38;0.90;0.18;-0.18;0.06;-0.12;-0.50;0.90;-0.43;0.55;1.52;0.03;0.83;-0.51;0.06;0.18;-0.06;-0.12;0.14;-0.98;
0.24;0.06;-0.06;0.20;-0.44;-0.87;0.55;0.06;-0.73;0.26;0.24;0.98;0.61;-0.18;0.37;0.22;0.39;0.88;0.06;-0.30;0.00;-0.12;-0.51;0.89;0.00;0.79;1.65;0.04;0.84;-0.51;0.00;0.06;-0.06;-0.12;0.14;-0.97;
0.43;0.00;0.18;0.21;-0.44;-0.87;-0.06;-0.30;-1.22;0.27;0.23;0.98;0.24;0.06;-0.06;0.24;0.39;0.89;-0.12;-0.43;0.06;-0.12;-0.50;0.90;-0.12;0.24;1.59;0.04;0.83;-0.50;0.55;-0.18;0.49;-0.12;0.14;-0.98;
0.91;0.12;0.43;0.21;-0.43;-0.86;-0.24;-0.12;-0.98;0.27;0.24;0.99;0.30;-0.67;0.24;0.23;0.38;0.90;0.00;-0.06;0.30;-0.12;-0.50;0.90;0.24;0.37;1.52;0.04;0.84;-0.50;0.00;0.00;-0.12;-0.12;0.15;-0.98;
0.37;0.30;0.49;0.20;-0.44;-0.88;0.24;-0.55;-0.79;0.27;0.23;0.98;0.49;-0.24;0.30;0.23;0.39;0.89;0.43;-0.24;0.49;-0.12;-0.49;0.90;-0.24;0.98;1.71;0.04;0.82;-0.50;0.18;-0.24;0.24;-0.11;0.14;-0.98;
0.49;0.67;-0.12;0.21;-0.44;-0.87;-0.43;-0.67;-0.43;0.26;0.23;0.98;0.73;-0.24;-0.30;0.23;0.39;0.89;-0.06;-0.06;0.24;-0.12;-0.50;0.89;-0.30;0.79;1.40;0.04;0.83;-0.51;-0.30;-0.06;0.37;-0.11;0.14;-0.98;
0.43;0.06;0.18;0.21;-0.43;-0.87;-0.43;0.00;-1.16;0.26;0.24;0.98;0.61;-0.61;0.06;0.23;0.39;0.89;0.30;-0.18;0.43;-0.12;-0.50;0.90;-1.52;1.71;1.40;0.03;0.84;-0.51;-0.06;0.37;0.18;-0.12;0.14;-0.98;
0.49;0.37;0.18;0.21;-0.43;-0.87;-0.12;-0.43;-1.34;0.26;0.24;0.98;-0.61;-0.55;0.06;0.23;0.39;0.88;0.18;-0.24;-0.12;-0.12;-0.50;0.90;-0.43;0.73;1.77;0.05;0.83;-0.50;0.30;0.24;0.49;-0.12;0.14;-0.98;
0.43;0.18;0.12;0.20;-0.43;-0.87;0.12;-0.06;-1.10;0.27;0.24;0.98;0.30;-0.55;0.06;0.23;0.39;0.89;0.24;-0.67;0.00;-0.12;-0.50;0.89;-0.12;0.43;1.65;0.04;0.83;-0.51;-0.18;0.06;-0.18;-0.11;0.15;-0.98;
0.85;-0.06;0.43;0.21;-0.44;-0.87;-0.12;-0.37;-0.98;0.26;0.24;0.98;0.55;-0.37;0.37;0.24;0.39;0.89;0.06;-0.55;0.06;-0.11;-0.50;0.90;-0.24;0.24;1.40;0.04;0.84;-0.51;0.06;-0.12;-0.30;-0.12;0.13;-0.98;
0.61;0.49;0.18;0.20;-0.43;-0.87;0.00;-0.43;-0.55;0.26;0.24;0.99;0.18;0.30;-0.61;0.23;0.39;0.88;0.18;-0.18;0.49;-0.11;-0.50;0.90;-0.30;0.79;1.65;0.03;0.84;-0.51;-0.12;-0.06;0.12;-0.12;0.15;-0.98;
-0.12;0.43;0.12;0.20;-0.43;-0.87;-0.37;-0.67;-1.16;0.26;0.23;0.98;0.61;-0.55;0.06;0.23;0.38;0.90;0.18;-0.55;0.12;-0.12;-0.50;0.89;-0.18;0.43;1.40;0.03;0.83;-0.50;0.37;0.06;-0.18;-0.11;0.14;-0.99;
0.61;0.00;0.30;0.21;-0.44;-0.88;0.18;-0.30;-1.40;0.27;0.23;0.98;0.61;-0.61;0.18;0.22;0.39;0.89;0.67;-0.24;0.43;-0.11;-0.50;0.90;0.00;0.91;1.59;0.04;0.83;-0.51;-0.06;0.06;-0.30;-0.11;0.14;-0.98;
0.43;0.43;0.55;0.21;-0.44;-0.88;-0.12;-0.18;-0.85;0.26;0.23;0.98;0.30;-0.61;0.24;0.24;0.40;0.89;-0.18;-0.61;0.43;-0.11;-0.49;0.90;0.00;0.49;1.16;0.03;0.83;-0.51;0.00;0.61;0.06;-0.12;0.14;-0.99;
0.61;0.00;0.00;0.21;-0.43;-0.88;-0.06;-0.30;-0.91;0.26;0.23;0.98;0.43;-0.43;0.06;0.23;0.39;0.89;0.37;-0.49;0.24;-0.12;-0.50;0.90;-0.24;1.22;1.83;0.03;0.83;-0.51;0.00;0.43;0.30;-0.11;0.13;-0.98;
0.37;0.00;0.00;0.21;-0.44;-0.88;0.24;-0.30;-1.22;0.26;0.23;0.99;0.24;-0.55;0.06;0.22;0.39;0.89;-0.12;-0.24;0.37;-0.12;-0.49;0.90;-0.18;0.61;1.40;0.04;0.84;-0.51;0.37;-0.06;0.18;-0.11;0.14;-0.98;
0.43;0.49;0.18;0.21;-0.44;-0.88;0.30;-0.85;-1.40;0.26;0.24;0.98;0.43;-0.55;-0.06;0.23;0.39;0.88;-0.06;-0.43;0.24;-0.12;-0.49;0.89;0.30;0.37;1.10;0.04;0.83;-0.51;0.06;-0.24;-0.06;-0.11;0.14;-0.98;
0.12;-0.06;-0.30;0.21;-0.43;-0.88;0.24;-0.06;-0.43;0.27;0.23;0.98;0.43;-0.30;0.12;0.24;0.39;0.89;-0.12;-0.55;0.61;-0.11;-0.50;0.90;-0.55;0.37;1.28;0.04;0.83;-0.50;0.24;0.06;-0.18;-0.11;0.14;-0.98;
-0.12;0.00;0.12;0.21;-0.44;-0.87;0.06;-0.12;-1.34;0.26;0.24;0.99;1.04;-0.73;0.06;0.24;0.39;0.89;0.24;-0.55;0.06;-0.11;-0.49;0.90;-0.37;0.79;1.34;0.04;0.83;-0.51;-0.30;0.24;-0.18;-0.13;0.14;-0.98;
-0.06;-0.30;0.00;0.20;-0.43;-0.88;0.37;-0.43;-0.98;0.26;0.24;0.99;0.55;-0.55;0.30;0.23;0.39;0.89;0.18;-0.49;0.24;-0.13;-0.50;0.90;0.00;0.18;1.71;0.04;0.83;-0.50;0.18;0.00;0.18;-0.11;0.13;-0.98;
-0.06;0.12;0.49;0.21;-0.44;-0.87;0.79;-0.12;-0.61;0.26;0.24;0.98;0.18;-0.30;0.00;0.24;0.38;0.89;0.12;0.00;0.18;-0.12;-0.50;0.90;-0.67;0.67;1.71;0.04;0.84;-0.50;0.30;0.12;0.18;-0.11;0.13;-0.98;
0.67;-0.06;-0.24;0.21;-0.44;-0.88;-0.24;-0.24;-1.34;0.26;0.24;0.99;0.67;-0.30;0.18;0.23;0.38;0.89;0.24;-0.73;0.55;-0.11;-0.50;0.90;-0.73;0.49;1.34;0.04;0.83;-0.51;0.00;0.00;-0.24;-0.11;0.14;-0.98;
0.49;0.00;-0.12;0.20;-0.43;-0.87;0.49;0.06;-1.40;0.26;0.23;0.98;0.06;-0.61;0.18;0.22;0.38;0.89;0.49;-0.55;0.43;-0.12;-0.50;0.89;0.18;0.79;1.28;0.04;0.83;-0.51;0.00;-0.06;-0.43;-0.11;0.14;-0.98;
0.24;0.24;-0.30;0.21;-0.44;-0.88;1.22;-0.79;-1.04;0.26;0.24;0.99;1.04;-0.61;-0.37;0.24;0.40;0.89;0.49;-0.55;0.30;-0.12;-0.49;0.89;-1.04;0.43;1.04;0.04;0.84;-0.51;0.24;0.24;0.37;-0.12;0.14;-0.99;
0.37;0.30;-0.12;0.20;-0.43;-0.88;3.66;-0.30;-1.65;0.26;0.24;0.97;0.37;-0.49;-0.37;0.23;0.40;0.89;0.00;-0.12;-0.06;-0.12;-0.50;0.90;-1.28;0.85;1.22;0.04;0.83;-0.49;0.12;0.30;-0.06;-0.12;0.14;-0.99;
0.61;0.12;0.37;0.21;-0.44;-0.87;-0.67;-0.49;-0.49;0.26;0.23;0.98;2.20;-0.43;-0.37;0.23;0.39;0.90;0.12;-0.24;0.06;-0.12;-0.50;0.91;-0.30;0.85;1.71;0.04;0.84;-0.50;0.55;-0.30;0.00;-0.12;0.14;-0.98;
0.24;0.00;0.12;0.20;-0.43;-0.88;0.00;-0.61;-1.40;0.27;0.23;0.98;0.43;-0.30;-0.24;0.23;0.39;0.89;0.24;-0.49;0.37;-0.12;-0.50;0.89;-0.79;0.67;1.71;0.04;0.84;-0.49;0.00;0.18;-0.18;-0.12;0.14;-0.98;
0.12;-0.06;-0.18;0.21;-0.43;-0.86;-0.55;-0.49;-1.10;0.26;0.23;0.99;1.10;-0.30;0.79;0.23;0.39;0.89;-0.06;-0.37;0.49;-0.12;-0.49;0.90;-0.24;0.61;1.83;0.04;0.84;-0.50;0.18;-0.12;0.49;-0.12;0.14;-0.98;
0.85;0.37;0.61;0.20;-0.44;-0.88;0.00;-0.67;-1.28;0.25;0.23;0.98;0.06;-0.18;-0.12;0.23;0.39;0.88;0.43;-0.30;0.24;-0.12;-0.50;0.89;-0.49;1.22;1.10;0.03;0.83;-0.51;0.12;0.12;-0.24;-0.12;0.14;-0.98;
0.30;0.37;0.00;0.21;-0.43;-0.87;0.55;-0.43;-1.22;0.27;0.24;0.98;0.18;-0.24;0.12;0.23;0.39;0.91;0.24;-0.49;0.43;-0.12;-0.50;0.89;-0.43;0.79;1.46;0.03;0.84;-0.50;0.43;0.00;0.12;-0.12;0.13;-0.98;
0.12;-0.12;0.18;0.21;-0.43;-0.87;0.43;-0.24;-0.49;0.26;0.23;0.99;0.49;-0.85;0.00;0.22;0.39;0.89;-0.06;-0.24;-0.18;-0.12;-0.50;0.90;-0.12;0.73;1.77;0.04;0.83;-0.49;0.12;0.00;-0.12;-0.12;0.15;-0.98;
0.43;0.24;0.24;0.20;-0.44;-0.87;-0.24;0.12;-0.91;0.26;0.24;0.99;0.61;-0.18;-0.12;0.23;0.39;0.88;0.06;0.06;0.43;-0.11;-0.51;0.90;-0.30;0.67;1.16;0.04;0.84;-0.51;0.37;0.24;-0.37;-0.11;0.14;-0.98;
0.61;0.49;-0.49;0.20;-0.44;-0.88;0.37;-0.18;-0.79;0.26;0.24;0.99;0.30;-0.43;0.12;0.23;0.39;0.88;-0.37;-0.49;0.06;-0.12;-0.49;0.89;-0.43;0.61;1.46;0.04;0.83;-0.51;-0.12;-0.24;-0.30;-0.11;0.13;-0.98;
0.30;0.24;-0.12;0.21;-0.44;-0.87;0.24;-0.49;-1.34;0.26;0.23;0.99;0.73;-0.61;0.37;0.23;0.39;0.89;0.49;-0.98;0.18;-0.12;-0.49;0.90;-0.12;0.61;1.71;0.04;0.84;-0.51;0.43;-0.12;-0.30;-0.11;0.14;-0.98;
0.55;0.30;0.12;0.21;-0.44;-0.88;0.85;-0.43;-0.91;0.26;0.23;0.99;0.18;-0.61;-0.30;0.23;0.39;0.89;0.06;-0.98;0.12;-0.11;-0.49;0.91;0.18;0.73;1.22;0.03;0.83;-0.49;0.18;0.00;0.00;-0.11;0.14;-0.98;
0.37;0.55;0.12;0.21;-0.43;-0.88;0.00;-0.12;-0.98;0.26;0.23;0.98;0.37;-0.61;0.43;0.24;0.39;0.90;-0.06;-0.37;0.12;-0.12;-0.50;0.90;-0.24;0.67;1.46;0.04;0.83;-0.50;0.30;0.06;0.00;-0.12;0.14;-0.98;
0.30;0.24;0.18;0.20;-0.43;-0.87;-0.79;-0.30;-0.98;0.27;0.24;0.98;1.34;-0.79;-0.37;0.23;0.39;0.90;0.00;-0.18;0.43;-0.12;-0.50;0.90;-0.18;0.43;1.46;0.04;0.83;-0.51;-0.43;-0.06;0.00;-0.12;0.14;-0.98;
0.43;0.30;0.37;0.21;-0.44;-0.88;0.49;-0.73;-1.40;0.26;0.24;0.98;0.49;-0.30;0.06;0.23;0.39;0.90;0.43;-0.55;-0.12;-0.11;-0.50;0.90;-0.24;0.61;1.22;0.03;0.83;-0.51;0.30;0.12;0.18;-0.11;0.14;-0.99;
0.12;0.37;-0.06;0.21;-0.44;-0.87;0.79;-0.55;-1.22;0.26;0.23;0.98;0.18;-0.24;0.12;0.24;0.39;0.89;0.67;-0.18;0.06;-0.12;-0.50;0.90;-0.24;0.98;1.46;0.04;0.83;-0.50;0.24;0.37;-0.12;-0.11;0.14;-0.98;
0.61;0.12;0.12;0.21;-0.43;-0.88;0.37;-0.30;-0.79;0.26;0.24;0.98;0.55;-0.55;0.06;0.24;0.39;0.89;0.00;-0.55;0.24;-0.11;-0.50;0.90;-0.30;0.30;1.52;0.04;0.83;-0.51;0.06;0.37;0.00;-0.11;0.14;-0.98;
0.43;-0.12;-0.12;0.20;-0.43;-0.88;0.30;-0.43;-1.04;0.26;0.24;0.98;1.04;-1.16;0.18;0.24;0.39;0.88;-0.79;-0.30;0.85;-0.12;-0.50;0.90;-0.43;1.10;1.28;0.03;0.83;-0.50;0.06;0.12;-0.06;-0.12;0.14;-0.98;
0.61;0.06;0.43;0.21;-0.43;-0.87;0.24;-0.49;-1.28;0.26;0.23;0.99;-0.37;-0.49;0.61;0.22;0.39;0.89;-0.43;-0.55;0.49;-0.12;-0.51;0.89;0.06;0.18;1.46;0.04;0.84;-0.50;0.73;0.06;0.00;-0.10;0.13;-0.98;
0.49;0.18;0.30;0.21;-0.43;-0.87;0.06;-0.55;-1.22;0.26;0.25;0.98;0.73;-0.55;-0.18;0.23;0.38;0.89;0.24;-0.30;0.18;-0.10;-0.50;0.89;0.73;0.55;0.98;0.04;0.83;-0.50;-0.12;0.24;-0.18;-0.12;0.15;-0.98;
0.18;-0.12;0.12;0.21;-0.44;-0.88;-0.43;-0.37;-0.79;0.26;0.24;0.98;-0.12;-0.91;0.12;0.24;0.40;0.89;-0.18;-0.18;0.12;-0.12;-0.49;0.90;-0.43;0.61;1.40;0.03;0.83;-0.51;0.12;0.18;-0.24;-0.12;0.14;-0.97;
0.00;0.12;-0.18;0.21;-0.44;-0.88;0.55;-0.73;-0.85;0.26;0.24;0.99;0.24;-0.30;0.24;0.23;0.39;0.89;0.24;-0.18;0.24;-0.12;-0.49;0.89;-0.30;0.18;1.65;0.04;0.84;-0.50;-0.12;0.43;-0.06;-0.11;0.14;-0.99;
0.37;0.06;-0.06;0.21;-0.43;-0.87;0.00;-0.55;-0.67;0.27;0.24;0.98;0.49;-0.30;-0.49;0.23;0.40;0.88;0.00;-0.12;0.37;-0.12;-0.50;0.89;0.24;0.67;1.52;0.03;0.84;-0.50;0.12;0.18;0.24;-0.12;0.14;-0.98;
0.24;0.30;0.12;0.20;-0.44;-0.88;0.12;-0.49;-1.16;0.26;0.24;0.99;0.00;-0.30;-0.37;0.23;0.39;0.89;0.43;-0.61;0.18;-0.12;-0.50;0.90;-0.43;0.18;1.71;0.04;0.83;-0.50;0.18;-0.24;0.18;-0.12;0.14;-0.98;
0.24;0.06;0.24;0.20;-0.44;-0.87;-0.24;-0.49;-1.04;0.25;0.23;0.98;-0.18;-0.37;0.00;0.24;0.38;0.89;0.30;-0.37;0.06;-0.13;-0.50;0.89;-0.30;0.67;1.40;0.04;0.84;-0.51;0.67;-0.37;-0.24;-0.13;0.13;-0.98;
0.43;0.06;0.12;0.20;-0.43;-0.87;0.24;-0.30;-0.98;0.26;0.23;0.99;-0.12;-0.49;0.12;0.23;0.39;0.89;-0.24;-0.43;0.18;-0.12;-0.50;0.89;0.12;0.91;0.73;0.04;0.84;-0.50;-0.12;0.37;0.00;-0.13;0.15;-0.98;
0.24;-0.06;0.00;0.20;-0.43;-0.88;-0.24;0.00;-0.73;0.26;0.24;0.98;-0.18;-0.61;-0.24;0.23;0.39;0.89;-0.49;-0.06;0.24;-0.11;-0.50;0.90;0.55;1.16;1.40;0.03;0.84;-0.50;-0.18;0.00;0.00;-0.11;0.14;-0.98;
0.30;0.00;0.24;0.21;-0.44;-0.88;0.00;-0.24;-1.04;0.26;0.23;0.99;0.79;-0.55;-0.49;0.23;0.39;0.89;0.24;-0.12;0.61;-0.12;-0.50;0.89;0.00;0.55;1.59;0.04;0.83;-0.50;0.30;0.18;-0.18;-0.12;0.14;-0.98;
0.49;0.06;0.30;0.20;-0.43;-0.88;0.18;-0.55;-0.85;0.27;0.24;0.98;0.49;-0.30;0.06;0.23;0.39;0.87;0.37;-0.61;0.12;-0.11;-0.50;0.90;-0.37;0.91;1.83;0.03;0.84;-0.51;0.06;0.43;-0.06;-0.12;0.14;-0.98;
0.67;0.30;0.00;0.21;-0.44;-0.88;0.91;-0.18;-1.04;0.26;0.23;0.99;-0.06;-0.49;0.79;0.23;0.39;0.88;0.30;-0.18;0.12;-0.12;-0.50;0.89;0.30;0.12;2.32;0.04;0.83;-0.50;0.30;-0.18;0.00;-0.12;0.14;-0.98;
0.67;0.24;0.06;0.21;-0.43;-0.88;-0.37;-0.73;-1.34;0.26;0.24;0.98;0.49;-0.61;0.18;0.23;0.40;0.89;0.12;-0.06;0.55;-0.11;-0.49;0.89;0.61;0.30;1.83;0.04;0.84;-0.51;0.61;0.18;0.06;-0.12;0.14;-0.97;
0.79;0.18;0.12;0.21;-0.44;-0.88;0.43;-0.37;-0.67;0.26;0.24;0.99;-0.98;-0.79;0.61;0.24;0.39;0.89;-0.30;-0.30;0.55;-0.12;-0.49;0.89;-0.85;1.04;0.98;0.03;0.83;-0.50;0.06;0.12;0.12;-0.11;0.14;-0.98;
0.30;0.43;0.18;0.20;-0.44;-0.87;0.37;-0.55;-1.10;0.26;0.24;0.99;0.24;-0.79;0.18;0.24;0.39;0.89;0.18;-0.12;0.37;-0.12;-0.50;0.90;-0.55;0.49;1.34;0.04;0.83;-0.51;0.12;0.18;0.37;-0.12;0.14;-0.99;
0.00;-0.06;0.06;0.21;-0.43;-0.88;-0.12;-0.30;-0.79;0.27;0.24;0.98;0.30;-0.24;0.12;0.23;0.39;0.89;0.06;-0.37;0.43;-0.12;-0.50;0.90;-0.55;0.79;1.46;0.04;0.84;-0.49;-0.18;0.12;0.12;-0.12;0.14;-0.97;
0.18;0.49;0.30;0.21;-0.43;-0.86;0.30;-0.43;-1.40;0.26;0.23;0.99;0.61;-0.55;-0.18;0.23;0.39;0.89;0.18;-0.12;0.49;-0.12;-0.50;0.89;0.24;0.73;1.65;0.03;0.83;-0.50;-0.24;-0.30;0.12;-0.12;0.14;-0.98;
0.37;0.18;-0.06;0.20;-0.44;-0.87;0.18;-0.49;-1.04;0.26;0.24;0.98;1.10;-0.73;0.12;0.23;0.39;0.89;-0.12;-0.30;0.55;-0.12;-0.50;0.89;-0.24;1.34;1.71;0.04;0.84;-0.50;0.49;0.12;0.24;-0.12;0.13;-0.97;
0.37;0.61;0.06;0.21;-0.43;-0.87;0.06;-0.30;-0.79;0.26;0.24;0.98;0.30;-0.61;-0.06;0.23;0.39;0.89;0.06;-0.49;0.49;-0.11;-0.50;0.90;0.00;0.67;1.95;0.04;0.84;-0.51;-0.06;0.12;0.00;-0.12;0.14;-0.98;
0.55;0.24;-0.12;0.21;-0.44;-0.87;0.18;-0.18;-1.04;0.27;0.24;0.98;0.43;-0.37;0.30;0.22;0.40;0.89;0.30;-0.24;0.18;-0.12;-0.50;0.90;-0.49;0.79;1.16;0.04;0.83;-0.51;0.00;0.18;-0.06;-0.12;0.14;-0.99;
0.49;0.12;0.12;0.20;-0.44;-0.87;-0.06;-0.61;-1.22;0.26;0.24;0.98;-0.24;-0.55;0.18;0.23;0.39;0.89;0.37;-0.18;0.18;-0.12;-0.51;0.89;-0.24;0.91;0.91;0.04;0.83;-0.50;0.30;-0.12;0.37;-0.12;0.14;-0.98;
0.24;0.24;-0.06;0.20;-0.43;-0.88;0.12;-0.43;-1.40;0.27;0.24;0.99;0.06;-0.55;-0.55;0.24;0.39;0.89;0.12;-0.06;0.24;-0.11;-0.50;0.90;0.30;0.73;1.28;0.04;0.83;-0.52;-0.24;-0.06;-0.30;-0.12;0.14;-0.98;
0.91;0.06;0.00;0.21;-0.43;-0.87;-0.06;-0.73;-1.04;0.25;0.23;0.97;0.43;-0.49;0.73;0.23;0.39;0.89;0.18;-0.06;0.43;-0.12;-0.50;0.90;0.00;0.61;1.40;0.04;0.84;-0.51;0.37;0.43;0.30;-0.12;0.14;-0.99;
-0.12;0.18;-0.24;0.21;-0.44;-0.87;0.55;-0.55;-1.22;0.26;0.24;0.98;-0.12;-0.18;-0.18;0.23;0.39;0.89;0.43;0.49;0.24;-0.12;-0.50;0.90;-0.49;0.49;1.22;0.04;0.84;-0.51;0.91;0.30;0.06;-0.12;0.14;-0.98;
0.06;0.49;0.12;0.21;-0.43;-0.87;-0.12;-0.98;-1.28;0.26;0.24;0.98;0.18;-0.37;0.37;0.23;0.39;0.89;0.43;-0.61;0.30;-0.11;-0.49;0.90;-0.61;0.85;1.77;0.03;0.85;-0.50;0.43;0.12;-0.30;-0.12;0.14;-0.98;
0.55;0.30;0.12;0.21;-0.44;-0.88;-0.85;-0.67;-1.52;0.26;0.24;0.99;1.04;-0.24;0.06;0.23;0.40;0.89;0.37;-0.43;0.30;-0.12;-0.51;0.90;-0.49;0.49;1.34;0.03;0.84;-0.50;0.73;0.24;-0.37;-0.13;0.14;-0.98;
0.12;-0.06;0.06;0.21;-0.43;-0.88;-0.30;-0.12;-1.10;0.27;0.24;0.99;0.30;-0.37;-0.18;0.23;0.39;0.89;0.43;-0.30;0.18;-0.11;-0.51;0.90;-0.30;0.43;1.28;0.03;0.84;-0.51;0.00;0.30;-0.49;-0.12;0.13;-0.98;
0.85;0.18;0.24;0.21;-0.43;-0.88;-0.30;-0.79;-1.16;0.26;0.24;0.98;0.67;-0.37;-0.18;0.23;0.39;0.88;0.18;-0.24;0.24;-0.12;-0.51;0.89;0.43;0.91;1.71;0.03;0.83;-0.49;0.37;0.37;-0.06;-0.11;0.13;-0.98;
0.18;-0.06;0.18;0.21;-0.44;-0.88;0.06;-0.67;-1.10;0.26;0.23;0.99;0.37;-0.55;-0.61;0.24;0.39;0.88;0.18;-0.67;0.49;-0.11;-0.50;0.90;-0.12;0.67;1.46;0.04;0.83;-0.50;-0.06;0.24;-0.24;-0.12;0.14;-0.98;
0.43;0.24;0.30;0.20;-0.43;-0.87;0.24;-0.37;-1.04;0.26;0.24;0.99;0.06;-0.43;0.30;0.23;0.39;0.89;0.12;-0.61;0.24;-0.10;-0.50;0.89;-0.12;0.79;1.71;0.04;0.84;-0.50;-0.06;0.18;0.24;-0.12;0.14;-0.99;
0.30;0.43;0.37;0.20;-0.44;-0.88;0.24;-0.49;-0.79;0.26;0.24;0.98;0.79;-0.55;0.18;0.24;0.40;0.89;0.49;-0.37;0.30;-0.12;-0.49;0.90;-0.24;1.28;1.40;0.04;0.83;-0.50;0.43;0.00;0.00;-0.12;0.14;-0.99;
0.18;-0.37;0.12;0.21;-0.44;-0.88;0.55;-0.55;-1.04;0.26;0.24;0.98;0.49;-0.30;0.24;0.23;0.39;0.89;0.30;-0.24;0.06;-0.12;-0.50;0.89;0.06;0.37;2.07;0.03;0.83;-0.50;0.12;-0.06;0.12;-0.11;0.14;-0.98;
0.73;0.18;0.00;0.21;-0.44;-0.87;-0.37;-0.55;-1.71;0.26;0.23;0.98;0.49;-0.61;-0.24;0.23;0.38;0.89;0.30;-0.18;0.49;-0.11;-0.50;0.90;-0.30;0.49;1.34;0.03;0.83;-0.50;-0.61;-0.06;-0.18;-0.12;0.14;-0.99;
0.30;0.43;0.12;0.20;-0.43;-0.87;-0.18;-0.49;-2.32;0.26;0.24;0.98;0.43;-0.73;-0.12;0.24;0.39;0.89;0.18;-0.24;0.06;-0.12;-0.50;0.90;-0.55;0.55;1.04;0.04;0.83;-0.50;0.06;0.06;-0.12;-0.13;0.14;-0.98;
0.61;0.43;0.43;0.21;-0.43;-0.88;-0.06;-0.73;-2.01;0.26;0.24;0.99;0.85;-0.18;-0.12;0.23;0.40;0.89;-0.12;-0.24;0.61;-0.13;-0.51;0.90;0.06;0.79;1.22;0.03;0.84;-0.50;0.24;0.06;-0.06;-0.12;0.14;-0.98;
0.55;-0.18;0.12;0.20;-0.44;-0.87;-0.18;-0.55;-1.34;0.26;0.24;0.99;0.00;-0.61;0.00;0.23;0.40;0.89;0.00;-0.12;0.12;-0.12;-0.50;0.89;0.00;0.73;1.77;0.04;0.84;-0.50;0.12;0.43;-0.06;-0.11;0.14;-0.99;
0.37;0.55;0.37;0.21;-0.43;-0.88;-0.24;-0.73;-1.46;0.26;0.24;0.98;0.85;-0.67;-0.06;0.24;0.40;0.88;-0.37;-0.30;0.30;-0.12;-0.51;0.89;0.00;0.24;1.52;0.04;0.83;-0.50;0.49;0.06;0.37;-0.11;0.14;-0.98;
0.61;0.24;-0.43;0.21;-0.43;-0.88;0.43;-0.30;-1.10;0.27;0.24;0.99;0.24;0.00;0.24;0.23;0.38;0.89;0.37;-0.55;0.61;-0.11;-0.50;0.90;0.06;0.61;1.46;0.03;0.83;-0.50;0.30;-0.12;0.06;-0.12;0.14;-0.98;
0.12;0.61;0.00;0.20;-0.43;-0.87;0.12;-0.43;-0.79;0.26;0.24;0.97;0.49;-0.18;-0.24;0.23;0.39;0.89;0.79;-0.73;0.55;-0.13;-0.51;0.90;0.00;0.55;1.65;0.03;0.83;-0.50;0.55;0.12;0.61;-0.11;0.14;-0.99;
0.49;0.61;0.24;0.20;-0.43;-0.88;-0.73;0.00;-1.28;0.26;0.23;0.99;0.37;-0.30;0.12;0.23;0.40;0.89;0.18;-0.37;0.30;-0.12;-0.50;0.89;0.49;0.61;1.65;0.04;0.84;-0.51;0.18;-0.06;-0.12;-0.12;0.14;-0.99;
0.55;0.61;-0.24;0.21;-0.43;-0.87;0.49;-0.61;-1.40;0.26;0.24;0.99;0.24;-0.49;0.18;0.23;0.40;0.88;0.37;-0.24;0.30;-0.11;-0.50;0.89;0.06;0.18;2.38;0.03;0.84;-0.51;-0.24;-0.18;-0.12;-0.12;0.14;-0.98;
0.49;-0.06;0.49;0.20;-0.44;-0.87;0.30;-0.06;-1.16;0.26;0.24;0.99;1.34;0.24;0.00;0.22;0.39;0.89;1.52;-0.24;0.73;-0.10;-0.50;0.90;-0.91;1.16;0.55;0.03;0.84;-0.50;-0.12;0.12;-0.24;-0.11;0.14;-0.98;
0.37;0.43;0.37;0.21;-0.44;-0.88;-0.37;-0.49;-1.22;0.26;0.24;0.98;0.79;-0.12;-0.30;0.23;0.39;0.89;0.12;-0.43;0.24;-0.12;-0.50;0.90;0.30;0.37;1.16;0.04;0.83;-0.51;0.24;0.00;-0.43;-0.11;0.14;-0.99;
0.06;-0.30;0.18;0.21;-0.44;-0.88;0.18;-0.73;-0.91;0.26;0.23;0.98;0.30;-0.12;0.49;0.23;0.39;0.89;0.12;-0.43;0.37;-0.12;-0.50;0.90;0.00;1.34;1.52;0.04;0.83;-0.51;0.06;0.06;0.24;-0.12;0.14;-0.99;
0.49;0.18;0.37;0.20;-0.43;-0.87;0.00;-0.24;-0.91;0.27;0.24;0.98;0.49;-0.24;0.30;0.23;0.39;0.88;0.24;-0.43;0.30;-0.12;-0.50;0.90;-0.79;0.91;1.95;0.04;0.83;-0.51;-0.06;0.18;0.18;-0.11;0.14;-0.98;
0.98;0.43;0.18;0.22;-0.43;-0.88;-0.43;-0.43;-0.67;0.26;0.23;0.99;0.37;-0.37;-0.06;0.23;0.40;0.89;0.30;-0.43;0.43;-0.12;-0.49;0.90;-0.43;0.61;2.56;0.04;0.84;-0.52;0.30;0.37;-0.06;-0.12;0.14;-0.98;
0.24;0.37;-0.12;0.21;-0.44;-0.88;0.49;-0.67;-1.04;0.26;0.24;0.98;0.61;-0.55;0.30;0.23;0.40;0.89;0.18;-0.43;0.24;-0.12;-0.50;0.89;-0.18;0.30;1.22;0.03;0.84;-0.51;0.06;0.00;-0.12;-0.12;0.14;-0.98;
0.67;0.18;0.12;0.21;-0.43;-0.87;-0.06;-0.18;-1.16;0.26;0.24;0.98;0.67;-0.24;0.18;0.23;0.39;0.88;-0.18;-0.49;0.00;-0.11;-0.50;0.90;-0.18;0.73;1.52;0.03;0.83;-0.51;0.12;0.30;-0.06;-0.11;0.13;-0.99;
-0.06;0.24;-0.37;0.21;-0.43;-0.88;-0.37;-0.49;-0.73;0.27;0.24;0.98;0.30;-0.61;0.43;0.23;0.40;0.89;0.43;-0.43;0.24;-0.12;-0.50;0.89;-0.49;0.79;1.04;0.04;0.84;-0.51;0.12;0.00;0.06;-0.11;0.14;-0.98;
0.67;0.30;0.18;0.20;-0.43;-0.87;-0.24;-0.18;-1.40;0.26;0.23;0.99;0.30;-0.98;-0.06;0.23;0.39;0.89;0.61;-0.30;0.30;-0.11;-0.50;0.91;-0.24;1.04;1.59;0.04;0.84;-0.50;0.49;0.06;0.00;-0.12;0.14;-0.99;
0.24;0.55;0.00;0.21;-0.44;-0.87;-0.30;-0.06;-1.10;0.26;0.24;0.99;0.37;-0.79;0.24;0.23;0.39;0.88;0.18;-0.12;0.37;-0.13;-0.50;0.90;-0.37;0.91;1.40;0.04;0.83;-0.51;0.06;0.00;0.06;-0.11;0.14;-0.98;
0.55;0.49;0.30;0.20;-0.43;-0.87;0.30;-0.24;-2.01;0.26;0.24;0.98;0.12;-0.24;0.18;0.23;0.39;0.89;0.18;-0.67;0.18;-0.12;-0.50;0.90;0.00;0.91;1.34;0.03;0.83;-0.51;0.06;0.06;-0.18;-0.12;0.14;-0.98;
0.67;0.49;0.43;0.20;-0.44;-0.88;0.98;0.00;-1.46;0.26;0.23;0.97;0.49;-0.30;0.18;0.22;0.39;0.89;0.12;0.00;0.30;-0.11;-0.50;0.89;-0.12;0.79;1.22;0.04;0.84;-0.50;0.18;0.24;0.43;-0.12;0.14;-0.99;
0.12;0.30;-0.12;0.21;-0.44;-0.87;0.37;-0.30;-0.98;0.26;0.23;0.98;0.43;-0.73;0.06;0.23;0.39;0.89;0.18;-0.61;0.06;-0.12;-0.49;0.90;-0.30;0.91;1.71;0.03;0.83;-0.51;0.00;-0.18;0.18;-0.11;0.15;-0.97;
0.43;0.24;0.12;0.20;-0.44;-0.87;0.55;-0.37;-0.85;0.26;0.24;0.99;-0.06;-0.79;0.12;0.23;0.39;0.89;-0.12;-0.67;0.18;-0.12;-0.50;0.89;-0.06;0.61;1.16;0.04;0.83;-0.50;0.18;0.12;-0.30;-0.12;0.14;-0.98;
0.55;0.18;0.24;0.20;-0.43;-0.87;0.00;-0.49;-0.79;0.26;0.24;0.98;-0.06;-0.73;0.06;0.23;0.40;0.89;0.24;0.18;0.30;-0.12;-0.50;0.90;0.30;0.73;1.34;0.03;0.82;-0.51;0.12;0.24;-0.06;-0.11;0.15;-0.99;
0.24;-0.12;0.12;0.21;-0.44;-0.88;0.00;-0.24;-1.10;0.26;0.23;0.99;0.85;-0.18;0.49;0.24;0.39;0.89;0.00;-0.24;0.43;-0.11;-0.50;0.90;-0.30;0.61;1.52;0.03;0.84;-0.51;-0.37;0.18;-0.24;-0.11;0.14;-0.99;
0.61;0.12;0.37;0.21;-0.43;-0.88;-0.18;-0.73;-1.10;0.26;0.24;0.99;-0.18;-0.37;0.06;0.23;0.39;0.88;0.06;-0.49;0.67;-0.12;-0.50;0.90;-0.61;1.16;1.34;0.03;0.84;-0.51;0.18;-0.24;-0.43;-0.12;0.14;-0.98;
0.85;-0.06;-0.12;0.21;-0.43;-0.88;0.37;-0.24;-0.91;0.27;0.24;0.99;0.85;-0.37;0.37;0.24;0.39;0.90;0.06;-0.30;-0.06;-0.12;-0.50;0.90;0.00;0.43;1.34;0.04;0.84;-0.50;-0.12;0.12;-0.49;-0.12;0.14;-0.98;
0.61;0.49;0.18;0.21;-0.43;-0.88;0.37;-0.49;-1.16;0.25;0.24;0.98;0.30;-0.49;0.37;0.23;0.39;0.89;0.43;-0.43;0.30;-0.11;-0.50;0.90;-0.49;0.73;1.46;0.04;0.84;-0.51;0.12;-0.12;-0.43;-0.11;0.14;-0.98;
0.37;0.43;0.49;0.20;-0.44;-0.87;0.06;-0.61;-1.34;0.26;0.24;0.99;0.79;-0.30;0.43;0.23;0.39;0.89;0.18;-0.30;0.49;-0.11;-0.50;0.90;0.00;1.10;1.16;0.03;0.84;-0.51;0.37;-0.18;0.06;-0.11;0.14;-0.98;
0.43;-0.12;-0.12;0.20;-0.43;-0.88;-0.12;0.00;-1.34;0.26;0.24;0.98;0.67;-0.43;-0.06;0.24;0.39;0.89;0.49;-0.12;0.55;-0.12;-0.49;0.90;-0.61;0.43;1.22;0.03;0.83;-0.51;0.49;0.18;0.37;-0.11;0.14;-0.98;
0.49;0.24;-0.24;0.20;-0.44;-0.89;0.98;-0.55;-0.24;0.27;0.24;0.98;0.24;-0.67;0.00;0.24;0.39;0.89;0.73;-0.61;0.55;-0.11;-0.50;0.90;0.00;1.16;0.67;0.03;0.83;-0.51;0.00;0.00;-0.12;-0.12;0.14;-0.99;
0.12;0.24;0.30;0.20;-0.44;-0.88;0.18;-0.18;-1.40;0.26;0.24;0.99;0.37;-0.43;-0.73;0.23;0.39;0.89;0.18;-0.43;0.61;-0.11;-0.49;0.90;-0.24;0.79;1.46;0.03;0.83;-0.50;0.18;0.06;0.24;-0.11;0.14;-0.97;
-0.06;-0.43;0.24;0.21;-0.44;-0.87;0.12;-0.43;-1.10;0.26;0.24;0.98;0.30;-0.49;0.06;0.22;0.39;0.89;-0.18;-0.24;0.12;-0.12;-0.50;0.90;-0.43;0.73;1.22;0.04;0.83;-0.52;0.12;-0.24;-0.24;-0.12;0.14;-0.98;
0.73;0.55;0.12;0.20;-0.44;-0.89;0.12;-0.67;-1.65;0.26;0.23;0.98;0.37;-0.67;0.00;0.23;0.38;0.89;-0.06;-0.24;0.30;-0.12;-0.50;0.90;-0.12;0.98;1.52;0.04;0.83;-0.51;-0.49;0.37;-0.12;-0.12;0.14;-0.98;
-0.12;0.12;0.12;0.21;-0.43;-0.87;0.00;0.12;-0.73;0.26;0.25;1.00;1.22;-1.10;0.30;0.23;0.39;0.90;-3.66;-0.73;1.52;-0.12;-0.50;0.90;-0.49;1.10;1.40;0.03;0.84;-0.51;0.49;0.43;-0.37;-0.12;0.15;-0.98;
0.18;0.30;-0.30;0.20;-0.43;-0.87;0.61;-0.43;-1.40;0.26;0.24;0.98;-0.37;-0.73;-0.06;0.23;0.39;0.89;-1.04;-0.18;0.24;-0.12;-0.50;0.90;-0.43;0.67;1.52;0.04;0.83;-0.51;0.67;0.06;0.06;-0.12;0.14;-0.99;
0.24;0.18;-0.37;0.20;-0.44;-0.87;0.43;-0.85;-1.22;0.26;0.24;0.99;0.85;-0.61;-0.06;0.23;0.39;0.90;-0.06;-0.43;0.18;-0.12;-0.49;0.89;0.61;0.43;1.83;0.03;0.83;-0.51;-0.67;0.43;0.24;-0.11;0.14;-0.98;
0.37;0.55;0.67;0.21;-0.43;-0.88;0.06;-0.30;-1.16;0.26;0.23;0.99;-0.12;-0.43;0.18;0.22;0.40;0.89;-0.30;-0.37;0.30;-0.12;-0.50;0.90;-0.43;0.43;1.77;0.04;0.83;-0.51;0.12;0.12;-0.06;-0.12;0.14;-0.98;
0.49;0.18;0.12;0.20;-0.43;-0.87;0.49;-0.43;-1.16;0.26;0.24;0.99;0.49;-0.55;0.00;0.23;0.39;0.89;0.18;-1.04;0.18;-0.11;-0.49;0.89;-0.37;0.49;1.40;0.04;0.83;-0.50;0.06;0.18;0.37;-0.12;0.14;-0.98;
0.30;0.91;-0.43;0.21;-0.43;-0.89;0.06;-0.67;-0.85;0.27;0.25;0.99;0.61;-0.67;0.12;0.23;0.39;0.90;4.82;-0.12;-0.49;-0.11;-0.51;0.91;-0.98;0.43;1.46;0.04;0.84;-0.50;0.43;0.12;-0.24;-0.12;0.14;-0.97;
0.55;-0.12;0.18;0.21;-0.43;-0.89;-0.43;-0.61;-1.16;0.26;0.24;0.99;0.43;-0.55;0.43;0.22;0.40;0.89;-69.88;-9.88;-0.55;-0.17;-0.56;0.85;-0.30;0.61;1.46;0.03;0.83;-0.50;-0.06;-0.06;-0.43;-0.12;0.14;-0.99;
0.85;0.12;0.24;0.20;-0.43;-0.88;-0.06;0.12;-0.61;0.26;0.24;0.99;0.49;-0.43;0.24;0.23;0.39;0.90;-1.46;0.49;0.24;-0.08;-0.56;0.85;-0.30;0.24;1.34;0.03;0.83;-0.50;0.12;0.37;0.61;-0.12;0.15;-0.99;
0.37;0.00;0.73;0.21;-0.43;-0.87;0.00;0.12;-0.67;0.26;0.23;0.99;0.73;-0.73;0.00;0.24;0.40;0.89;-0.18;-0.30;0.37;-0.04;-0.60;0.84;-0.43;0.91;1.10;0.04;0.83;-0.50;0.24;0.12;0.37;-0.12;0.14;-0.98;
0.67;0.00;0.12;0.21;-0.43;-0.87;-0.06;-0.61;-0.91;0.27;0.23;0.98;0.79;-0.37;0.00;0.23;0.39;0.89;0.00;0.55;0.67;-0.03;-0.61;0.84;-0.85;0.30;1.28;0.04;0.83;-0.51;-0.24;0.12;-0.85;-0.11;0.14;-0.98;
0.12;0.12;0.30;0.20;-0.43;-0.88;-0.24;-0.24;-1.10;0.27;0.23;0.98;0.55;0.06;-0.43;0.23;0.39;0.89;0.06;-0.24;0.30;-0.03;-0.62;0.83;-0.12;0.30;1.34;0.03;0.83;-0.51;0.12;0.12;-0.12;-0.12;0.14;-0.98;
0.30;0.06;0.37;0.20;-0.44;-0.88;-0.61;-0.61;-1.34;0.27;0.24;0.99;0.73;-0.24;0.30;0.23;0.39;0.88;0.61;-0.24;0.24;-0.03;-0.60;0.83;-0.06;0.37;1.59;0.03;0.84;-0.50;0.12;0.06;-0.06;-0.12;0.14;-0.98;
0.43;0.30;0.06;0.21;-0.43;-0.88;0.37;-0.37;-0.79;0.27;0.25;0.98;0.79;-0.73;0.18;0.23;0.39;0.89;-2.26;-0.06;1.10;-0.03;-0.62;0.80;0.12;1.04;1.59;0.03;0.83;-0.51;0.49;0.12;0.67;-0.12;0.14;-0.98;
0.67;0.00;0.24;0.21;-0.43;-0.87;-0.30;-0.37;-1.04;0.26;0.24;0.98;0.06;-0.24;-0.37;0.23;0.39;0.88;0.24;-0.18;0.18;-0.03;-0.62;0.82;0.37;0.49;1.22;0.04;0.83;-0.51;0.06;-0.06;-0.12;-0.12;0.14;-0.97;
0.18;0.06;-0.12;0.21;-0.43;-0.87;0.43;-0.24;-0.73;0.26;0.24;0.98;0.30;-0.49;0.12;0.23;0.40;0.88;1.46;-0.55;0.12;-0.04;-0.62;0.83;-0.49;0.67;1.22;0.04;0.83;-0.51;-0.18;0.18;-0.18;-0.11;0.14;-0.98;
-0.06;0.24;0.00;0.20;-0.43;-0.88;0.18;-0.30;-0.98;0.26;0.23;0.99;0.00;-0.37;-0.24;0.23;0.39;0.89;0.55;0.55;0.49;-0.03;-0.61;0.82;-0.37;0.79;1.22;0.04;0.84;-0.50;0.06;0.18;-0.06;-0.12;0.14;-0.98;
0.67;0.30;-0.37;0.20;-0.43;-0.88;-0.06;-0.49;-1.22;0.27;0.24;0.98;0.12;-0.43;-0.24;0.23;0.39;0.90;-0.49;-0.24;-0.06;-0.04;-0.61;0.82;0.00;0.79;1.52;0.04;0.84;-0.50;0.30;0.12;0.12;-0.11;0.14;-0.98;
0.49;0.49;0.18;0.20;-0.43;-0.88;-0.06;-0.24;-0.67;0.27;0.23;0.98;0.43;-0.24;-0.18;0.23;0.39;0.89;-0.18;0.67;0.55;-0.03;-0.61;0.82;-0.12;0.18;1.34;0.04;0.84;-0.52;0.91;0.55;-0.12;-0.11;0.14;-0.99;
0.55;0.79;0.30;0.21;-0.44;-0.87;-0.18;-0.67;-0.79;0.26;0.23;0.99;0.79;-0.37;0.24;0.23;0.39;0.89;-0.24;-0.85;0.49;-0.02;-0.61;0.82;-0.79;0.98;1.40;0.03;0.84;-0.51;-0.06;0.30;0.00;-0.12;0.14;-0.98;
0.24;-0.12;-0.06;0.21;-0.43;-0.87;0.18;-0.43;-1.34;0.27;0.24;0.98;0.12;-0.73;0.49;0.24;0.40;0.89;0.37;-0.24;0.06;-0.04;-0.61;0.83;-0.12;0.49;1.83;0.04;0.84;-0.51;0.37;0.43;-0.12;-0.11;0.14;-0.98;
0.18;0.18;-0.06;0.21;-0.43;-0.88;-0.55;-0.43;-0.79;0.27;0.24;0.99;0.18;-0.49;-0.18;0.23;0.39;0.88;0.85;-0.12;0.12;-0.02;-0.62;0.83;-0.79;1.10;2.13;0.03;0.83;-0.51;0.37;0.30;-0.12;-0.11;0.14;-0.98;
0.24;0.18;0.55;0.21;-0.43;-0.87;-0.18;-0.55;-0.85;0.26;0.24;0.98;0.24;-0.67;0.12;0.23;0.39;0.90;0.18;-0.49;0.30;-0.03;-0.61;0.82;-0.43;0.91;1.89;0.03;0.83;-0.51;-0.43;0.37;0.00;-0.12;0.15;-0.99;
0.43;2.62;-0.49;0.20;-0.43;-0.92;1.95;0.49;-1.16;0.26;0.21;1.01;0.43;-0.18;-0.24;0.23;0.39;0.89;-0.98;0.37;0.30;-0.03;-0.62;0.82;0.12;1.46;1.52;0.04;0.83;-0.52;0.18;0.12;-0.37;-0.12;0.14;-0.98;
3.17;-2.13;0.30;0.22;-0.42;-0.88;5.00;-1.71;-0.98;0.25;0.23;0.94;0.00;-0.61;0.49;0.23;0.39;0.88;-0.55;-0.06;0.37;-0.06;-0.55;0.86;-0.12;0.73;1.16;0.04;0.83;-0.50;0.12;0.43;-0.18;-0.12;0.15;-0.98;
0.18;0.18;0.18;0.21;-0.43;-0.88;-0.12;-0.49;-0.73;0.26;0.24;0.99;0.06;-0.98;0.24;0.22;0.39;0.88;0.18;-0.43;0.24;-0.06;-0.55;0.88;-0.67;0.67;1.83;0.03;0.83;-0.51;0.06;0.43;-0.12;-0.11;0.13;-0.98;
0.79;0.30;0.91;0.20;-0.43;-0.88;-0.37;-0.73;-1.10;0.26;0.25;0.98;0.43;-0.49;-0.12;0.23;0.39;0.88;0.37;-0.55;0.12;-0.07;-0.54;0.87;0.00;0.49;1.65;0.03;0.84;-0.51;0.06;0.06;-0.30;-0.12;0.14;-0.98;
0.24;-0.18;0.12;0.21;-0.43;-0.87;-0.61;-0.55;-1.34;0.26;0.24;0.98;0.61;-0.61;0.18;0.23;0.40;0.89;0.61;-0.06;0.24;-0.07;-0.53;0.89;-0.37;0.49;1.52;0.04;0.83;-0.51;-0.06;0.06;0.67;-0.12;0.14;-0.99;
1.10;0.55;0.24;0.21;-0.43;-0.88;0.55;-0.06;-0.85;0.26;0.24;0.99;0.24;-0.91;-0.24;0.24;0.39;0.89;1.04;0.00;0.06;-0.07;-0.54;0.88;0.43;0.49;1.77;0.04;0.83;-0.52;0.43;0.06;0.06;-0.12;0.14;-0.98;
0.18;-0.18;-0.06;0.20;-0.42;-0.88;-0.12;-0.55;-0.67;0.27;0.24;0.98;0.24;0.12;0.55;0.23;0.39;0.89;0.24;-0.12;0.06;-0.07;-0.54;0.88;-0.12;0.18;1.40;0.05;0.83;-0.50;0.43;-0.06;0.06;-0.12;0.14;-0.99;
