3.17;1.34;1.46;0.65;0.68;0.38;2.01;0.37;0.37;0.55;0.54;-0.58;-2.32;-0.12;-0.49;-0.31;0.33;-0.86;-2.07;0.12;1.77;0.14;-0.96;-0.30;0.06;-0.55;0.43;0.11;-0.13;1.03;0.73;-0.73;2.13;0.82;0.52;0.18;0.12;0.30;0.00;-0.02;0.50;-0.87;0.12;0.12;-0.91;0.26;0.42;0.87;
-4.09;-1.04;2.62;0.67;0.67;0.37;-2.99;-0.43;-0.73;0.56;0.55;-0.58;-4.09;1.77;-2.38;-0.29;0.35;-0.86;-0.49;0.55;0.06;0.14;-0.96;-0.31;-0.12;-0.43;0.06;0.13;-0.12;1.03;2.68;0.49;0.49;0.83;0.54;0.17;-0.18;0.18;0.24;-0.01;0.50;-0.86;
-3.78;-1.89;0.30;0.65;0.64;0.38;-2.07;-0.98;-0.06;0.54;0.57;-0.58;-9.63;0.79;-1.95;-0.26;0.36;-0.90;0.91;-0.49;0.85;0.15;-0.96;-0.35;0.06;-0.43;0.30;0.13;-0.12;1.04;2.50;-0.85;-0.12;0.84;0.53;0.19;-0.24;0.49;0.37;-0.02;0.50;-0.87;
-9.45;-4.33;2.01;0.68;0.65;0.40;1.16;0.24;0.61;0.53;0.56;-0.58;-12.20;0.67;1.95;-0.29;0.36;-0.85;5.37;-1.28;1.28;0.13;-0.98;-0.31;0.06;-0.18;0.85;0.12;-0.12;1.03;-1.95;1.22;3.05;0.83;0.53;0.19;0.37;0.24;0.49;-0.01;0.50;-0.87;0.24;-0.12;-0.37;0.26;0.42;0.88;
-7.93;-7.20;5.12;0.66;0.66;0.39;2.56;0.85;0.24;0.55;0.55;-0.58;-5.18;-1.28;-0.61;-0.30;0.37;-0.87;1.65;0.00;0.67;0.13;-0.96;-0.31;0.24;-0.30;0.73;0.13;-0.12;1.02;-4.02;1.52;3.48;0.82;0.52;0.18;0.18;0.30;0.12;-0.02;0.50;-0.88;
0.43;0.18;-0.79;0.67;0.67;0.39;-0.55;-0.98;1.16;0.56;0.54;-0.59;6.46;-1.71;-0.24;-0.29;0.35;-0.86;1.28;-0.49;-0.79;0.13;-0.96;-0.29;0.06;-0.49;0.18;0.12;-0.12;1.04;-2.01;0.12;1.89;0.82;0.52;0.19;-0.12;-0.30;0.06;-0.02;0.51;-0.86;
-9.70;-3.23;0.43;0.68;0.65;0.41;0.12;0.24;-1.71;0.56;0.56;-0.57;1.77;-0.49;-0.49;-0.30;0.36;-0.86;2.26;-0.79;-2.44;0.14;-0.95;-0.31;0.79;-0.24;0.24;0.12;-0.12;1.03;-5.49;-0.85;3.35;0.83;0.53;0.17;0.12;-0.30;0.30;-0.02;0.50;-0.87;
0.24;-2.50;4.27;0.71;0.68;0.44;1.10;2.07;-0.06;0.54;0.55;-0.57;-29.09;6.28;6.04;-0.26;0.38;-0.87;5.12;-1.65;-3.11;0.18;-0.96;-0.32;0.61;-0.37;0.43;0.12;-0.12;1.04;-18.60;1.65;10.61;0.81;0.50;0.25;0.30;-0.12;-0.55;-0.02;0.50;-0.87;0.12;-0.06;-0.49;0.26;0.42;0.88;
8.66;3.78;-0.55;0.65;0.67;0.39;-0.98;0.43;0.43;0.53;0.54;-0.58;-3.35;2.07;-4.33;-0.27;0.38;-0.85;-6.83;8.05;0.37;0.12;-0.94;-0.33;0.24;-0.37;0.49;0.12;-0.12;1.04;1.95;1.34;1.10;0.80;0.55;0.17;-0.12;0.18;0.55;-0.01;0.50;-0.87;0.12;0.43;-0.37;0.26;0.43;0.89;
0.30;-0.73;-2.13;0.67;0.68;0.40;-1.04;-0.43;-1.59;0.56;0.55;-0.57;0.06;0.73;-1.22;-0.27;0.36;-0.87;-3.60;3.60;0.30;0.13;-0.94;-0.32;-0.37;-0.61;0.37;0.13;-0.12;1.03;0.30;1.71;3.29;0.82;0.53;0.19;0.49;0.18;0.00;-0.02;0.51;-0.86;
-5.06;-2.44;0.00;0.67;0.68;0.39;-1.89;-0.06;-0.24;0.54;0.56;-0.56;1.34;-0.61;-0.79;-0.28;0.35;-0.87;3.35;0.55;-0.24;0.14;-0.93;-0.33;0.49;-0.43;-0.24;0.13;-0.13;1.03;1.16;0.98;1.40;0.82;0.52;0.18;0.06;0.18;-0.24;-0.02;0.51;-0.87;0.49;0.30;-0.37;0.26;0.42;0.89;
-1.28;-0.61;-0.91;0.66;0.68;0.39;0.91;-0.12;0.00;0.55;0.56;-0.57;-2.62;-1.16;-0.24;-0.29;0.34;-0.87;-0.12;-1.10;0.91;0.14;-0.95;-0.31;0.12;-0.24;0.18;0.13;-0.12;1.03;-1.46;-0.43;1.77;0.83;0.53;0.19;0.67;-0.06;-0.37;-0.02;0.50;-0.87;
9.33;0.43;-0.06;0.67;0.70;0.38;-0.67;0.06;0.12;0.55;0.56;-0.57;-4.63;0.91;-2.38;-0.27;0.35;-0.87;-0.12;3.84;-0.43;0.14;-0.96;-0.30;0.18;-0.24;0.37;0.13;-0.13;1.03;4.76;1.40;0.43;0.83;0.53;0.19;-0.37;-6.46;-3.23;-0.00;0.48;-0.92;
-6.83;-5.79;7.01;0.65;0.73;0.38;-0.18;-0.49;1.83;0.57;0.58;-0.59;16.52;-2.74;0.30;-0.29;0.37;-0.87;-7.68;0.12;-3.35;0.12;-0.95;-0.30;0.37;-0.55;0.37;0.13;-0.12;1.03;0.43;-0.55;1.04;0.83;0.53;0.18;0.61;-0.18;0.12;-0.02;0.51;-0.87;
0.85;-1.34;0.00;0.68;0.67;0.39;-0.43;0.43;0.37;0.55;0.56;-0.57;2.87;-0.79;-2.38;-0.28;0.35;-0.86;0.37;0.24;-0.12;0.14;-0.96;-0.31;-0.24;-0.24;0.12;0.13;-0.11;1.04;-0.30;0.73;0.67;0.82;0.53;0.19;-0.18;0.06;0.79;-0.02;0.50;-0.87;
-1.65;-0.79;0.00;0.66;0.67;0.41;1.04;1.22;0.49;0.55;0.56;-0.57;-1.28;-0.79;-1.40;-0.29;0.36;-0.86;0.85;-1.16;0.55;0.15;-0.95;-0.31;0.37;-0.06;0.24;0.12;-0.12;1.03;-0.91;0.43;2.44;0.83;0.53;0.18;0.18;-0.06;0.00;-0.03;0.50;-0.87;
0.00;-0.61;-0.98;0.64;0.67;0.38;1.34;0.49;0.12;0.55;0.56;-0.56;-0.85;-0.91;-0.30;-0.29;0.35;-0.85;1.59;-0.85;1.40;0.14;-0.95;-0.31;0.37;-0.12;0.30;0.13;-0.12;1.03;-1.22;1.04;1.71;0.83;0.52;0.19;0.18;0.49;0.00;-0.02;0.50;-0.87;
0.49;1.34;-0.12;0.64;0.68;0.39;1.89;-0.12;0.67;0.55;0.56;-0.57;-0.61;0.24;-0.30;-0.30;0.34;-0.86;-0.12;0.18;0.18;0.14;-0.96;-0.31;-0.06;-0.12;0.43;0.13;-0.13;1.03;-0.55;0.61;1.16;0.82;0.53;0.20;0.37;0.24;0.06;-0.02;0.50;-0.87;
-5.79;-4.09;-0.98;0.66;0.65;0.42;-2.68;0.30;-0.49;0.56;0.55;-0.57;1.46;0.06;-1.59;-0.29;0.34;-0.85;1.65;0.79;-1.83;0.14;-0.96;-0.29;0.49;-0.43;0.24;0.13;-0.12;1.03;5.30;0.24;1.10;0.82;0.52;0.19;-3.96;2.38;1.65;-0.02;0.51;-0.86;
5.85;0.06;5.73;0.70;0.62;0.39;2.38;-1.34;-2.32;0.52;0.55;-0.58;0.73;-1.65;-0.24;-0.32;0.33;-0.84;9.02;-10.61;7.80;0.12;-0.96;-0.32;0.30;-0.24;0.18;0.13;-0.12;1.04;-10.91;1.59;6.46;0.84;0.53;0.17;-0.49;0.18;0.43;-0.02;0.50;-0.88;0.49;-0.18;-0.91;0.25;0.42;0.88;
0.85;-1.59;2.44;0.65;0.71;0.40;-0.37;0.49;0.12;0.56;0.55;-0.58;-0.73;-1.28;0.37;-0.30;0.35;-0.87;2.38;-1.22;0.12;0.13;-0.96;-0.29;0.06;-0.37;0.37;0.12;-0.11;1.03;1.04;0.37;1.59;0.83;0.52;0.21;-0.30;0.06;-0.37;-0.02;0.49;-0.86;0.49;-0.06;-0.67;0.26;0.43;0.88;
0.85;-1.16;2.74;0.65;0.68;0.38;0.79;-0.12;-0.37;0.56;0.55;-0.58;-0.98;0.30;-0.61;-0.29;0.35;-0.86;0.61;0.30;-1.22;0.13;-0.96;-0.31;0.18;-0.30;0.12;0.12;-0.12;1.03;0.85;0.73;1.22;0.83;0.52;0.19;0.06;-0.30;0.30;-0.02;0.50;-0.86;0.49;0.37;-0.61;0.26;0.42;0.88;
-7.20;-2.20;-1.65;0.67;0.67;0.43;-0.61;-0.12;0.43;0.55;0.56;-0.57;2.68;-0.30;-1.22;-0.29;0.35;-0.86;-1.22;-0.43;0.06;0.15;-0.96;-0.30;0.37;-0.43;0.24;0.12;-0.12;1.04;0.73;0.85;1.52;0.82;0.52;0.18;0.06;0.18;0.18;-0.02;0.50;-0.87;
0.91;0.67;-1.71;0.67;0.68;0.39;-0.18;-0.06;1.16;0.54;0.56;-0.58;6.89;-1.40;-2.44;-0.31;0.34;-0.86;1.52;-2.62;-1.28;0.12;-0.97;-0.30;0.79;-0.37;-0.06;0.13;-0.12;1.03;-4.09;0.49;2.01;0.83;0.53;0.18;-0.06;-0.06;0.18;-0.02;0.50;-0.87;-0.06;0.06;-0.30;0.26;0.42;0.88;
-35.24;-18.05;3.84;0.66;0.63;0.42;5.85;3.78;-2.44;0.53;0.58;-0.55;-52.44;6.95;5.98;-0.30;0.33;-0.82;-1.77;5.55;2.32;0.13;-0.97;-0.30;0.30;-0.79;0.43;0.13;-0.12;1.03;-8.84;5.61;20.30;0.83;0.51;0.18;0.18;0.06;0.24;-0.02;0.50;-0.88;
1.46;2.74;2.13;0.71;0.62;0.41;2.01;0.30;0.00;0.55;0.55;-0.58;-1.16;0.43;-2.50;-0.29;0.41;-0.81;-1.71;0.24;-0.43;0.12;-0.96;-0.26;7.99;-3.29;-1.40;0.11;-0.15;1.00;1.52;0.85;1.83;0.83;0.53;0.16;18.54;-12.20;-1.16;-0.05;0.51;-0.83;1.95;0.24;-1.22;0.25;0.42;0.88;
-6.65;0.79;0.79;0.70;0.62;0.42;-0.98;0.79;1.04;0.54;0.56;-0.58;-3.05;0.00;-1.22;-0.29;0.43;-0.83;4.02;-1.65;-1.16;0.13;-0.97;-0.28;-3.35;2.20;3.23;0.18;-0.14;1.03;-0.49;0.98;1.46;0.84;0.51;0.18;-12.56;7.01;3.05;-0.04;0.51;-0.85;1.71;-1.10;-0.18;0.25;0.43;0.88;
-3.29;-1.95;2.93;0.69;0.62;0.43;1.40;0.67;0.06;0.54;0.55;-0.58;-2.74;-0.43;-0.24;-0.28;0.43;-0.84;0.98;-1.65;-0.43;0.12;-0.96;-0.29;0.12;-0.98;0.24;0.13;-0.14;1.03;-2.32;0.61;2.26;0.84;0.51;0.17;0.61;0.00;0.06;-0.03;0.50;-0.88;
14.88;3.23;-2.87;0.70;0.63;0.39;0.24;3.60;4.76;0.53;0.56;-0.57;29.39;-8.41;-5.85;-0.28;0.38;-0.85;-2.80;-7.44;-0.73;0.12;-0.97;-0.26;20.55;-5.85;-2.74;0.12;-0.14;0.99;-13.35;-6.83;-10.06;0.85;0.51;0.18;-3.05;0.91;0.67;-0.04;0.50;-0.86;
-12.13;-4.88;-1.22;0.66;0.68;0.36;0.85;1.04;-2.93;0.53;0.56;-0.57;-10.30;0.12;-1.16;-0.28;0.34;-0.86;-2.07;-0.73;-3.54;0.13;-0.96;-0.30;0.18;-0.43;0.24;0.13;-0.13;1.03;5.79;0.55;2.20;0.84;0.52;0.19;0.91;-0.12;-0.18;-0.04;0.50;-0.87;
3.11;0.85;1.04;0.62;0.71;0.38;-2.93;-0.30;-1.46;0.54;0.56;-0.58;-4.15;1.95;-0.37;-0.28;0.34;-0.87;0.61;1.34;-1.04;0.17;-0.95;-0.31;0.18;-0.18;1.04;0.12;-0.13;1.03;-0.37;0.06;2.07;0.82;0.52;0.18;0.30;0.00;-0.12;-0.03;0.50;-0.86;
4.88;2.68;-1.40;0.63;0.69;0.39;1.16;0.06;0.43;0.55;0.56;-0.57;-2.99;0.61;-0.67;-0.27;0.36;-0.87;0.24;-0.91;-0.73;0.15;-0.94;-0.33;0.61;-0.18;-0.12;0.13;-0.13;1.04;1.46;0.37;1.52;0.81;0.54;0.19;0.18;-0.12;-0.06;-0.03;0.51;-0.86;0.43;0.00;-0.43;0.26;0.42;0.88;
4.27;1.71;-2.07;0.63;0.70;0.38;0.61;-0.43;0.98;0.50;0.51;-0.57;6.89;-1.65;-0.06;-0.28;0.37;-0.86;3.11;-0.24;1.59;0.13;-0.95;-0.33;0.37;0.00;0.55;0.12;-0.14;1.01;-2.32;0.98;0.55;0.81;0.53;0.19;0.37;0.12;0.85;-0.03;0.50;-0.86;0.30;0.24;-0.43;0.26;0.42;0.88;
1.04;-0.06;0.73;0.65;0.68;0.39;0.55;-0.43;-0.85;0.55;0.53;-0.59;-1.77;-0.55;-0.91;-0.29;0.36;-0.86;-0.30;-1.46;0.55;0.13;-0.95;-0.31;0.79;-0.79;0.55;0.13;-0.13;1.02;-4.45;2.32;1.28;0.82;0.52;0.16;0.00;0.06;-0.06;-0.02;0.50;-0.87;
-3.29;-2.99;2.50;0.67;0.67;0.39;-0.91;-0.24;-1.40;0.53;0.56;-0.58;-0.98;-1.34;-1.04;-0.29;0.37;-0.85;-3.60;3.72;2.56;0.04;-0.94;-0.25;-2.38;-2.93;-0.30;0.12;-0.13;1.04;-2.01;2.20;3.17;0.84;0.54;0.16;0.61;-0.18;-0.18;-0.03;0.50;-0.87;
2.20;1.10;1.83;0.68;0.65;0.39;0.30;1.28;-0.18;0.53;0.57;-0.58;-3.17;-0.06;-0.98;-0.30;0.34;-0.87;0.43;-1.46;0.30;0.13;-0.95;-0.31;0.18;-0.55;0.24;0.13;-0.13;1.03;-0.43;0.18;1.83;0.84;0.53;0.16;-0.49;0.37;-0.55;-0.03;0.51;-0.87;0.43;0.00;-0.55;0.25;0.43;0.88;
3.23;2.07;2.44;0.67;0.65;0.37;0.67;0.06;0.49;0.54;0.57;-0.57;-1.65;-0.55;-1.65;-0.29;0.34;-0.86;0.98;-1.77;0.43;0.13;-0.96;-0.31;-0.06;-0.55;0.30;0.13;-0.13;1.03;-3.72;0.98;2.20;0.84;0.52;0.16;-0.06;0.37;0.00;-0.03;0.51;-0.86;0.37;-0.12;-0.30;0.25;0.42;0.88;
3.17;2.56;-1.22;0.66;0.67;0.40;1.34;0.00;-0.98;0.53;0.55;-0.57;1.16;-0.43;-2.68;-0.31;0.31;-0.88;-0.37;-0.30;0.55;0.14;-0.95;-0.28;0.24;-0.18;0.43;0.12;-0.13;1.04;5.91;-1.04;-0.18;0.82;0.52;0.17;0.00;-0.06;-0.43;-0.03;0.50;-0.86;
3.78;3.11;-3.78;0.66;0.71;0.38;-0.79;0.30;-0.06;0.54;0.56;-0.58;1.10;-0.18;-2.62;-0.30;0.32;-0.86;-2.44;3.66;-0.37;0.15;-0.95;-0.28;0.49;-0.30;0.61;0.12;-0.14;1.02;5.79;-0.30;-0.30;0.82;0.53;0.17;-0.24;0.24;-0.30;-0.03;0.50;-0.86;
4.94;2.80;-1.52;0.66;0.67;0.37;1.59;0.12;0.98;0.56;0.55;-0.57;7.20;-1.77;-1.65;-0.30;0.33;-0.86;0.67;1.10;-1.16;0.14;-0.96;-0.28;-0.06;-0.12;0.00;0.13;-0.13;1.04;5.06;0.24;-1.34;0.81;0.52;0.21;-0.49;0.43;0.37;-0.04;0.50;-0.87;
-3.54;-2.01;3.72;0.66;0.66;0.40;0.43;0.24;1.16;0.55;0.56;-0.57;3.35;-0.67;-0.06;-0.30;0.36;-0.86;3.84;-4.51;-0.24;0.12;-0.95;-0.31;0.30;-0.55;0.30;0.13;-0.13;1.04;-3.90;0.24;3.41;0.82;0.50;0.21;0.24;0.30;0.37;-0.03;0.51;-0.85;
-3.05;-0.98;0.30;0.68;0.66;0.38;0.73;0.18;-0.18;0.55;0.57;-0.58;0.91;-1.52;-0.30;-0.30;0.33;-0.87;1.04;-1.22;0.37;0.12;-0.95;-0.30;0.73;-0.18;0.24;0.12;-0.13;1.02;-2.13;0.67;2.38;0.83;0.52;0.19;0.67;-0.12;-0.12;-0.03;0.50;-0.87;
-1.40;-0.79;1.16;0.67;0.66;0.37;0.37;-0.43;-0.12;0.55;0.56;-0.57;-1.46;-0.18;-0.91;-0.29;0.34;-0.85;-1.77;0.43;0.00;0.13;-0.96;-0.30;-0.12;0.00;0.30;0.12;-0.13;1.04;1.34;0.37;0.73;0.83;0.52;0.18;0.37;0.12;0.18;-0.03;0.50;-0.87;0.79;-0.37;-0.12;0.26;0.42;0.88;
-3.48;-1.59;-1.71;0.68;0.69;0.39;-0.79;0.91;0.18;0.55;0.55;-0.57;2.56;-0.79;-1.16;-0.30;0.34;-0.87;1.95;-0.98;-0.12;0.13;-0.96;-0.30;0.49;-0.85;0.67;0.12;-0.13;1.04;1.34;0.98;0.37;0.83;0.51;0.18;0.30;0.12;0.24;-0.03;0.51;-0.87;
6.04;2.07;0.61;0.66;0.66;0.40;0.49;0.37;0.55;0.55;0.56;-0.58;4.09;-1.52;0.37;-0.29;0.34;-0.84;2.74;-2.56;1.16;0.12;-0.97;-0.29;0.06;-0.24;0.12;0.13;-0.13;1.03;-2.07;1.28;2.32;0.83;0.52;0.19;0.37;-0.37;0.06;-0.02;0.51;-0.87;0.18;0.18;-0.43;0.26;0.43;0.88;
