1.71;2.13;-0.49;0.67;0.68;0.38;0.73;-0.12;0.30;0.52;0.57;-0.59;-0.43;-0.37;-1.22;-0.35;0.17;-0.89;0.91;-0.06;-0.24;0.06;-0.99;-0.24;0.24;-0.30;-0.12;0.16;-0.14;1.02;-0.30;0.55;1.34;0.82;0.52;0.20;-0.06;0.49;0.06;-0.10;0.27;-0.94;-0.06;0.00;-0.24;0.24;0.45;0.87;
1.77;1.77;-0.43;0.66;0.69;0.39;0.79;0.49;0.06;0.53;0.56;-0.60;0.18;-0.12;-1.59;-0.36;0.16;-0.90;0.98;-0.73;-0.06;0.04;-0.97;-0.24;0.12;-0.43;0.55;0.16;-0.14;1.02;0.12;0.79;1.59;0.83;0.53;0.20;-0.30;0.00;0.24;-0.09;0.27;-0.96;0.24;0.06;-0.85;0.26;0.45;0.87;
-3.17;-1.22;0.49;0.67;0.69;0.36;0.43;0.24;0.67;0.53;0.56;-0.59;0.00;0.12;-1.04;-0.35;0.16;-0.89;-0.18;-0.24;0.55;0.05;-0.99;-0.24;0.49;-0.43;0.12;0.17;-0.15;1.03;1.52;0.30;1.40;0.83;0.53;0.20;0.30;-0.79;0.06;-0.10;0.28;-0.95;
-3.05;-2.74;-0.61;0.66;0.68;0.39;-4.33;-2.99;-1.65;0.51;0.55;-0.58;1.89;-2.99;-0.79;-0.35;0.16;-0.89;4.82;0.67;-3.11;0.04;-0.97;-0.24;0.12;-0.43;0.30;0.17;-0.14;1.02;-0.98;0.06;2.01;0.82;0.53;0.18;-0.12;0.12;-0.12;-0.11;0.27;-0.95;
2.99;1.22;-0.43;0.66;0.68;0.38;0.55;0.37;0.30;0.53;0.57;-0.59;-0.43;0.00;-0.79;-0.36;0.17;-0.89;0.79;-0.24;0.24;0.06;-0.98;-0.25;-0.06;-0.37;0.43;0.16;-0.15;1.02;-0.79;0.55;2.26;0.82;0.53;0.19;0.12;-0.18;0.24;-0.10;0.27;-0.96;0.12;0.37;-0.30;0.26;0.44;0.88;
-0.43;-0.43;-0.61;0.65;0.69;0.35;0.91;0.12;0.00;0.53;0.56;-0.59;0.00;-0.18;-1.71;-0.35;0.16;-0.89;0.49;-0.73;0.55;0.05;-0.98;-0.23;0.55;-0.37;0.18;0.17;-0.14;1.03;-0.98;0.61;1.65;0.83;0.52;0.20;-0.06;-0.12;0.30;-0.11;0.27;-0.96;
2.07;2.20;-1.46;0.66;0.69;0.39;0.06;0.06;0.00;0.52;0.56;-0.59;0.00;0.00;-0.79;-0.36;0.16;-0.89;0.91;-0.79;0.12;0.05;-0.98;-0.24;0.12;-0.49;0.18;0.17;-0.13;1.02;-0.55;0.67;1.22;0.83;0.53;0.20;-0.12;0.30;0.12;-0.10;0.27;-0.95;0.43;0.37;-0.79;0.26;0.44;0.87;
-0.79;-1.52;-1.28;0.66;0.70;0.38;0.12;0.30;-0.06;0.53;0.56;-0.60;0.49;-0.43;-0.55;-0.35;0.17;-0.90;0.24;0.49;-0.37;0.05;-0.98;-0.24;0.73;0.24;0.12;0.17;-0.13;1.03;1.59;0.91;0.91;0.83;0.53;0.18;-0.55;-0.06;-0.06;-0.10;0.28;-0.95;
6.83;4.94;-1.46;0.66;0.66;0.39;-0.37;0.61;0.55;0.53;0.57;-0.59;0.98;-0.79;-1.71;-0.36;0.15;-0.89;5.67;-3.29;0.12;0.05;-0.99;-0.24;-0.06;-0.61;0.24;0.16;-0.14;1.02;-0.12;0.24;1.95;0.82;0.52;0.18;0.06;0.00;0.06;-0.10;0.27;-0.95;
-7.01;-0.12;-3.23;0.67;0.72;0.39;2.01;3.35;-1.71;0.52;0.55;-0.60;4.27;-0.73;1.65;-0.36;0.13;-0.91;5.00;6.46;-1.40;0.06;-0.97;-0.20;0.24;-0.06;0.06;0.17;-0.14;1.02;5.73;4.21;7.87;0.82;0.54;0.19;-0.30;-0.06;-0.06;-0.10;0.27;-0.96;
5.49;2.80;-0.61;0.70;0.65;0.40;-1.83;0.37;2.20;0.54;0.57;-0.60;-3.05;2.13;-2.44;-0.39;0.13;-0.87;-1.28;-3.41;-0.30;0.03;-0.99;-0.22;0.55;-0.61;0.00;0.16;-0.13;1.03;-2.93;1.40;-0.61;0.84;0.52;0.17;-0.18;-2.07;0.12;-0.13;0.26;-0.94;
-11.10;-4.57;-2.20;0.68;0.67;0.39;0.12;-0.55;-0.30;0.53;0.55;-0.60;1.22;-0.67;-0.49;-0.37;0.14;-0.89;2.68;1.52;-1.40;0.03;-0.98;-0.25;0.43;-0.06;0.12;0.17;-0.15;1.03;3.23;1.16;-0.91;0.82;0.52;0.19;0.61;0.00;0.24;-0.11;0.27;-0.96;
5.12;1.22;-1.95;0.69;0.65;0.42;1.28;-0.37;0.49;0.53;0.56;-0.60;-0.61;1.40;-0.12;-0.36;0.14;-0.89;0.73;-2.44;0.06;0.05;-0.98;-0.26;-0.79;0.61;0.37;0.18;-0.15;1.02;-1.52;1.16;1.71;0.82;0.52;0.19;-0.43;0.30;-0.12;-0.10;0.29;-0.95;20.85;5.91;-12.01;0.26;0.40;0.88;
4.63;5.24;-4.09;0.70;0.63;0.40;-1.34;0.43;2.26;0.53;0.58;-0.58;-4.51;1.83;-4.94;-0.38;0.13;-0.88;1.89;-3.05;-2.80;0.03;-0.99;-0.20;0.24;-0.24;0.00;0.17;-0.14;1.01;-3.41;-2.01;-1.71;0.83;0.50;0.18;0.18;-0.06;-0.30;-0.09;0.30;-0.94;
-26.22;-8.05;0.00;0.67;0.74;0.45;-1.77;2.50;0.43;0.52;0.57;-0.61;12.26;-13.84;2.38;-0.25;0.24;-0.69;3.23;2.80;-3.60;0.05;-0.96;-0.25;0.30;-0.06;-0.12;0.17;-0.14;1.03;1.77;1.83;5.55;0.83;0.50;0.23;-0.30;-0.24;0.06;-0.09;0.29;-0.95;0.12;0.24;-0.18;0.27;0.43;0.88;
1.83;-0.43;2.74;0.64;0.68;0.40;0.30;0.61;0.30;0.52;0.56;-0.60;-1.10;-0.73;-1.16;-0.35;0.16;-0.90;2.80;-0.85;-1.10;0.05;-0.99;-0.27;-0.18;0.00;0.30;0.17;-0.14;1.02;2.01;0.73;1.52;0.83;0.52;0.19;0.18;0.24;-0.61;-0.10;0.30;-0.95;0.37;0.12;-0.98;0.26;0.42;0.89;
0.12;1.10;-0.98;0.65;0.69;0.38;0.98;0.85;0.79;0.53;0.56;-0.59;-0.79;-0.43;-0.79;-0.36;0.15;-0.89;0.55;-1.04;0.06;0.04;-0.98;-0.26;-0.06;-0.49;0.06;0.17;-0.15;1.02;-0.55;0.85;1.71;0.83;0.52;0.18;-0.24;-0.12;0.06;-0.10;0.30;-0.95;
0.43;0.12;2.50;0.66;0.70;0.38;0.49;0.55;0.61;0.53;0.56;-0.59;0.43;-0.85;-0.67;-0.36;0.17;-0.89;1.77;-0.79;-0.67;0.05;-0.98;-0.25;0.67;-0.06;0.06;0.16;-0.14;1.02;-0.91;0.67;2.26;0.84;0.51;0.20;0.12;0.00;0.61;-0.10;0.30;-0.96;0.49;-0.30;-0.18;0.26;0.43;0.88;
-0.18;-0.12;0.55;0.65;0.68;0.38;-0.30;0.61;0.24;0.53;0.56;-0.60;-1.04;-1.04;-1.40;-0.36;0.16;-0.89;0.79;-0.85;-0.12;0.05;-0.98;-0.24;0.06;-0.55;0.18;0.16;-0.14;1.03;1.10;0.12;0.43;0.83;0.52;0.19;-0.06;-0.06;-0.37;-0.10;0.29;-0.95;
-2.87;-3.29;2.01;0.65;0.70;0.37;-0.18;0.43;-0.12;0.53;0.56;-0.59;0.12;-0.37;-0.67;-0.35;0.17;-0.89;0.91;-0.43;0.24;0.04;-0.98;-0.25;0.18;-0.30;0.24;0.16;-0.14;1.02;0.43;0.79;2.01;0.83;0.52;0.19;0.06;-0.12;0.00;-0.10;0.29;-0.95;
0.67;-0.67;0.37;0.66;0.68;0.38;0.85;0.55;-0.06;0.52;0.56;-0.59;-0.61;-0.18;-0.30;-0.36;0.16;-0.88;-0.67;-0.18;0.00;0.04;-0.98;-0.24;0.30;-0.43;-0.43;0.16;-0.15;1.02;-1.46;0.85;1.28;0.82;0.53;0.19;-0.06;-0.18;0.49;-0.10;0.29;-0.95;-0.06;0.12;-0.49;0.26;0.42;0.88;
4.82;4.82;1.95;0.66;0.68;0.37;0.43;-0.06;0.43;0.53;0.56;-0.60;0.06;-0.24;-1.59;-0.36;0.16;-0.89;0.79;-0.91;0.24;0.04;-0.98;-0.24;0.55;-0.49;0.12;0.17;-0.14;1.02;-1.77;0.85;1.95;0.83;0.52;0.18;0.06;0.06;0.37;-0.10;0.30;-0.95;0.49;0.12;-0.06;0.26;0.43;0.87;
0.79;1.28;-1.22;0.65;0.69;0.38;0.85;0.49;0.30;0.52;0.57;-0.60;0.91;-0.37;-1.65;-0.37;0.16;-0.90;0.61;0.49;-2.50;0.04;-0.98;-0.24;0.61;-0.49;0.12;0.17;-0.15;1.02;-1.65;0.73;0.55;0.82;0.52;0.19;-0.06;0.67;-0.18;-0.10;0.29;-0.96;0.12;-0.12;-0.12;0.26;0.42;0.88;
