-2.50;0.43;0.12;0.68;0.62;0.46;-0.06;0.06;0.12;0.51;0.56;-0.61;-0.18;-0.67;-1.16;-0.40;0.14;-0.87;1.10;-0.43;-0.06;0.07;-0.98;-0.21;0.67;-0.67;-0.12;0.18;-0.15;1.02;-0.43;0.55;0.73;0.81;0.56;0.12;0.12;-0.24;-0.43;-0.12;0.22;-0.97;0.18;-0.18;-0.79;0.27;0.41;0.89;
0.18;-0.06;0.55;0.68;0.62;0.46;0.18;0.67;0.43;0.51;0.56;-0.61;-0.43;-0.85;-0.98;-0.40;0.15;-0.88;0.67;-0.30;-0.85;0.07;-0.98;-0.21;0.12;-0.24;0.37;0.17;-0.14;1.02;-0.43;1.28;1.22;0.80;0.57;0.14;0.18;0.55;0.18;-0.11;0.21;-0.96;
-2.01;0.43;0.00;0.68;0.62;0.44;0.43;0.43;0.79;0.51;0.56;-0.61;2.50;-0.49;-1.40;-0.41;0.14;-0.88;1.65;-0.49;-0.37;0.07;-0.98;-0.22;0.24;-0.06;0.24;0.17;-0.16;1.02;1.04;0.49;1.10;0.80;0.56;0.12;0.24;0.55;0.06;-0.11;0.22;-0.97;0.43;0.30;-0.18;0.27;0.41;0.88;
0.37;0.49;0.49;0.68;0.62;0.46;0.30;0.43;0.30;0.52;0.56;-0.61;0.37;-0.55;-0.85;-0.41;0.15;-0.88;0.85;-0.73;-0.55;0.07;-0.98;-0.22;0.24;-0.55;0.12;0.17;-0.16;1.02;-0.24;0.55;1.04;0.81;0.57;0.13;0.67;0.12;-0.06;-0.11;0.22;-0.96;0.73;0.06;-0.37;0.28;0.41;0.88;
0.91;0.43;0.37;0.67;0.63;0.47;0.91;0.12;0.18;0.51;0.56;-0.61;-0.61;-0.24;-1.52;-0.41;0.13;-0.87;1.59;-0.73;-0.91;0.07;-0.99;-0.22;-0.06;-0.55;0.55;0.17;-0.15;1.02;0.37;0.55;2.32;0.81;0.57;0.13;-0.12;0.18;0.12;-0.12;0.21;-0.97;0.79;0.12;-0.12;0.27;0.41;0.89;
0.79;-0.85;0.85;0.67;0.63;0.45;0.06;0.73;0.18;0.51;0.55;-0.62;-1.34;-0.43;-1.04;-0.40;0.14;-0.86;0.43;-0.49;0.06;0.07;-0.98;-0.21;0.12;-0.49;0.30;0.17;-0.14;1.02;0.91;0.30;1.10;0.81;0.57;0.13;0.06;0.24;0.49;-0.11;0.21;-0.96;0.37;-0.06;-0.18;0.27;0.41;0.88;
-0.30;0.55;0.43;0.68;0.61;0.46;0.43;0.43;0.37;0.51;0.57;-0.60;-0.67;-0.91;-1.59;-0.40;0.13;-0.86;0.67;0.55;0.12;0.07;-0.99;-0.21;0.37;-0.30;0.37;0.18;-0.15;1.03;2.99;0.98;0.49;0.80;0.56;0.13;-0.06;0.24;0.18;-0.11;0.22;-0.97;0.55;0.06;-0.73;0.27;0.41;0.88;
-0.24;0.18;0.00;0.68;0.62;0.46;1.22;-0.55;0.37;0.51;0.57;-0.61;-0.06;-0.43;-1.04;-0.41;0.14;-0.86;-0.18;-1.04;0.00;0.07;-0.97;-0.22;0.55;-0.55;0.24;0.18;-0.15;1.02;-0.79;1.16;1.52;0.81;0.57;0.12;0.37;0.24;-0.24;-0.12;0.21;-0.97;
2.44;0.67;-0.73;0.68;0.62;0.46;0.49;0.06;0.67;0.51;0.56;-0.61;-0.49;-0.37;-0.91;-0.40;0.13;-0.87;0.49;-0.43;-0.12;0.07;-0.99;-0.22;0.18;-0.49;0.24;0.17;-0.15;1.02;-0.37;0.73;1.77;0.81;0.56;0.13;0.06;0.67;0.12;-0.12;0.21;-0.97;
-0.24;-0.49;0.06;0.67;0.62;0.46;-0.67;0.30;0.00;0.51;0.56;-0.61;0.06;0.18;-0.37;-0.41;0.14;-0.87;-0.61;-0.43;0.91;0.08;-0.99;-0.22;0.43;-0.43;0.24;0.17;-0.15;1.01;-0.49;0.98;1.65;0.81;0.57;0.13;0.12;0.49;0.06;-0.11;0.22;-0.97;
-0.43;-1.89;1.28;0.78;0.63;0.45;1.28;0.73;0.12;0.51;0.56;-0.61;-3.17;0.12;0.43;-0.39;0.13;-0.86;-0.61;-0.98;1.52;0.08;-0.98;-0.21;0.37;0.61;0.24;0.17;-0.16;1.01;-0.18;0.67;1.65;0.80;0.57;0.11;0.37;0.43;0.37;-0.12;0.21;-0.97;1.10;0.12;-0.49;0.27;0.41;0.89;
-1.95;-1.83;-0.55;0.67;0.62;0.46;0.91;0.06;0.55;0.51;0.56;-0.61;-1.52;-0.79;-0.24;-0.41;0.15;-0.87;-0.12;-0.30;0.18;0.08;-0.99;-0.22;0.18;-0.30;0.30;0.17;-0.15;1.01;-0.18;0.49;2.13;0.80;0.56;0.11;0.00;0.24;-0.12;-0.12;0.21;-0.97;
1.52;1.10;0.49;0.67;0.63;0.46;0.18;-0.37;0.24;0.52;0.56;-0.61;-0.91;-0.73;-1.16;-0.41;0.14;-0.87;-0.43;0.00;0.55;0.08;-0.98;-0.22;0.37;0.06;0.61;0.17;-0.15;1.02;-0.06;0.73;0.85;0.81;0.56;0.13;0.43;-0.24;-0.06;-0.12;0.22;-0.97;-0.12;0.06;-0.55;0.27;0.41;0.88;
2.62;0.00;0.00;0.67;0.63;0.45;-0.24;0.30;0.00;0.51;0.56;-0.61;0.79;-0.55;-1.77;-0.41;0.14;-0.88;0.24;0.12;0.12;0.07;-0.99;-0.23;0.61;-0.55;0.12;0.18;-0.15;1.02;-0.85;0.30;1.89;0.81;0.56;0.12;-0.12;0.00;-0.24;-0.11;0.21;-0.96;0.24;0.37;-0.49;0.27;0.41;0.90;
-0.43;-1.46;0.67;0.67;0.63;0.45;-0.06;-0.06;0.37;0.51;0.56;-0.62;-0.24;0.49;0.18;-0.41;0.15;-0.88;-0.24;0.24;-0.06;0.08;-0.99;-0.23;0.30;-0.43;0.18;0.18;-0.15;1.02;0.24;0.37;1.71;0.81;0.56;0.13;0.00;0.12;0.12;-0.11;0.21;-0.97;
0.43;0.00;1.04;0.69;0.62;0.44;1.46;0.98;-0.30;0.52;0.57;-0.60;1.77;-0.30;-1.59;-0.41;0.14;-0.87;1.22;-0.85;-0.12;0.09;-0.98;-0.23;0.00;-0.18;0.43;0.18;-0.15;1.01;0.43;0.61;1.16;0.81;0.57;0.13;0.79;0.00;-0.55;-0.11;0.21;-0.97;0.49;-0.30;-0.18;0.27;0.40;0.89;
-0.79;-0.67;-0.98;0.68;0.62;0.45;0.61;-0.06;0.67;0.51;0.56;-0.61;1.71;-0.24;-1.71;-0.40;0.14;-0.87;0.85;-1.77;-0.06;0.07;-0.97;-0.23;0.49;-0.24;0.49;0.17;-0.15;1.02;0.61;0.18;1.46;0.81;0.56;0.13;0.49;0.06;-0.24;-0.11;0.22;-0.97;
-0.49;0.61;1.40;0.68;0.62;0.45;0.79;0.12;0.61;0.51;0.57;-0.61;0.49;-0.73;-1.83;-0.40;0.14;-0.86;1.40;-0.73;-0.12;0.07;-0.98;-0.21;0.30;-0.73;0.06;0.17;-0.15;1.02;0.49;0.43;1.34;0.80;0.56;0.12;0.30;0.06;0.00;-0.12;0.21;-0.97;0.30;-0.24;-0.43;0.27;0.41;0.90;
-1.04;-0.79;1.28;0.68;0.63;0.45;0.12;0.06;0.61;0.50;0.56;-0.61;-0.91;-0.12;-0.55;-0.41;0.14;-0.87;0.49;-0.98;-0.06;0.07;-0.99;-0.22;0.49;-0.43;0.30;0.18;-0.15;1.01;0.61;0.61;0.98;0.82;0.56;0.13;0.24;-0.12;0.12;-0.11;0.21;-0.98;
1.52;1.16;-1.16;0.66;0.62;0.46;0.30;0.55;0.37;0.50;0.57;-0.61;-0.61;-0.61;-1.16;-0.42;0.13;-0.86;0.30;-0.91;0.49;0.08;-0.98;-0.21;0.24;-0.30;0.00;0.17;-0.15;1.02;3.66;-0.24;0.91;0.80;0.56;0.14;0.18;0.30;-0.30;-0.11;0.21;-0.97;0.49;0.06;-0.37;0.27;0.41;0.88;
-1.10;0.00;-0.30;0.68;0.62;0.45;0.43;-0.43;0.37;0.51;0.56;-0.60;-0.91;0.00;-0.98;-0.41;0.13;-0.87;0.61;-0.37;-0.43;0.07;-0.98;-0.22;0.18;-0.61;0.37;0.17;-0.16;1.02;-0.12;0.06;1.77;0.81;0.57;0.13;0.37;-0.43;-0.24;-0.11;0.21;-0.97;
-1.89;-3.60;0.73;0.67;0.66;0.44;-1.59;0.06;-1.22;0.52;0.56;-0.61;-3.96;0.67;1.04;-0.39;0.17;-0.89;3.17;0.06;0.30;0.09;-0.99;-0.24;0.37;-0.37;0.24;0.17;-0.15;1.02;-6.71;2.56;5.30;0.77;0.59;0.11;-0.37;0.61;0.24;-0.12;0.21;-0.97;
4.02;1.28;-0.91;0.67;0.61;0.45;-0.24;-0.12;0.06;0.52;0.55;-0.61;0.30;0.49;-0.61;-0.41;0.15;-0.87;0.37;0.61;-0.30;0.07;-0.98;-0.24;0.12;-0.12;-0.12;0.17;-0.16;1.02;0.43;0.67;1.83;0.80;0.56;0.12;-0.06;-0.24;-0.06;-0.12;0.21;-0.96;0.49;-0.18;-0.30;0.28;0.41;0.88;
1.16;1.83;-0.85;0.70;0.59;0.46;1.16;0.12;0.06;0.51;0.57;-0.60;0.79;-0.37;-1.52;-0.40;0.14;-0.87;-0.18;-0.91;0.67;0.08;-0.98;-0.23;0.00;-0.18;0.55;0.18;-0.16;1.02;-0.30;0.79;2.07;0.80;0.57;0.11;0.00;0.24;-0.30;-0.12;0.22;-0.97;0.24;0.37;-0.43;0.27;0.41;0.89;
0.49;-0.79;-4.45;0.67;0.64;0.45;-0.98;-0.67;-0.06;0.50;0.56;-0.61;3.29;-2.32;-2.87;-0.38;0.14;-0.89;2.01;0.55;1.65;0.11;-0.97;-0.26;0.24;-0.12;0.37;0.17;-0.17;1.03;5.79;-0.49;1.22;0.77;0.59;0.12;0.06;-0.06;0.18;-0.12;0.21;-0.97;
-0.91;1.65;-2.74;0.71;0.57;0.47;-0.43;-1.04;-0.18;0.52;0.56;-0.61;-0.73;0.00;0.98;-0.40;0.11;-0.88;-0.85;-2.13;0.79;0.06;-0.97;-0.25;1.40;1.52;0.00;0.17;-0.15;1.03;-5.00;0.85;2.68;0.81;0.57;0.12;-0.18;0.61;0.18;-0.12;0.22;-0.97;
-1.28;-2.26;-2.32;0.71;0.57;0.48;0.00;-0.49;0.49;0.50;0.56;-0.61;0.49;0.12;-1.22;-0.40;0.12;-0.88;0.18;-0.43;-0.37;0.06;-0.97;-0.25;0.43;0.06;0.37;0.18;-0.16;1.02;0.85;0.91;0.91;0.81;0.57;0.13;-0.06;-0.18;0.12;-0.11;0.21;-0.97;
1.95;0.61;-0.98;0.72;0.57;0.46;0.30;0.30;0.30;0.50;0.56;-0.60;0.18;-0.49;-0.85;-0.41;0.12;-0.88;-0.18;-0.49;0.18;0.07;-0.98;-0.26;0.12;-0.30;0.24;0.18;-0.15;1.02;0.00;0.49;1.40;0.81;0.56;0.14;0.30;-0.18;0.61;-0.12;0.21;-0.96;0.43;-0.06;-0.55;0.28;0.41;0.89;
0.37;0.30;0.06;0.71;0.57;0.47;0.55;0.18;0.18;0.51;0.56;-0.61;-0.43;-1.04;-1.34;-0.41;0.12;-0.88;-0.12;-0.73;-0.06;0.07;-0.98;-0.27;0.24;-0.49;0.18;0.17;-0.16;1.03;-1.10;0.98;2.13;0.81;0.55;0.12;0.30;0.30;0.67;-0.11;0.21;-0.96;
-2.01;-3.54;0.98;0.71;0.58;0.48;0.73;1.40;-0.98;0.50;0.56;-0.62;-1.89;-1.71;-0.30;-0.40;0.12;-0.88;3.66;-1.59;-0.61;0.05;-0.97;-0.24;0.12;-0.24;0.30;0.18;-0.16;1.02;-5.00;1.83;4.82;0.83;0.55;0.13;0.30;-0.30;0.67;-0.12;0.21;-0.97;
3.66;1.16;1.22;0.67;0.62;0.46;-1.59;0.30;0.61;0.51;0.55;-0.61;-2.56;-0.79;1.10;-0.39;0.13;-0.87;0.91;1.65;2.01;0.09;-0.97;-0.25;-0.06;-0.12;0.00;0.18;-0.16;1.02;3.17;0.24;2.32;0.81;0.57;0.12;0.06;0.43;0.24;-0.11;0.21;-0.97;0.18;-0.06;0.00;0.28;0.40;0.88;
2.07;0.12;-1.46;0.70;0.59;0.47;1.40;-0.12;0.49;0.51;0.57;-0.61;-1.71;-1.10;-1.28;-0.41;0.11;-0.88;0.49;-1.77;0.00;0.07;-0.98;-0.25;0.12;-0.24;0.73;0.18;-0.15;1.03;0.24;1.04;2.26;0.80;0.56;0.11;0.24;0.24;-0.18;-0.12;0.21;-0.97;
-1.95;2.26;-1.52;0.67;0.61;0.44;0.61;0.00;0.18;0.51;0.57;-0.61;1.04;0.00;-1.46;-0.40;0.13;-0.87;0.67;0.49;0.12;0.07;-0.99;-0.24;-0.06;0.06;0.18;0.17;-0.16;1.02;-2.56;1.10;1.95;0.81;0.57;0.12;0.00;-0.55;-0.12;-0.12;0.21;-0.96;-0.12;-0.24;-0.30;0.28;0.40;0.89;
0.12;0.24;-0.12;0.68;0.60;0.45;1.28;0.06;0.79;0.51;0.57;-0.61;0.73;0.18;-0.67;-0.41;0.12;-0.87;0.91;0.00;-0.61;0.07;-0.98;-0.23;0.43;-0.24;0.00;0.17;-0.15;1.03;-0.06;0.73;2.50;0.81;0.56;0.14;-0.30;0.06;0.06;-0.11;0.20;-0.98;0.37;0.06;0.12;0.28;0.41;0.88;
-2.50;-0.55;1.28;0.69;0.61;0.45;0.12;0.61;0.18;0.51;0.56;-0.60;-1.52;-0.37;0.00;-0.41;0.13;-0.87;0.00;-0.43;-0.43;0.07;-0.98;-0.24;0.30;-0.37;0.49;0.17;-0.16;1.01;-0.06;0.85;1.95;0.81;0.56;0.12;0.00;0.12;0.06;-0.12;0.21;-0.96;
-6.95;-2.93;-0.98;0.69;0.61;0.44;-0.91;-0.18;-0.61;0.52;0.56;-0.59;1.59;-0.43;-0.67;-0.41;0.12;-0.87;0.67;0.30;-0.18;0.06;-0.98;-0.25;0.18;-0.24;0.12;0.17;-0.15;1.01;-3.60;1.95;-1.52;0.82;0.56;0.09;-0.24;0.06;-0.06;-0.11;0.21;-0.97;
-0.18;1.16;2.20;0.68;0.61;0.47;0.91;0.61;0.18;0.52;0.55;-0.60;1.28;-0.37;-2.20;-0.42;0.13;-0.86;0.55;0.06;0.24;0.06;-0.99;-0.22;0.00;-0.37;0.18;0.17;-0.16;1.03;-0.85;0.98;0.91;0.82;0.56;0.13;0.06;-0.06;0.12;-0.11;0.20;-0.97;0.37;-0.06;-0.49;0.27;0.41;0.88;
