-15.85;2.32;-16.16;0.71;0.67;0.41;-8.96;0.85;-2.20;0.52;0.60;-0.59;30.12;0.61;-12.62;-0.40;0.01;-0.78;-0.67;-0.06;-0.73;0.05;-0.97;-0.21;0.06;0.00;0.00;0.18;-0.10;1.03;15.18;-1.52;-2.74;0.83;0.56;0.13;0.12;0.37;0.30;-0.13;0.20;-0.97;
-9.15;-4.09;2.87;0.71;0.60;0.43;-0.12;0.55;-0.30;0.51;0.58;-0.60;-2.56;-0.24;0.61;-0.41;0.10;-0.87;0.91;1.95;0.06;0.06;-0.99;-0.20;0.18;0.06;0.18;0.17;-0.10;1.02;3.96;0.49;0.49;0.82;0.56;0.12;-0.12;-0.12;0.30;-0.12;0.20;-0.97;
-2.80;-1.46;0.98;0.71;0.60;0.43;0.43;0.61;0.18;0.51;0.57;-0.60;-0.61;-0.55;-0.91;-0.40;0.10;-0.88;0.49;-1.40;0.79;0.08;-0.99;-0.21;0.43;-0.43;0.73;0.18;-0.10;1.03;-0.61;0.24;2.20;0.81;0.56;0.13;0.00;0.49;-0.24;-0.13;0.19;-0.97;
0.43;0.06;0.85;0.70;0.61;0.43;0.85;0.43;0.18;0.51;0.57;-0.60;-0.12;-0.79;-1.22;-0.41;0.10;-0.87;1.04;-1.10;-0.12;0.06;-0.99;-0.21;0.24;-0.24;0.55;0.18;-0.10;1.02;-0.67;1.04;1.16;0.82;0.55;0.12;0.18;0.24;0.49;-0.12;0.19;-0.96;0.37;0.55;-0.43;0.25;0.44;0.87;
0.49;2.32;0.49;0.71;0.62;0.43;0.00;-0.18;0.24;0.51;0.57;-0.61;1.65;0.00;-2.13;-0.40;0.10;-0.88;0.73;-0.79;-0.98;0.06;-0.99;-0.21;0.79;-0.18;0.24;0.16;-0.10;1.03;-0.12;0.73;1.95;0.82;0.56;0.13;0.24;-0.24;-0.55;-0.11;0.20;-0.96;1.16;0.00;-0.06;0.25;0.44;0.88;
1.71;0.73;0.06;0.69;0.62;0.43;1.28;0.37;0.43;0.51;0.57;-0.61;-0.55;-0.49;-0.79;-0.40;0.11;-0.88;1.59;-1.34;-1.28;0.07;-0.99;-0.20;0.18;-0.49;0.30;0.18;-0.10;1.03;-1.52;1.04;1.22;0.81;0.54;0.14;0.37;0.00;-0.06;-0.11;0.19;-0.97;0.61;-0.18;-0.37;0.26;0.44;0.88;
-4.51;-3.84;0.91;0.70;0.61;0.43;0.12;-0.06;0.61;0.51;0.57;-0.60;-0.55;-0.18;0.24;-0.41;0.11;-0.88;-1.16;0.06;0.98;0.06;-0.98;-0.20;0.55;-0.18;0.24;0.18;-0.11;1.03;1.65;0.73;0.49;0.82;0.55;0.12;0.18;-0.12;-0.30;-0.11;0.20;-0.97;
-1.83;-1.34;0.61;0.70;0.61;0.44;0.24;0.18;0.12;0.52;0.58;-0.59;0.55;-0.67;-0.30;-0.40;0.11;-0.87;1.95;0.00;-0.43;0.07;-0.99;-0.22;-0.12;-0.37;0.12;0.17;-0.10;1.03;0.85;0.49;1.34;0.81;0.56;0.13;0.12;0.18;0.00;-0.11;0.19;-0.98;
1.34;0.55;0.37;0.70;0.62;0.43;0.61;0.49;0.67;0.52;0.57;-0.60;0.98;-0.18;-1.71;-0.41;0.10;-0.87;-0.12;-0.91;0.06;0.07;-0.99;-0.20;0.00;-0.12;0.43;0.17;-0.10;1.03;-1.65;0.85;2.07;0.82;0.56;0.11;0.24;0.12;0.24;-0.12;0.19;-0.98;0.85;-0.37;-0.85;0.25;0.45;0.88;
-0.06;0.98;0.18;0.70;0.62;0.42;-0.67;0.55;0.24;0.51;0.57;-0.58;1.22;-0.43;-1.71;-0.42;0.11;-0.88;1.28;-0.79;0.12;0.06;-0.99;-0.20;-0.12;-0.98;0.00;0.18;-0.10;1.02;-1.40;1.04;1.89;0.82;0.56;0.12;0.55;0.18;0.00;-0.12;0.20;-0.97;
-1.46;-2.26;1.52;0.70;0.62;0.44;-0.49;-0.06;-0.24;0.51;0.57;-0.59;-1.16;-0.30;-0.06;-0.41;0.10;-0.87;-1.52;0.30;0.43;0.07;-0.98;-0.20;0.30;0.00;0.18;0.18;-0.10;1.03;0.79;0.91;1.16;0.81;0.56;0.14;0.37;0.06;0.18;-0.11;0.20;-0.97;
-2.07;-0.61;1.16;0.71;0.61;0.43;0.79;0.91;-0.49;0.51;0.57;-0.60;-0.61;0.06;-0.67;-0.41;0.11;-0.88;0.43;0.55;-0.18;0.07;-1.00;-0.19;0.18;-0.24;0.43;0.18;-0.11;1.03;-0.06;1.34;1.46;0.81;0.56;0.12;0.12;-0.49;-0.06;-0.12;0.19;-0.98;
2.01;-0.24;-1.83;0.72;0.59;0.43;0.73;0.30;0.06;0.51;0.57;-0.59;-0.12;-0.79;-1.46;-0.40;0.11;-0.88;0.98;-1.16;0.85;0.08;-0.99;-0.20;-0.12;-0.61;0.24;0.18;-0.11;1.03;-2.01;0.49;1.52;0.81;0.56;0.12;0.24;-0.12;-0.30;-0.13;0.20;-0.97;
1.95;0.18;0.61;0.70;0.60;0.44;1.22;0.73;0.24;0.52;0.57;-0.60;1.89;-0.98;-2.50;-0.41;0.10;-0.89;1.65;-1.83;-1.89;0.04;-0.98;-0.17;0.00;-0.49;0.18;0.18;-0.10;1.02;-0.73;0.43;1.89;0.82;0.56;0.13;-0.24;0.00;-0.06;-0.12;0.20;-0.97;0.06;0.12;-0.30;0.25;0.45;0.88;
-0.18;0.55;1.22;0.69;0.61;0.43;0.55;0.55;0.55;0.52;0.57;-0.60;1.10;-0.49;-1.77;-0.42;0.10;-0.87;1.16;-0.91;0.73;0.07;-0.99;-0.18;0.24;-0.67;-0.06;0.17;-0.10;1.03;-0.73;0.18;1.89;0.81;0.56;0.14;0.12;0.06;-0.30;-0.11;0.20;-0.97;0.12;0.24;-0.30;0.25;0.44;0.87;
-5.18;-2.93;1.40;0.70;0.61;0.44;-0.37;-0.12;0.30;0.51;0.57;-0.60;-0.30;0.55;0.30;-0.41;0.12;-0.88;1.10;0.73;-0.79;0.05;-0.99;-0.20;0.37;-0.24;0.24;0.17;-0.10;1.03;0.85;0.79;1.46;0.81;0.56;0.13;0.12;0.37;-0.43;-0.12;0.20;-0.97;
0.49;0.61;0.12;0.71;0.60;0.42;0.43;0.73;0.18;0.51;0.56;-0.59;-0.49;-0.79;-0.85;-0.40;0.11;-0.88;0.98;-0.43;0.06;0.07;-0.98;-0.19;0.06;-0.18;0.30;0.19;-0.09;1.03;3.54;-0.55;0.00;0.81;0.58;0.12;0.43;-0.30;0.12;-0.12;0.19;-0.97;0.00;0.67;-0.49;0.25;0.45;0.88;
0.67;1.16;-0.85;0.70;0.61;0.43;1.10;-0.06;-0.12;0.51;0.57;-0.60;0.85;-0.67;-1.59;-0.41;0.11;-0.88;0.98;-2.01;1.22;0.07;-1.00;-0.20;0.43;-0.49;-0.06;0.18;-0.10;1.02;-0.85;0.43;1.95;0.81;0.56;0.12;0.18;0.12;-0.12;-0.12;0.20;-0.97;0.24;0.30;-0.24;0.26;0.44;0.88;
1.71;1.95;-0.18;0.69;0.61;0.44;0.67;-0.18;0.98;0.51;0.56;-0.60;-1.71;0.06;-1.22;-0.42;0.10;-0.87;2.13;-1.16;-0.43;0.07;-0.99;-0.18;0.43;-0.18;0.00;0.18;-0.10;1.02;0.49;0.73;1.52;0.82;0.56;0.13;0.24;-0.24;-0.43;-0.12;0.20;-0.97;
-4.57;-3.48;1.83;0.70;0.61;0.43;0.06;0.67;1.10;0.52;0.57;-0.59;0.49;0.91;0.49;-0.41;0.11;-0.87;-3.54;0.79;0.43;0.06;-0.99;-0.20;0.73;-0.24;0.67;0.18;-0.10;1.03;1.46;0.73;0.49;0.81;0.56;0.12;0.43;0.06;-0.24;-0.11;0.20;-0.96;0.18;0.24;-0.61;0.25;0.45;0.86;
-5.18;-2.20;1.71;0.71;0.60;0.43;-0.24;0.30;-0.06;0.51;0.57;-0.59;-0.24;-0.37;0.12;-0.41;0.11;-0.87;0.06;0.85;-0.67;0.07;-0.99;-0.20;-0.24;-0.18;0.61;0.18;-0.11;1.03;-0.37;0.85;1.46;0.82;0.56;0.11;0.73;-0.06;0.43;-0.12;0.20;-0.97;
-1.46;-1.04;-0.43;0.71;0.60;0.44;0.12;0.12;0.49;0.51;0.57;-0.60;0.98;0.18;-0.79;-0.41;0.12;-0.87;2.01;0.12;-0.98;0.06;-0.99;-0.19;0.00;-0.30;0.61;0.18;-0.11;1.03;-0.98;-0.67;1.04;0.82;0.56;0.14;0.30;0.18;0.18;-0.11;0.20;-0.97;
5.00;1.59;1.77;0.69;0.63;0.44;-0.06;0.49;0.79;0.52;0.56;-0.60;3.11;-0.49;-2.38;-0.41;0.11;-0.89;0.12;-0.91;-1.22;0.07;-0.98;-0.19;0.61;-0.12;0.37;0.17;-0.11;1.02;-0.98;0.18;1.71;0.82;0.56;0.12;-0.06;0.00;-0.12;-0.12;0.20;-0.98;0.55;0.18;-0.73;0.25;0.44;0.87;
-0.79;-0.49;-0.37;0.69;0.62;0.43;-1.46;-0.18;-0.49;0.52;0.56;-0.60;0.37;0.43;-0.91;-0.41;0.10;-0.88;1.10;-0.55;0.12;0.08;-1.00;-0.19;0.12;-0.30;0.12;0.18;-0.10;1.03;-0.30;0.37;2.50;0.80;0.57;0.13;0.55;0.00;0.06;-0.12;0.20;-0.97;
-1.34;-1.28;0.98;0.70;0.61;0.44;-0.37;-0.06;-0.24;0.51;0.57;-0.59;-0.49;-0.37;1.16;-0.40;0.10;-0.87;-0.06;-0.06;0.73;0.08;-0.99;-0.19;0.61;-0.85;0.30;0.17;-0.10;1.03;0.24;1.22;1.28;0.81;0.56;0.12;0.00;-0.12;-0.12;-0.12;0.19;-0.97;
2.68;2.50;-1.83;0.73;0.59;0.44;2.01;1.34;0.67;0.50;0.57;-0.59;-4.63;-1.77;-1.83;-0.40;0.11;-0.86;1.89;-0.91;-0.06;0.08;-0.99;-0.18;0.12;-0.24;0.18;0.18;-0.10;1.03;-0.30;1.16;3.90;0.81;0.57;0.11;-0.06;-0.24;0.49;-0.11;0.20;-0.97;
0.79;0.37;-0.91;0.71;0.62;0.43;0.61;-0.18;0.49;0.52;0.57;-0.60;1.95;-0.61;-2.50;-0.41;0.10;-0.89;1.16;-2.38;-0.85;0.07;-0.99;-0.20;0.18;-0.43;0.24;0.17;-0.10;1.03;-2.01;1.28;3.78;0.80;0.56;0.13;-0.06;0.18;0.00;-0.12;0.20;-0.97;
3.23;-0.24;-1.04;0.69;0.61;0.43;0.37;0.00;0.06;0.51;0.56;-0.61;0.24;-0.49;-1.83;-0.41;0.10;-0.89;0.55;-2.50;1.22;0.07;-0.99;-0.20;0.37;-0.24;0.43;0.17;-0.10;1.03;1.28;1.65;1.34;0.80;0.56;0.13;-0.12;0.12;-0.18;-0.12;0.20;-0.98;
-1.59;-3.48;-0.98;0.69;0.62;0.43;0.06;-0.79;0.24;0.52;0.56;-0.61;-0.61;1.10;0.91;-0.40;0.09;-0.88;-0.91;0.30;-1.16;0.08;-1.00;-0.21;0.06;-0.30;0.24;0.17;-0.11;1.02;1.89;0.49;1.52;0.81;0.56;0.13;0.12;-0.12;-0.18;-0.12;0.19;-0.97;
-1.65;-0.18;-0.06;0.72;0.61;0.43;-0.06;0.49;-0.49;0.52;0.57;-0.60;-0.79;0.00;0.43;-0.41;0.10;-0.89;0.18;-0.06;0.18;0.07;-0.99;-0.20;0.37;-0.37;0.24;0.18;-0.10;1.03;0.00;0.55;1.71;0.80;0.57;0.11;0.06;0.12;-0.06;-0.12;0.19;-0.97;
1.10;1.10;-1.10;0.71;0.60;0.43;0.61;-0.06;0.24;0.52;0.57;-0.59;-0.24;-0.55;-1.83;-0.41;0.12;-0.88;0.55;-0.73;0.49;0.06;-0.98;-0.19;-0.06;-0.06;-0.12;0.17;-0.10;1.02;-3.17;2.32;2.68;0.79;0.57;0.12;0.12;-0.12;-0.55;-0.12;0.20;-0.97;
4.57;1.77;-1.10;0.70;0.62;0.43;1.65;0.79;-0.12;0.51;0.57;-0.60;-0.61;-1.04;-2.38;-0.40;0.10;-0.88;2.68;-1.40;0.67;0.08;-0.98;-0.19;0.18;-0.30;0.43;0.18;-0.10;1.03;0.37;0.73;1.46;0.81;0.56;0.12;0.49;0.06;0.00;-0.12;0.20;-0.98;0.61;0.00;-0.18;0.25;0.45;0.88;
-0.12;0.61;-0.67;0.69;0.62;0.43;0.00;0.30;-0.24;0.52;0.57;-0.60;-1.65;-0.43;-1.71;-0.40;0.10;-0.88;1.52;-1.10;0.24;0.08;-0.98;-0.17;0.43;-0.24;0.06;0.17;-0.10;1.03;-0.73;0.85;2.07;0.81;0.55;0.14;0.43;0.18;0.24;-0.11;0.21;-0.98;
-8.78;-3.35;2.56;0.70;0.60;0.41;-1.04;-0.18;-0.67;0.52;0.57;-0.59;-1.28;-0.30;0.24;-0.40;0.11;-0.89;0.91;0.91;-0.85;0.09;-0.98;-0.18;0.67;-0.37;0.43;0.17;-0.11;1.03;2.50;0.85;2.07;0.79;0.57;0.14;0.37;0.43;0.18;-0.12;0.20;-0.97;
0.06;-0.06;-3.35;0.70;0.57;0.44;0.73;-1.89;-0.06;0.51;0.58;-0.61;-1.22;0.12;0.24;-0.40;0.10;-0.89;0.12;-0.37;0.43;0.10;-1.00;-0.20;0.43;-0.79;0.73;0.18;-0.10;1.03;0.24;1.28;2.87;0.79;0.56;0.14;0.85;0.00;0.00;-0.12;0.19;-0.96;0.18;0.12;-0.30;0.26;0.44;0.87;
-1.04;-1.65;-3.90;0.73;0.59;0.43;-1.16;-2.50;-0.49;0.50;0.56;-0.59;0.30;-1.28;-0.43;-0.37;0.10;-0.89;2.20;-0.79;-0.12;0.11;-0.97;-0.19;-0.37;-0.18;0.55;0.17;-0.11;1.03;-0.24;0.91;3.66;0.77;0.57;0.16;0.37;-0.12;-0.43;-0.12;0.20;-0.97;
5.79;0.00;-6.89;0.71;0.60;0.44;0.79;-3.11;0.61;0.50;0.58;-0.61;7.32;-0.37;-1.16;-0.40;0.11;-0.90;-1.52;1.28;0.24;0.09;-0.98;-0.20;0.55;0.24;0.18;0.17;-0.09;1.02;3.29;-0.91;3.78;0.78;0.58;0.16;0.55;-0.12;0.37;-0.13;0.19;-0.98;0.37;-0.24;-0.91;0.25;0.45;0.87;
2.62;-2.50;-3.60;0.70;0.59;0.43;-0.55;-1.83;-1.04;0.49;0.58;-0.60;-1.04;-0.30;1.77;-0.37;0.08;-0.89;1.34;0.67;-2.68;0.10;-0.97;-0.20;-0.12;-0.55;0.18;0.17;-0.10;1.02;9.57;-0.06;3.35;0.78;0.58;0.13;0.00;-0.37;0.30;-0.12;0.19;-0.97;
-1.89;-2.80;-3.60;0.72;0.58;0.45;-0.67;-0.73;0.06;0.51;0.57;-0.59;1.83;-0.24;-0.24;-0.38;0.11;-0.87;2.01;-1.22;-0.55;0.10;-1.00;-0.23;0.24;-0.55;0.67;0.17;-0.10;1.02;-0.18;0.00;4.39;0.78;0.57;0.11;-0.06;0.00;0.18;-0.11;0.19;-0.97;
4.63;2.13;-2.26;0.70;0.59;0.46;1.34;0.06;0.61;0.51;0.57;-0.61;0.30;-0.55;-2.20;-0.39;0.12;-0.88;0.79;-1.52;-0.79;0.08;-0.98;-0.21;0.49;-0.24;0.43;0.18;-0.10;1.03;1.04;0.30;2.68;0.79;0.57;0.13;0.18;0.12;-0.37;-0.12;0.19;-0.98;0.55;0.37;-0.61;0.26;0.45;0.88;
3.66;1.52;0.30;0.70;0.61;0.44;-0.49;0.24;0.43;0.50;0.56;-0.61;-0.49;-0.79;-1.16;-0.39;0.10;-0.88;0.24;-1.34;-0.37;0.08;-0.99;-0.21;0.18;-0.37;0.18;0.18;-0.12;1.03;0.61;0.37;2.56;0.82;0.56;0.13;0.18;0.12;-0.06;-0.12;0.20;-0.97;0.24;0.06;-0.67;0.25;0.45;0.87;
-0.85;-0.91;0.00;0.71;0.61;0.44;0.49;0.18;0.91;0.51;0.57;-0.60;0.55;-0.61;-1.10;-0.40;0.11;-0.87;-0.91;-0.43;0.37;0.07;-0.98;-0.20;0.06;-0.43;0.12;0.18;-0.11;1.03;0.91;0.12;1.34;0.81;0.56;0.12;0.00;0.06;-0.18;-0.12;0.19;-0.98;
-3.41;-1.52;-0.37;0.70;0.58;0.44;0.12;0.00;0.30;0.51;0.57;-0.60;-0.18;-0.73;0.49;-0.41;0.10;-0.88;0.55;0.73;-0.24;0.07;-0.99;-0.21;0.12;-0.37;0.67;0.17;-0.10;1.02;4.09;0.12;1.40;0.80;0.57;0.12;-0.06;0.37;-0.49;-0.12;0.20;-0.97;
3.48;-0.24;-2.01;0.73;0.58;0.44;0.18;-0.12;0.12;0.49;0.57;-0.59;0.79;-0.24;-1.04;-0.39;0.11;-0.89;0.55;-1.59;0.00;0.08;-0.99;-0.21;0.37;-0.43;0.49;0.18;-0.11;1.02;0.06;0.30;3.23;0.80;0.57;0.11;-0.06;0.00;0.24;-0.12;0.20;-0.97;
0.00;0.98;0.18;0.70;0.60;0.44;0.49;0.37;0.00;0.50;0.57;-0.59;3.11;-1.77;-1.22;-0.40;0.14;-0.88;0.73;-0.61;0.67;0.06;-0.99;-0.19;0.37;-0.18;0.24;0.18;-0.10;1.02;0.00;1.10;1.71;0.81;0.56;0.12;0.24;-0.06;0.18;-0.13;0.19;-0.97;0.12;0.06;-0.30;0.25;0.44;0.87;
