-1.04;-1.40;1.22;0.49;0.60;0.65;0.12;0.18;-0.85;0.36;0.48;-0.77;-0.49;-0.24;-1.46;-0.03;0.58;-0.80;1.16;-0.49;0.00;0.28;-0.97;-0.10;0.30;-0.18;0.24;0.20;-0.19;1.01;-0.12;0.30;1.52;0.70;0.67;0.16;
0.37;0.91;0.98;0.51;0.60;0.64;-0.73;-1.16;2.50;0.37;0.47;-0.76;0.37;-0.79;-1.04;-0.02;0.55;-0.81;2.80;-17.01;-1.89;0.31;-0.95;-0.08;-0.30;-0.43;0.12;0.21;-0.19;1.01;-16.16;-8.72;0.43;0.70;0.65;0.22;0.24;-0.12;0.30;-0.11;0.22;-0.96;
-2.07;-17.07;-11.83;0.43;0.70;0.59;9.15;10.49;-10.73;0.35;0.47;-0.76;0.24;-2.32;1.04;-0.02;0.50;-0.85;0.61;0.00;0.06;0.29;-0.97;-0.08;0.37;-0.49;0.18;0.20;-0.19;1.00;0.98;0.61;1.28;0.70;0.67;0.15;
0.00;-0.18;-0.61;0.47;0.69;0.59;0.30;0.06;0.06;0.38;0.47;-0.77;-0.43;-0.30;-0.67;-0.01;0.48;-0.85;0.73;-1.04;0.49;0.30;-0.98;-0.08;0.73;-0.49;0.06;0.21;-0.19;1.01;0.06;0.79;1.77;0.71;0.68;0.16;-0.24;0.12;0.00;-0.11;0.23;-0.97;
-0.61;-1.40;0.98;0.48;0.68;0.59;1.95;0.24;0.79;0.38;0.47;-0.78;0.43;-0.49;-1.28;-0.02;0.48;-0.86;-0.06;-1.71;0.30;0.29;-0.97;-0.07;-0.18;-0.30;0.49;0.20;-0.19;1.00;0.30;1.40;1.16;0.70;0.67;0.15;0.18;0.18;0.00;0.28;0.41;0.88;
-0.37;-1.10;0.67;0.47;0.68;0.59;0.61;0.49;-0.43;0.38;0.46;-0.77;2.68;0.00;-0.49;-0.01;0.49;-0.84;-0.67;0.43;1.52;0.29;-0.96;-0.06;0.49;-0.43;0.55;0.19;-0.20;1.01;-56.52;3.66;24.88;1.06;0.70;0.49;
7.93;-1.65;-2.26;0.55;0.53;0.61;9.21;5.67;9.15;0.43;0.45;-0.77;10.98;1.04;2.87;0.00;0.63;-0.75;0.43;-0.55;-0.12;0.20;-0.99;-0.12;0.30;-0.06;0.18;0.21;-0.20;1.00;3.41;1.77;1.71;0.80;0.56;0.19;0.00;0.12;0.18;-0.11;0.23;-0.97;
1.10;2.07;-0.73;0.58;0.57;0.63;4.82;4.45;-0.12;0.41;0.45;-0.76;-1.22;-2.93;-7.01;0.01;0.55;-0.83;6.22;0.98;-0.67;0.21;-0.98;-0.06;0.00;-0.24;0.18;0.20;-0.20;1.00;-12.26;-0.49;-1.16;0.78;0.59;0.07;
-5.98;-2.56;-1.46;0.55;0.59;0.61;0.06;-0.61;-0.12;0.43;0.43;-0.76;0.49;-0.24;-0.55;-0.02;0.59;-0.79;0.73;0.18;0.61;0.19;-0.99;-0.09;-0.37;0.06;0.79;0.20;-0.20;1.02;-0.98;-0.73;-1.16;0.81;0.58;0.10;0.12;0.06;-0.18;-0.11;0.22;-0.96;
-0.67;0.18;0.00;0.58;0.57;0.62;0.18;0.43;0.73;0.46;0.37;-0.78;-0.85;-0.49;-0.37;-0.13;0.57;-0.80;0.00;0.30;-1.22;0.18;-0.99;-0.10;0.37;-0.37;0.00;0.20;-0.20;1.00;0.61;0.12;1.34;0.81;0.57;0.10;0.67;-0.55;0.30;-0.12;0.22;-0.97;
-2.74;-2.38;-1.10;0.61;0.55;0.65;3.41;-1.95;2.56;0.44;0.40;-0.77;0.43;-0.55;-1.40;-0.12;0.50;-0.85;2.26;-0.61;5.18;0.13;-1.00;-0.13;0.30;-0.55;0.06;0.20;-0.21;1.01;-1.77;0.37;1.52;0.80;0.57;0.11;
