0.00;0.12;-0.18;0.73;0.60;0.40;1.40;0.91;0.00;0.54;0.52;-0.60;1.10;-1.52;-1.89;-0.44;0.05;-0.86;1.16;-0.55;0.61;0.05;-0.97;-0.23;0.24;-0.55;0.30;0.18;-0.11;1.02;0.55;0.49;1.10;0.81;0.57;0.05;0.06;0.30;0.43;-0.12;0.19;-0.96;0.30;-0.24;-0.61;0.25;0.44;0.88;
-1.16;-0.79;0.43;0.73;0.59;0.39;-0.49;-0.24;0.37;0.54;0.53;-0.60;-1.22;-0.55;-0.55;-0.44;0.04;-0.86;-1.71;-0.06;2.80;0.06;-0.98;-0.22;0.24;-0.91;0.00;0.17;-0.10;1.02;-1.89;0.55;2.68;0.80;0.56;0.08;0.24;0.24;-0.18;-0.12;0.19;-0.97;
1.40;1.46;1.16;0.74;0.60;0.40;-0.18;-0.12;0.06;0.54;0.53;-0.60;-0.06;-0.79;-1.65;-0.45;0.06;-0.85;-0.18;-1.10;0.91;0.04;-0.98;-0.25;0.24;-0.43;0.00;0.18;-0.10;1.02;0.61;0.91;0.67;0.80;0.57;0.08;-0.06;0.12;0.06;-0.12;0.20;-0.96;
2.74;2.38;1.83;0.74;0.59;0.41;2.74;1.10;-0.24;0.54;0.52;-0.61;12.32;10.18;-8.66;-0.37;0.14;-0.68;-0.30;0.18;0.49;0.03;-0.95;-0.23;0.37;-0.43;0.49;0.17;-0.11;1.02;-1.83;-0.06;2.38;0.80;0.57;0.03;0.06;0.37;0.37;-0.12;0.20;-0.98;0.55;0.55;0.00;0.26;0.44;0.86;
-2.68;-4.76;-5.24;0.80;0.61;0.37;9.02;4.09;9.82;0.58;0.52;-0.56;-7.44;5.43;14.82;-0.45;0.03;-0.85;6.83;9.94;-13.35;0.11;-0.97;-0.20;-0.24;0.18;0.49;0.17;-0.10;1.03;27.13;14.39;-6.28;0.79;0.57;0.01;-0.18;-0.12;-0.18;-0.12;0.20;-0.97;1.04;0.55;-0.18;0.25;0.45;0.87;
-25.49;-11.71;6.22;0.71;0.53;0.45;-5.91;1.59;1.22;0.49;0.61;-0.57;6.40;-3.72;4.88;-0.32;0.23;-0.84;3.72;5.06;4.51;0.08;-0.94;-0.17;0.91;0.79;0.00;0.14;-0.15;0.99;-9.21;5.12;8.23;0.78;0.56;0.20;0.98;0.12;-0.06;-0.12;0.19;-0.98;
16.34;7.01;-4.45;0.72;0.56;0.49;-1.65;-1.46;0.98;0.50;0.57;-0.61;8.05;-2.50;-2.62;-0.38;0.15;-0.89;0.98;-2.01;0.61;0.07;-0.99;-0.23;0.00;-0.61;0.06;0.17;-0.11;1.03;0.00;0.67;1.59;0.80;0.55;0.17;-0.55;0.18;-0.18;-0.12;0.19;-0.97;
0.00;-0.98;-2.13;0.72;0.55;0.47;0.49;-0.06;0.12;0.49;0.57;-0.62;1.28;-1.83;-1.59;-0.40;0.10;-0.88;2.07;0.67;0.91;0.08;-0.99;-0.22;0.30;-0.18;0.12;0.18;-0.10;1.03;5.12;-0.12;1.40;0.81;0.55;0.16;-0.43;0.18;0.55;-0.12;0.19;-0.97;
2.62;2.32;1.65;0.71;0.57;0.46;-1.04;-0.49;1.16;0.51;0.57;-0.62;-0.73;0.85;-0.06;-0.40;0.10;-0.88;1.59;-1.89;-2.80;0.07;-0.99;-0.21;0.43;0.30;0.55;0.18;-0.10;1.03;-5.79;0.79;2.07;0.81;0.56;0.16;0.67;0.06;-0.37;-0.12;0.19;-0.98;0.49;-0.24;-0.61;0.26;0.44;0.88;
2.99;1.83;2.20;0.70;0.59;0.46;0.18;0.30;0.24;0.50;0.57;-0.61;-0.37;0.61;-1.28;-0.39;0.11;-0.88;0.43;-3.23;0.49;0.09;-0.99;-0.22;0.43;-0.73;0.55;0.17;-0.11;1.03;-1.10;0.49;2.44;0.82;0.55;0.16;0.43;-0.06;0.43;-0.13;0.18;-0.98;1.95;0.67;-1.59;0.25;0.44;0.88;
5.30;5.37;-0.12;0.69;0.60;0.46;0.61;-0.30;0.37;0.49;0.57;-0.61;-0.18;-0.61;-3.11;-0.38;0.12;-0.86;1.28;-2.80;-0.98;0.09;-0.99;-0.21;1.83;0.98;-0.67;0.17;-0.13;1.03;-2.26;1.40;2.74;0.81;0.55;0.16;-0.18;0.61;0.24;-0.12;0.21;-0.97;-2.87;-1.28;1.52;0.25;0.44;0.87;
2.44;1.16;0.06;0.67;0.62;0.45;0.12;0.18;-0.12;0.50;0.57;-0.61;0.37;-0.55;-0.37;-0.39;0.10;-0.88;0.37;-0.12;0.43;0.10;-0.99;-0.20;-0.30;-1.16;0.37;0.18;-0.13;1.02;-0.24;0.43;1.65;0.81;0.55;0.16;0.24;0.06;-0.49;-0.12;0.22;-0.97;0.24;0.12;-0.12;0.27;0.42;0.87;
-3.23;-2.07;1.52;0.69;0.61;0.44;-0.06;1.04;-0.12;0.51;0.57;-0.60;-0.12;-0.73;-0.55;-0.39;0.12;-0.86;-0.98;-0.18;0.98;0.10;-0.98;-0.21;-0.24;-0.18;0.24;0.18;-0.15;1.02;-1.16;0.67;2.32;0.81;0.56;0.15;0.30;-0.30;0.06;-0.12;0.21;-0.96;
