-0.24;2.26;2.20;0.26;-0.00;1.01;-0.55;0.55;1.10;0.27;-0.00;1.01;
-0.67;-0.30;0.06;0.28;0.00;1.00;-0.37;-0.73;0.06;0.27;0.00;1.00;
-1.04;0.67;0.43;0.27;-0.00;1.00;-0.12;-0.43;0.00;0.27;-0.01;1.00;
0.18;0.00;-0.37;0.27;0.00;1.01;-0.43;0.06;-0.30;0.27;-0.00;1.00;
-0.06;-0.30;0.30;0.26;-0.00;1.00;-0.67;-0.24;-0.30;0.27;-0.01;1.00;
-0.18;-0.49;-0.24;0.27;0.00;1.01;0.00;-0.24;-0.30;0.27;-0.00;1.00;
-0.61;0.12;0.18;0.27;-0.00;1.01;-0.30;-0.61;-0.06;0.28;-0.00;1.00;
-64.70;-72.50;-144.45;0.48;-0.38;1.45;65.18;122.01;-22.44;0.92;-0.68;1.45;
-149.63;-160.79;23.11;-0.78;-1.90;-1.09;-287.07;-715.85;649.63;1.25;-1.02;-0.17;
-19.39;-130.06;-61.77;0.73;-0.95;1.24;34.51;6.04;-38.35;0.71;-0.71;1.17;
-4.70;-72.87;-42.56;0.46;-0.37;0.61;-17.01;-114.21;-43.90;0.60;-0.62;0.89;
-23.96;18.35;0.37;0.46;-0.22;0.91;12.38;7.01;-3.78;0.40;-0.23;0.96;
-44.51;-8.66;9.76;0.42;-0.09;1.00;-27.87;-5.18;4.82;0.41;-0.14;0.89;
-10.30;-0.73;1.83;0.46;-0.10;0.96;-2.93;-1.65;4.33;0.39;-0.16;0.93;
-2.44;-0.12;-0.30;0.42;-0.14;0.95;-0.79;0.73;0.61;0.42;-0.14;0.95;
-36.77;260.85;125.73;-0.46;-0.56;-0.06;-112.44;69.76;190.61;-0.09;-0.46;0.60;
195.06;28.48;-39.63;-0.14;-0.62;0.85;246.40;7.07;-18.48;-0.05;-0.33;0.08;
1.95;91.52;90.12;0.42;-0.14;0.94;-6.59;67.93;62.99;0.41;-0.13;0.96;
0.67;-3.96;-3.11;0.43;-0.14;0.94;1.04;2.99;2.68;0.42;-0.13;0.93;
-5.79;-2.07;4.76;0.45;-0.17;0.95;-4.15;-2.20;1.77;0.41;-0.14;0.94;
-19.57;-26.89;-11.22;0.34;-0.23;1.10;4.57;-3.17;-3.96;0.31;-0.23;1.04;
4.76;-2.32;-5.61;0.30;-0.19;0.96;3.60;-2.62;-8.05;0.30;-0.19;0.97;
-1.77;-5.30;-1.89;0.36;-0.20;0.96;-1.28;-6.04;-5.06;0.37;-0.18;0.93;
0.49;-1.34;2.26;0.39;-0.23;0.92;1.10;-0.67;-0.98;0.40;-0.21;0.94;
-5.37;-1.95;-2.26;0.41;-0.20;0.95;-2.07;-1.46;-2.68;0.41;-0.24;0.94;
0.61;-1.28;0.18;0.41;-0.21;0.94;-2.01;-1.28;0.00;0.39;-0.21;0.93;
-0.73;-0.18;-0.12;0.41;-0.23;0.94;-4.70;-3.11;-0.43;0.41;-0.23;0.92;
-2.01;-1.77;0.30;0.41;-0.22;0.92;1.59;-0.24;-1.28;0.42;-0.22;0.92;
-0.61;0.00;0.49;0.42;-0.22;0.91;0.43;-0.24;0.43;0.43;-0.23;0.93;
-1.40;-0.43;0.30;0.43;-0.23;0.92;-0.73;-0.73;-0.43;0.43;-0.23;0.92;
0.12;0.06;-0.43;0.41;-0.23;0.91;1.52;0.55;-0.85;0.43;-0.23;0.92;
-0.12;-0.30;0.06;0.42;-0.24;0.92;0.79;0.24;-0.24;0.43;-0.23;0.92;
-1.89;-0.37;-0.24;0.42;-0.24;0.91;1.46;0.73;-1.40;0.44;-0.23;0.94;
-0.30;0.06;0.24;0.43;-0.23;0.93;-0.43;0.00;0.18;0.42;-0.22;0.91;
0.12;-0.06;0.43;0.43;-0.23;0.92;-2.87;-0.73;1.34;0.43;-0.24;0.91;
-0.79;-0.12;0.18;0.42;-0.23;0.92;-0.37;-0.91;0.06;0.42;-0.24;0.92;
-0.98;-0.30;0.24;0.42;-0.23;0.92;-0.91;-0.79;-0.37;0.42;-0.23;0.91;
0.43;0.49;-0.06;0.44;-0.23;0.93;-0.24;1.04;-0.12;0.43;-0.23;0.91;
-2.01;-0.73;0.98;0.44;-0.23;0.93;2.74;0.79;-2.68;0.43;-0.23;0.92;
0.55;-0.12;-0.55;0.44;-0.23;0.92;0.37;-0.24;0.00;0.42;-0.23;0.91;
-2.26;-0.91;0.79;0.43;-0.24;0.92;0.73;0.91;-0.06;0.43;-0.24;0.91;
-0.37;-0.73;0.00;0.43;-0.24;0.92;0.00;0.18;-0.55;0.44;-0.22;0.93;
-4.76;5.18;6.04;0.43;-0.24;0.94;7.80;-3.72;-3.23;0.43;-0.22;0.93;
0.98;0.24;-0.24;0.43;-0.25;0.91;1.77;1.22;-1.04;0.44;-0.25;0.91;
0.43;-0.91;-0.49;0.43;-0.24;0.92;-0.43;0.61;0.30;0.44;-0.25;0.90;
0.00;-0.79;0.55;0.43;-0.25;0.91;-2.01;-1.04;0.43;0.43;-0.25;0.90;
-1.59;-0.12;0.67;0.43;-0.25;0.91;-0.91;0.30;0.67;0.42;-0.25;0.91;
-0.06;-0.24;0.06;0.44;-0.25;0.91;0.12;-0.37;0.12;0.43;-0.24;0.91;
-0.24;0.18;-0.30;0.43;-0.25;0.91;-0.73;-0.12;-0.49;0.42;-0.25;0.91;
0.79;-0.18;-0.85;0.44;-0.25;0.90;0.00;-0.79;0.24;0.43;-0.25;0.90;
-0.79;0.43;0.30;0.43;-0.25;0.91;0.12;0.49;0.18;0.43;-0.25;0.91;
-0.37;-0.67;0.61;0.43;-0.26;0.90;-0.06;0.00;-0.73;0.44;-0.25;0.91;
-0.24;-0.85;-0.61;0.44;-0.25;0.91;-2.99;-1.16;1.52;0.44;-0.25;0.91;
-0.12;-0.37;-0.24;0.44;-0.25;0.90;0.06;-0.18;-0.67;0.44;-0.25;0.90;
0.24;0.18;-0.18;0.43;-0.25;0.91;-0.55;-0.18;-0.30;0.44;-0.25;0.90;
-0.61;0.49;0.49;0.44;-0.24;0.90;-0.55;0.18;-0.12;0.44;-0.25;0.91;
-0.67;0.12;-0.67;0.44;-0.25;0.91;0.06;-0.61;-0.79;0.44;-0.24;0.91;
1.59;-0.18;-1.16;0.44;-0.25;0.91;2.26;-1.10;-0.91;0.44;-0.24;0.91;
-1.89;0.18;2.01;0.44;-0.24;0.92;-1.52;-0.18;-0.06;0.43;-0.24;0.91;
2.38;-1.46;-2.74;0.43;-0.24;0.91;2.13;-1.10;-1.71;0.44;-0.24;0.90;
-0.61;0.67;1.59;0.44;-0.23;0.91;-1.46;0.30;0.67;0.45;-0.23;0.91;
0.24;1.34;-0.55;0.41;-0.23;0.92;0.55;-0.85;-0.18;0.44;-0.23;0.92;
-3.11;1.10;0.79;0.43;-0.24;0.91;-0.30;-0.18;-1.10;0.43;-0.23;0.91;
0.98;-1.34;0.43;0.44;-0.23;0.92;-1.59;0.79;1.89;0.44;-0.23;0.91;
0.49;-0.61;-0.73;0.45;-0.22;0.91;0.67;0.30;-0.61;0.43;-0.24;0.91;
-9.76;0.06;2.56;0.55;-0.21;0.89;-0.24;-0.85;-0.67;0.43;-0.19;0.91;
-0.49;-8.17;2.26;0.32;-0.04;0.97;0.00;15.30;-1.22;0.31;0.00;0.99;
-0.49;0.98;0.24;0.29;0.01;1.00;-0.18;-18.29;3.60;0.23;0.00;1.14;
-0.61;2.07;-0.85;0.28;-0.00;0.99;-0.06;-0.18;0.00;0.28;-0.00;1.01;
-0.91;8.11;-1.34;0.28;-0.00;0.99;-0.24;-1.22;-0.61;0.28;-0.01;1.00;
-0.61;3.48;-0.49;0.28;0.00;1.00;-0.06;-0.24;0.18;0.27;0.00;1.01;
0.06;0.00;0.18;0.28;-0.00;1.01;0.18;-0.06;-0.49;0.28;-0.00;1.00;
2.62;0.30;0.43;0.27;0.00;0.99;0.79;-2.13;2.01;0.30;0.03;0.99;
-3.72;-0.55;0.79;0.28;0.02;0.99;-1.89;-0.49;0.61;0.28;0.01;1.01;
-0.85;0.06;0.37;0.27;0.02;0.99;-2.01;-0.12;0.49;0.27;0.01;1.01;
0.73;-0.55;0.67;0.26;0.01;1.00;-0.85;-0.18;0.12;0.27;0.01;1.01;
-0.30;-0.12;0.24;0.27;0.01;1.00;-0.61;-0.49;0.00;0.27;0.01;1.00;
-1.16;-0.18;0.18;0.27;0.01;0.99;-0.18;-0.37;-0.12;0.28;0.01;0.99;
0.91;-0.06;-0.12;0.28;0.01;1.00;-1.71;-0.67;0.00;0.27;0.01;1.01;
0.18;-0.30;0.00;0.28;0.00;1.00;-1.34;-0.30;0.24;0.28;0.01;1.00;
-0.55;-0.06;-0.24;0.27;-0.00;1.00;-0.24;0.18;0.06;0.27;0.01;0.99;
-5.00;-0.61;-8.05;0.29;0.08;1.01;-0.49;-5.98;-0.24;0.30;0.02;1.00;
-0.37;-0.24;-0.24;0.27;-0.01;1.00;0.00;-0.24;-0.55;0.27;-0.00;1.00;
0.06;-0.24;-0.43;0.27;0.00;1.00;-0.30;-0.55;0.43;0.27;0.00;1.00;
-0.30;0.12;-0.12;0.27;0.00;1.00;-0.43;0.12;0.12;0.28;-0.00;1.00;
-0.30;0.18;0.12;0.27;-0.00;1.00;-0.43;-0.30;-0.24;0.27;-0.00;1.00;
-0.24;-0.18;0.12;0.28;-0.00;1.00;-0.18;-0.06;-0.18;0.28;0.00;1.00;
0.06;-0.30;-0.12;0.26;0.00;1.00;-24.63;9.39;-69.39;0.51;1.33;0.90;
-0.12;-1.22;-0.06;0.27;-0.00;1.00;-0.67;-0.67;0.24;0.27;0.00;1.00;
1.16;6.22;24.76;0.33;-0.13;1.12;4.63;-5.85;41.59;0.49;-0.16;1.01;
-0.43;-0.85;0.12;0.26;-0.01;1.01;-0.37;-0.85;0.24;0.26;-0.00;1.02;
-0.24;0.18;0.37;0.27;-0.00;1.01;-0.55;-0.06;0.06;0.27;-0.00;1.00;
-0.12;0.49;0.00;0.27;-0.01;1.04;0.67;3.29;-0.12;0.28;0.00;1.04;
-0.49;1.16;-0.12;0.29;0.00;1.05;-0.73;-0.06;-0.24;0.28;0.01;1.06;
-0.91;-4.82;1.46;0.29;0.04;1.06;-2.74;-0.37;-7.56;0.17;-0.05;1.05;
-0.30;0.37;-0.06;0.28;-0.00;1.04;-3.84;-4.57;-13.17;0.20;0.19;1.08;
-0.85;-0.12;0.37;0.28;-0.00;1.01;-0.49;0.00;0.43;0.27;-0.00;1.01;
-24.88;4.63;-1.71;0.27;0.04;1.01;-30.55;5.67;-8.23;0.31;0.18;1.04;
-97.38;29.02;-20.43;0.16;-0.19;1.05;-140.67;1.95;5.98;0.12;-0.15;1.02;
-21.34;-38.35;91.22;-0.17;-1.08;0.36;-40.06;-46.34;59.94;-0.16;-0.99;0.24;
70.85;-28.41;85.61;-0.57;-1.30;0.41;86.28;-12.20;87.32;-0.32;-0.92;0.38;
45.67;-102.68;48.66;-0.32;-0.36;0.72;21.89;-93.29;45.55;-0.28;-0.32;0.82;
28.90;-26.28;29.15;-0.34;-0.29;0.87;22.26;-8.35;52.99;-0.30;-0.31;0.99;
-12.01;-26.83;64.82;-0.38;-0.12;0.88;-46.04;-53.66;62.74;-0.27;-0.08;0.97;
-33.90;-11.10;-12.99;-0.21;-0.32;0.95;-28.66;2.74;9.76;-0.14;-0.27;0.97;
42.13;20.00;29.88;-0.30;-0.37;1.02;58.35;55.49;76.65;-0.16;-0.37;1.08;
-19.76;-6.83;1.10;-0.28;-0.32;0.98;-16.77;-5.67;-2.99;-0.24;-0.28;1.00;
3.23;8.96;-9.76;-0.23;-0.30;0.92;-7.26;-2.44;-14.94;-0.23;-0.29;0.92;
0.00;11.59;-2.38;-0.25;-0.31;0.92;2.50;14.15;-7.80;-0.24;-0.29;0.91;
-1.65;13.11;-20.55;-0.28;-0.30;0.86;-15.67;0.67;-42.93;-0.31;-0.39;0.80;
28.54;45.12;-19.45;-0.61;-0.30;0.76;6.59;0.98;-7.80;-0.61;-0.32;0.69;
-4.57;-8.35;-9.33;-0.62;-0.34;0.67;-28.66;-5.12;-4.02;-0.61;-0.35;0.73;
2.87;9.70;1.28;-0.60;-0.35;0.74;-0.12;2.68;2.68;-0.61;-0.36;0.69;
60.55;-22.50;-42.32;-0.56;-0.30;0.63;75.61;5.37;-43.41;-0.57;-0.33;0.55;
129.15;-30.85;-29.09;-0.47;-0.65;0.59;193.90;-96.28;-53.23;-0.61;-1.91;0.53;
27.50;-46.16;-1.77;0.01;-0.02;1.10;131.83;28.17;-27.07;-0.16;-0.14;0.83;
-0.73;44.94;45.24;0.18;0.01;1.03;-1.89;55.91;57.56;0.19;0.01;1.02;
-0.67;-2.26;-17.74;0.17;-0.07;1.10;-0.79;1.22;-9.45;0.21;-0.04;1.07;
-4.02;2.07;1.04;0.20;0.01;1.01;0.55;0.73;0.61;0.20;0.01;1.01;
4.82;-3.17;-0.30;0.21;-0.03;1.02;9.45;-6.28;1.46;0.25;-0.02;1.01;
1.89;0.24;0.43;0.20;0.01;1.02;1.22;-0.37;0.43;0.21;0.00;1.02;
0.06;-0.55;-0.06;0.21;0.01;1.02;-0.49;0.06;-0.06;0.21;0.00;1.01;
-1.40;-0.37;-0.55;0.23;0.00;1.01;-0.24;-0.12;-1.04;0.23;-0.00;1.02;
0.18;0.67;0.61;0.20;0.01;1.01;0.06;0.61;0.18;0.21;0.01;1.01;
2.44;-0.12;1.95;0.22;0.00;1.00;2.93;0.55;6.28;0.23;0.00;1.02;
-1.52;0.18;-5.00;0.23;0.00;1.02;-0.73;-0.61;-1.77;0.23;-0.01;1.01;
-0.24;0.06;0.06;0.23;-0.00;1.01;-0.43;-0.12;-0.06;0.23;-0.01;1.03;
-0.06;0.30;-0.24;0.23;-0.00;1.01;-0.37;-0.18;0.43;0.23;-0.01;1.02;
-0.12;-0.12;0.18;0.23;0.00;1.03;-0.49;0.06;0.00;0.23;-0.01;1.02;
0.12;-0.06;0.18;0.24;-0.00;1.03;0.30;0.12;0.24;0.23;-0.00;1.01;
-0.49;-0.43;0.12;0.24;0.00;1.02;-0.12;-0.30;-0.18;0.24;-0.00;1.04;
-18.96;-14.09;3.66;0.31;-0.11;1.19;-3.29;1.34;1.10;0.21;0.00;1.00;
-0.43;0.43;0.18;0.22;0.00;1.00;-0.24;0.43;0.24;0.21;0.00;1.01;
-0.61;-0.55;0.06;0.21;-0.00;1.02;-0.37;-0.06;0.00;0.21;-0.00;1.02;
-0.43;-0.43;0.30;0.21;-0.00;1.02;-0.30;-0.18;0.30;0.21;-0.00;1.00;
-0.73;-0.30;0.12;0.20;-0.00;1.02;-0.49;0.12;-0.06;0.20;0.00;1.01;
0.49;-1.22;-0.30;0.23;-0.00;1.01;-2.50;-2.01;-0.85;0.21;0.01;1.02;
-6.16;-0.49;-0.67;0.22;-0.01;1.02;3.41;1.83;1.40;0.21;-0.00;1.02;
8.23;0.12;1.04;0.22;0.01;1.01;-3.54;-1.40;0.55;0.21;-0.00;1.02;
-7.20;-3.54;-2.01;0.22;-0.01;1.02;-5.06;-0.55;-0.73;0.22;-0.01;1.02;
6.77;4.45;1.83;0.22;-0.01;1.01;7.99;3.78;2.62;0.22;-0.00;1.02;
-2.32;-2.56;-0.73;0.22;0.01;1.02;-2.99;-5.55;-1.34;0.21;0.01;1.02;
0.43;0.06;-0.61;0.23;-0.01;1.02;0.18;-0.12;1.16;0.22;-0.00;1.02;
3.66;3.48;2.01;0.23;0.01;1.02;0.43;1.04;0.55;0.22;0.01;1.02;
-9.82;-4.21;-1.83;0.23;0.01;1.01;-1.34;-0.24;-2.68;0.23;0.01;1.01;
3.11;1.83;0.67;0.23;-0.00;1.02;6.89;2.32;2.68;0.23;0.01;1.02;
-0.61;-0.18;0.24;0.23;0.02;1.02;-4.09;-1.28;0.00;0.22;0.01;1.02;
-6.77;-2.80;-3.48;0.23;0.01;1.03;-3.23;-1.34;-1.34;0.23;0.00;1.01;
4.51;3.29;2.13;0.22;0.00;1.02;3.11;4.39;1.89;0.23;0.01;1.01;
-2.50;-1.34;0.12;0.23;0.01;1.02;-5.79;-2.26;-0.12;0.23;0.01;1.01;
-0.98;-0.30;-0.30;0.23;-0.01;1.02;-0.24;-0.24;-0.18;0.23;0.00;1.02;
1.34;0.55;-0.24;0.22;0.00;1.02;-1.04;3.66;1.10;0.23;-0.00;1.02;
-0.61;0.73;0.37;0.21;-0.00;1.01;-0.55;-0.43;0.30;0.22;-0.00;1.02;
-0.37;-0.12;-0.24;0.22;-0.00;1.02;-0.06;-0.30;-0.18;0.22;-0.01;1.01;
-0.30;0.00;0.00;0.21;-0.00;1.02;-0.73;-0.18;-0.91;0.22;-0.00;1.02;
-0.61;-0.06;-0.61;0.22;-0.01;1.03;-0.43;-0.73;0.43;0.23;-0.00;1.02;
0.00;-0.18;0.00;0.20;-0.01;1.01;0.06;-0.37;0.18;0.20;-0.00;1.03;
-1.46;-0.55;0.43;0.21;-0.00;1.02;-0.43;-0.24;0.06;0.21;-0.01;1.02;
-1.40;-0.06;0.00;0.21;-0.01;1.02;-2.56;0.12;-0.18;0.22;-0.01;1.02;
2.13;0.18;0.55;0.22;-0.00;1.02;-0.12;0.43;0.73;0.22;-0.01;1.02;
-0.73;1.04;0.37;0.22;-0.00;1.02;-4.39;0.85;-0.18;0.22;-0.00;1.02;
-0.73;0.12;0.55;0.22;-0.00;1.02;-0.73;-0.49;0.12;0.22;-0.00;1.02;
-85.00;-30.49;-83.78;0.36;-0.45;1.14;25.24;0.06;2.44;0.17;-0.02;1.02;
-105.37;6.95;12.38;0.30;-0.16;1.09;-266.34;-5.85;-16.83;0.50;-0.26;1.14;
33.72;160.67;-10.55;-0.61;-0.56;0.76;-86.77;73.23;59.27;-0.60;-0.32;0.49;
-40.85;31.40;-198.66;-0.33;-0.48;1.43;-18.29;110.79;-170.06;0.13;-0.04;1.07;
-23.48;-133.48;-2.99;0.40;0.17;1.66;29.76;1.22;-89.33;-0.01;-0.40;0.68;
-15.06;-124.33;10.91;0.13;-0.09;0.77;-68.41;-179.39;13.05;0.25;-0.34;0.83;
29.39;248.17;-114.63;0.17;-0.03;0.60;-77.50;113.72;-108.23;-0.07;-0.23;0.64;
-80.55;-258.29;-19.82;0.22;-0.44;1.27;28.78;-99.63;-50.85;0.37;-0.39;1.49;
16.04;-24.57;37.56;0.24;-0.47;0.82;-13.23;-58.54;40.91;0.34;-0.25;0.89;
-11.22;35.79;-2.62;1.00;-0.43;1.55;-21.04;1.83;-12.01;0.20;-0.05;1.00;
1.22;0.18;-0.79;0.21;-0.02;1.00;0.61;0.43;-0.24;0.21;-0.02;1.01;
-0.61;0.18;-0.43;0.22;-0.02;1.02;0.00;0.49;-0.24;0.21;-0.02;1.01;
0.00;-0.43;0.30;0.21;-0.03;1.01;-0.73;-0.43;0.49;0.21;-0.02;1.02;
-0.24;-0.67;0.00;0.21;-0.03;1.01;-0.85;-0.06;0.55;0.21;-0.02;1.02;
-0.49;0.00;0.55;0.21;-0.02;1.02;-0.55;0.12;-0.43;0.22;-0.02;1.01;
-0.43;-0.73;0.30;0.21;-0.02;1.01;-0.55;-0.43;0.18;0.21;-0.02;1.03;
-0.30;-0.24;0.55;0.21;-0.02;1.02;-0.06;-0.37;0.43;0.21;-0.02;1.00;
-10.49;-0.85;24.63;0.21;-0.00;1.00;-6.40;-1.28;0.06;0.21;-0.05;1.02;
-0.24;-0.43;0.00;0.21;-0.03;1.01;-0.37;-0.79;0.37;0.20;-0.02;1.01;
-0.73;-0.30;0.24;0.21;-0.03;1.01;-0.73;-0.43;0.24;0.21;-0.02;1.02;
-0.12;-0.06;-0.12;0.20;-0.03;1.01;-2.13;0.55;1.52;0.22;-0.02;1.02;
-1.28;-0.43;0.30;0.21;-0.02;1.02;-0.43;0.37;0.73;0.20;-0.04;1.02;
-0.49;-0.24;0.18;0.20;-0.03;1.02;-0.43;-0.18;0.00;0.21;-0.03;1.02;
0.12;-0.30;0.00;0.21;-0.03;1.02;-0.18;-0.30;-0.06;0.21;-0.02;1.01;
1.77;0.24;0.37;0.21;-0.03;1.01;5.85;-0.12;-1.10;0.21;-0.03;1.01;
0.37;0.43;28.11;0.19;0.01;0.99;-6.52;-1.22;0.43;0.22;-0.03;1.03;
-0.91;0.06;0.67;0.21;-0.02;1.01;-0.55;-0.12;0.06;0.21;-0.03;1.02;
-0.73;-0.30;-0.24;0.20;-0.03;1.00;-0.24;-0.24;0.06;0.20;-0.03;1.01;
0.18;-0.18;-0.24;0.20;-0.03;1.02;0.18;-0.73;-0.30;0.21;-0.02;1.01;
-0.06;-0.18;0.00;0.21;-0.03;1.02;-0.43;0.00;0.49;0.21;-0.02;1.02;
-0.06;0.00;-0.12;0.21;-0.02;1.01;0.24;-0.55;0.06;0.22;-0.03;1.02;
-0.12;-0.12;-0.24;0.21;-0.03;1.02;-0.43;0.37;0.24;0.22;-0.03;1.02;
-1.52;-0.43;0.30;0.21;-0.03;1.02;-1.10;-0.18;0.30;0.21;-0.03;1.02;
-6.34;3.90;2.44;0.21;-0.04;1.02;-7.56;-1.16;-44.21;0.16;0.44;1.04;
0.43;-0.37;-0.12;0.22;-0.02;1.02;-1.52;-0.06;0.18;0.20;-0.02;1.01;
1.52;-0.37;-0.06;0.21;-0.03;1.00;-0.24;-0.43;-0.06;0.21;-0.03;1.01;
0.55;-0.18;0.00;0.21;-0.02;1.01;-4.51;0.67;1.04;0.21;-0.03;1.01;
-0.91;-0.37;0.18;0.21;-0.03;1.01;-3.05;1.34;0.49;0.21;-0.03;1.02;
-0.98;0.24;-0.12;0.22;-0.03;1.01;-1.77;-0.43;1.16;0.22;-0.03;1.01;
-0.30;0.43;0.37;0.21;-0.03;1.02;-0.43;-0.79;0.37;0.21;-0.03;1.02;
-0.18;-0.30;0.30;0.22;-0.02;1.01;-0.49;0.12;-0.06;0.21;-0.03;1.01;
8.66;-6.77;-2.68;0.20;-0.06;1.02;16.34;-2.50;-2.80;0.22;-0.03;1.01;
0.73;-0.91;-0.30;0.22;-0.03;1.03;1.16;-1.28;0.06;0.21;-0.04;1.02;
12.50;-2.87;-0.49;0.20;-0.03;1.01;1.22;-0.30;0.18;0.21;-0.04;1.02;
-0.18;-0.67;0.06;0.20;-0.03;1.02;-0.55;0.67;0.06;0.22;-0.04;1.01;
-0.49;0.24;0.06;0.21;-0.03;1.02;-0.55;0.30;-0.37;0.21;-0.04;1.01;
-5.49;1.89;0.73;0.21;-0.04;1.02;3.23;-3.23;-0.55;0.21;-0.03;1.01;
-1.16;-0.06;-0.18;0.21;-0.04;1.01;-0.67;-0.67;0.06;0.21;-0.03;1.01;
-0.49;-0.55;-0.18;0.21;-0.03;1.02;-4.45;2.32;1.16;0.21;-0.03;1.01;
0.67;-0.30;-0.43;0.22;-0.03;1.02;7.68;-2.13;-9.45;0.20;-0.13;1.01;
-3.48;-0.43;0.30;0.20;-0.06;1.02;-5.55;-0.12;-1.40;0.21;-0.05;1.02;
1.65;-1.10;0.49;0.20;-0.04;1.01;0.73;-1.16;0.12;0.21;-0.04;1.02;
-14.94;0.91;-22.87;0.22;-0.09;1.02;-20.24;18.84;-25.06;0.24;-0.08;0.79;
-2.32;0.61;0.79;0.21;-0.04;1.01;-0.43;0.06;0.24;0.21;-0.04;1.01;
-0.12;0.00;-0.18;0.21;-0.04;1.02;-0.06;-0.18;0.12;0.21;-0.04;1.02;
0.18;-1.22;0.43;0.20;-0.04;1.01;-0.73;-0.06;0.00;0.21;-0.04;1.01;
0.79;-0.73;-0.79;0.20;-0.05;1.02;-0.18;-0.12;-0.12;0.20;-0.05;1.02;
-1.77;0.06;-0.12;0.20;-0.06;1.02;-1.83;0.67;0.24;0.20;-0.05;1.01;
0.79;-0.43;-0.18;0.20;-0.05;1.02;1.89;-0.24;-0.12;0.21;-0.06;1.01;
1.46;-0.79;-0.24;0.21;-0.05;1.02;1.59;-0.73;-0.37;0.19;-0.04;1.02;
2.74;-2.32;-0.49;0.21;-0.04;1.02;2.68;-2.20;-0.55;0.21;-0.03;1.01;
5.73;-1.04;-1.16;0.22;-0.00;1.01;5.30;-0.98;-0.30;0.22;-0.01;1.02;
0.43;-0.18;0.37;0.23;0.02;1.02;-0.30;-0.12;0.24;0.22;0.03;1.01;
-99.82;-39.45;-113.90;0.20;0.10;0.87;7.26;-0.67;-0.98;0.26;0.11;1.00;
4.82;0.91;5.79;0.22;0.03;1.00;-0.37;0.06;-1.10;0.28;0.03;1.02;
0.30;-0.73;0.00;0.21;-0.01;1.01;0.61;-0.85;-0.73;0.22;-0.01;1.02;
-0.79;-0.06;0.12;0.21;-0.01;1.01;-0.18;-0.06;0.00;0.21;-0.02;1.01;
-2.07;-0.12;0.24;0.21;-0.01;1.02;-0.61;-0.61;0.18;0.22;-0.01;1.02;
0.06;-0.37;-0.12;0.22;-0.02;1.01;-0.24;-0.30;0.18;0.22;-0.01;1.02;
-0.43;1.10;0.37;0.21;-0.01;1.01;-1.10;0.37;0.61;0.21;-0.01;1.01;
-1.83;0.30;0.67;0.22;-0.01;1.01;1.10;-0.85;-0.12;0.23;-0.02;1.01;
2.01;-1.28;0.24;0.22;-0.02;1.02;-3.17;1.52;0.85;0.22;-0.02;1.01;
-4.57;-5.49;0.43;0.21;-0.02;1.00;0.37;-1.28;0.67;0.22;-0.02;1.01;
-1.46;0.12;0.12;0.22;-0.03;1.01;-10.06;-4.76;1.28;0.23;0.01;1.02;
3.11;-1.40;-0.49;0.21;-0.03;1.01;-4.21;0.85;0.24;0.22;-0.03;1.02;
-1.77;0.06;0.67;0.22;-0.03;1.01;-0.98;-0.06;-0.24;0.21;-0.03;1.01;
-0.91;0.37;-0.43;0.21;-0.03;1.01;2.50;-2.26;-0.79;0.22;-0.03;1.02;
0.30;-0.55;0.73;0.21;-0.04;1.01;-1.52;0.61;0.61;0.22;-0.03;1.01;
-0.18;0.49;0.18;0.21;-0.03;1.01;-0.55;0.12;0.00;0.21;-0.03;1.01;
-0.18;-0.43;0.06;0.22;-0.03;1.01;-0.85;0.37;0.24;0.21;-0.03;1.01;
-0.61;0.12;0.12;0.21;-0.03;1.02;-0.79;-0.37;-0.24;0.22;-0.03;1.01;
-0.30;0.37;0.06;0.21;-0.03;1.01;-0.30;-0.18;-0.24;0.21;-0.02;1.01;
-0.55;0.06;0.00;0.22;-0.03;1.02;-0.85;-0.18;0.18;0.21;-0.03;1.02;
-0.12;-0.43;0.24;0.22;-0.03;1.01;-0.91;-0.24;0.30;0.21;-0.02;1.00;
-0.12;-0.67;-0.06;0.22;-0.03;1.02;-0.24;-0.43;0.12;0.22;-0.02;1.02;
-1.22;0.12;0.55;0.21;-0.02;1.02;0.91;-0.67;-0.37;0.21;-0.03;1.01;
-2.62;1.34;0.73;0.22;-0.03;1.02;-0.12;-0.43;-0.30;0.21;-0.04;1.01;
0.98;-0.61;-0.37;0.22;-0.03;1.01;-0.24;0.18;-0.18;0.21;-0.03;1.00;
-0.61;0.12;0.06;0.20;-0.03;1.01;-0.43;0.24;0.12;0.22;-0.03;1.01;
-0.67;-0.24;0.12;0.21;-0.03;1.02;-0.12;-0.24;0.24;0.22;-0.03;1.01;
-0.06;0.30;-0.67;0.22;-0.03;1.01;-0.43;-0.18;-0.49;0.22;-0.03;1.01;
0.06;0.37;-0.06;0.22;-0.03;1.01;-0.91;-0.30;0.43;0.21;-0.03;1.01;
-0.55;0.06;0.24;0.21;-0.03;1.02;-0.24;0.37;0.49;0.21;-0.03;1.02;
-0.55;-0.12;-0.06;0.22;-0.04;1.02;-0.85;0.12;0.12;0.22;-0.03;1.01;
0.12;-0.18;0.06;0.21;-0.03;1.02;-0.49;0.49;0.12;0.21;-0.03;1.00;
-0.98;-0.30;-0.43;0.22;-0.04;1.02;-0.37;0.12;0.06;0.20;-0.02;1.01;
-0.24;-0.24;0.12;0.22;-0.04;1.03;-0.43;-0.18;0.24;0.21;-0.02;1.01;
29.70;-42.20;-37.13;0.03;-0.12;1.06;133.41;37.62;-20.67;0.17;-0.03;1.01;
-301.77;57.26;73.96;-0.28;-0.56;0.31;-31.83;100.49;58.05;-0.54;-0.52;0.94;
148.54;82.01;-21.46;-0.36;-0.68;0.37;159.21;94.70;7.44;0.62;-0.50;0.65;
-60.79;73.54;83.17;-0.45;-0.40;0.67;-82.50;69.27;43.90;-0.50;-0.33;0.78;
62.74;-46.52;35.00;-0.63;-0.36;0.65;55.79;-52.50;22.20;-0.61;-0.28;0.79;
-18.60;2.68;35.00;-0.61;-0.24;0.69;-27.44;6.40;21.65;-0.63;-0.26;0.78;
-32.20;-12.32;13.11;-0.58;-0.25;0.74;-16.10;27.20;53.29;-0.62;-0.19;0.72;
4.70;29.76;8.41;-0.62;-0.24;0.77;-10.49;31.77;8.29;-0.63;-0.23;0.73;
31.77;7.44;-10.67;-0.67;-0.13;0.71;21.16;14.27;19.09;-0.67;-0.16;0.76;
-4.21;12.20;7.80;-0.69;-0.11;0.71;-11.83;8.90;5.55;-0.63;-0.09;0.74;
-10.49;2.50;10.12;-0.70;-0.10;0.69;-124.76;50.30;26.46;-0.55;0.18;0.25;
-1.52;10.43;15.12;-0.79;-0.52;0.60;24.15;11.65;6.77;-0.71;-0.11;0.66;
15.67;-37.99;4.27;-0.75;0.05;0.60;-4.57;-7.44;10.18;-0.77;-0.13;0.62;
30.85;8.72;12.20;-0.74;-0.06;0.67;22.13;13.84;-0.73;-0.75;-0.06;0.70;
-11.04;4.70;-6.04;-0.78;-0.03;0.64;10.37;2.99;-8.66;-0.76;-0.06;0.65;
0.24;-1.83;-0.79;-0.78;-0.04;0.64;-0.49;-1.28;1.83;-0.77;-0.05;0.65;
5.24;-5.06;-3.35;-0.77;-0.05;0.63;15.98;-5.18;2.50;-0.78;-0.06;0.62;
3.23;-2.87;-4.57;-0.76;-0.03;0.66;7.07;-5.12;0.91;-0.76;-0.02;0.65;
0.91;-2.26;1.77;-0.75;-0.02;0.68;-2.07;0.18;-1.89;-0.75;-0.02;0.66;
9.09;-6.77;-2.93;-0.74;-0.07;0.67;4.27;-2.50;-3.41;-0.73;-0.08;0.68;
-10.61;-4.88;-4.45;-0.73;-0.07;0.67;-32.44;-10.30;-0.24;-0.74;-0.07;0.67;
1.71;8.84;0.00;-0.73;-0.11;0.70;1.95;6.95;0.43;-0.74;-0.12;0.68;
-14.09;-2.44;-1.28;-0.73;-0.13;0.74;-15.12;0.73;-0.30;-0.75;-0.12;0.69;
-41.77;10.91;9.51;-0.77;-0.16;0.64;-43.48;12.20;12.62;-0.76;-0.18;0.62;
-197.87;7.38;25.79;-0.79;-0.37;0.41;-187.32;3.29;19.63;-0.82;-0.46;0.38;
-24.33;-3.05;-8.78;-0.81;-0.54;0.19;-19.33;-5.06;-13.35;-0.83;-0.53;0.17;
-24.15;-1.83;-3.66;-0.81;-0.58;0.16;-15.24;-5.30;-9.70;-0.79;-0.58;0.17;
11.77;-3.23;-19.09;-0.75;-0.67;0.18;35.18;-14.45;-34.15;-0.75;-0.62;0.13;
140.79;22.87;-34.39;-0.69;-0.40;0.56;91.10;15.49;-24.45;-0.69;-0.43;0.60;
-44.70;5.49;2.93;-0.70;-0.35;0.63;-44.76;3.72;3.29;-0.69;-0.38;0.62;
8.84;-2.99;-2.62;-0.69;-0.47;0.58;9.27;-3.66;-2.50;-0.71;-0.43;0.56;
-57.56;-12.01;-5.61;-0.70;-0.56;0.46;-36.77;-13.48;-7.56;-0.69;-0.55;0.47;
-27.13;-3.29;-0.67;-0.61;-0.64;0.48;-29.15;-3.17;-3.35;-0.63;-0.66;0.45;
70.61;20.18;-14.82;-0.58;-0.64;0.50;78.17;20.73;-26.04;-0.61;-0.64;0.50;
53.35;18.78;-14.57;-0.60;-0.55;0.63;64.63;21.59;-19.33;-0.58;-0.53;0.62;
9.76;-11.10;-8.84;-0.61;-0.45;0.70;5.61;-7.56;-4.09;-0.61;-0.47;0.68;
36.46;-18.96;-31.34;-0.71;-0.48;0.50;40.18;-15.91;-72.32;-0.68;-0.65;0.61;
-135.43;7.87;-28.11;-0.34;0.17;0.68;-41.95;17.62;-175.61;-0.90;-0.36;-0.64;
-48.90;-192.87;102.80;0.24;-0.10;1.68;48.72;21.22;49.09;0.20;-0.02;1.31;
-6.04;192.07;192.93;0.21;0.02;1.00;-1.89;34.94;34.27;0.22;0.01;1.01;
-0.55;-12.01;-11.77;0.23;0.01;1.01;-1.04;-11.16;-10.43;0.22;0.01;1.01;
-0.91;0.85;1.40;0.22;0.00;1.01;-0.61;0.24;1.04;0.23;0.00;1.01;
-1.16;0.12;0.12;0.23;-0.00;1.00;-0.85;-0.73;0.30;0.22;0.01;1.00;
-1.04;0.73;0.12;0.21;-0.00;0.97;-1.46;0.30;0.18;0.22;-0.00;1.01;
-0.85;0.00;0.24;0.23;-0.00;1.01;-0.24;-0.24;0.30;0.22;-0.00;1.01;
-0.37;-0.24;0.30;0.23;-0.01;1.02;-0.61;0.37;-0.18;0.22;-0.01;1.01;
-0.67;-0.24;-0.06;0.22;-0.01;1.02;-0.55;-0.12;0.24;0.23;-0.01;1.02;
-1.22;0.43;0.18;0.22;-0.01;1.01;-0.49;-0.24;0.18;0.23;-0.00;1.01;
-0.55;-0.18;-0.06;0.22;-0.01;1.01;-0.49;0.37;-0.18;0.22;-0.01;1.01;
-0.24;-0.06;0.06;0.22;-0.01;1.01;-0.12;0.18;0.55;0.23;-0.01;1.02;
-0.43;-0.37;0.00;0.22;-0.01;1.02;-0.67;-0.12;0.79;0.22;-0.02;1.01;
-0.67;-0.06;0.24;0.22;-0.00;1.00;-0.30;-0.12;-0.24;0.22;-0.01;1.02;
-0.73;0.06;0.37;0.22;-0.02;1.01;-0.37;0.00;0.18;0.22;-0.01;1.01;
-0.55;-0.18;0.12;0.22;-0.01;1.01;-1.16;-0.43;-0.12;0.23;-0.02;1.02;
-0.12;-0.37;-0.30;0.22;-0.02;1.01;-0.18;-0.55;0.30;0.22;-0.01;1.02;
-0.49;-0.30;0.18;0.23;-0.01;1.02;-0.67;-0.24;0.18;0.22;-0.01;1.02;
-1.04;-0.12;0.49;0.22;-0.01;1.01;0.00;-0.06;0.06;0.22;-0.01;1.01;
-0.91;-0.24;0.79;0.22;-0.02;1.02;-0.12;0.43;0.24;0.23;-0.02;1.01;
-0.12;-0.12;0.18;0.22;-0.02;1.01;-0.18;-0.30;0.85;0.22;-0.01;1.01;
0.00;-0.06;0.24;0.22;-0.02;1.01;-0.43;-0.12;0.18;0.22;-0.01;1.01;
-0.49;0.00;-0.18;0.23;-0.01;1.01;-0.43;-0.18;0.55;0.23;-0.01;1.01;
-0.12;-0.12;-0.18;0.23;-0.01;1.01;0.30;-0.06;0.49;0.22;-0.01;1.02;
-0.98;-0.06;0.12;0.23;-0.01;1.01;-0.37;0.00;0.24;0.23;-0.01;1.01;
-0.24;0.24;0.00;0.22;-0.03;1.01;-0.98;0.00;0.18;0.22;-0.01;1.02;
-0.55;-0.06;0.12;0.22;-0.02;1.01;-0.24;-0.18;-0.06;0.21;-0.01;1.01;
-0.43;-0.91;-0.18;0.22;-0.01;1.02;-0.06;-0.24;0.49;0.23;-0.01;1.01;
-0.37;-0.12;0.18;0.22;-0.02;1.02;-0.73;-0.30;0.18;0.22;-0.02;1.02;
-0.49;-0.49;0.12;0.22;-0.02;1.00;-0.43;0.12;0.12;0.23;-0.02;1.01;
-0.79;-0.24;0.49;0.22;-0.01;1.01;-0.24;-0.12;-0.18;0.22;-0.02;1.01;
-0.30;0.18;-0.37;0.23;-0.01;1.00;-0.37;-0.12;-0.24;0.22;-0.02;1.01;
-0.61;-0.24;0.18;0.23;-0.02;1.01;-0.43;-0.43;0.18;0.22;-0.02;1.01;
-0.49;-0.61;0.24;0.22;-0.02;1.01;-0.24;0.24;0.37;0.22;-0.02;1.02;
-0.55;-0.37;0.37;0.22;-0.02;1.02;-0.37;-0.30;0.30;0.23;-0.02;1.01;
-0.30;0.06;0.30;0.22;-0.01;1.01;-0.18;0.30;0.00;0.21;-0.01;1.01;
-0.55;0.12;0.00;0.21;-0.01;1.01;-0.67;0.49;-0.06;0.23;-0.02;1.02;
-0.24;0.06;0.12;0.22;-0.01;1.01;-0.43;-0.12;0.00;0.22;-0.02;1.02;
-0.49;-0.12;0.12;0.23;-0.01;1.00;-0.06;0.12;0.24;0.23;-0.01;1.01;
0.00;-0.18;-0.24;0.22;-0.02;1.02;0.06;0.06;0.06;0.22;-0.01;1.01;
-0.24;0.06;0.24;0.22;-0.01;1.02;-0.43;0.12;-0.18;0.22;-0.02;1.01;
-0.67;0.00;0.00;0.22;-0.01;1.00;0.30;-0.24;-0.49;0.22;-0.02;1.02;
-0.61;0.24;-0.06;0.22;-0.02;1.01;-0.61;-0.12;-0.06;0.22;-0.02;1.02;
-0.49;0.06;-0.06;0.23;-0.01;1.01;-0.61;-0.30;0.43;0.23;-0.02;1.01;
-0.18;-0.73;0.43;0.23;-0.02;1.02;-0.67;-0.49;0.18;0.22;-0.01;1.01;
-0.37;-0.37;-0.12;0.22;-0.02;1.02;-0.18;-0.18;-0.30;0.22;-0.01;1.01;
-0.06;0.18;0.00;0.21;-0.01;1.02;-0.37;0.12;0.43;0.22;-0.02;1.01;
-0.24;-0.18;-0.43;0.23;-0.02;1.01;-0.73;-0.30;-0.06;0.22;-0.01;1.02;
-0.79;-0.37;-0.24;0.22;-0.01;1.02;-0.24;-0.18;0.00;0.22;-0.02;1.01;
-0.49;0.00;0.12;0.22;-0.01;1.01;-0.18;0.24;0.24;0.22;-0.02;1.01;
-0.37;-0.18;-0.06;0.22;-0.02;1.01;-0.24;-0.18;-0.12;0.22;-0.02;1.01;
-0.12;0.00;0.06;0.22;-0.02;1.01;-0.43;0.91;-0.12;0.22;-0.02;1.01;
-0.30;-0.24;-0.12;0.22;-0.02;1.02;-0.30;-0.12;0.00;0.22;-0.01;1.00;
-0.37;0.12;0.12;0.21;-0.02;1.01;-0.24;0.06;0.30;0.22;-0.02;1.01;
-0.24;-0.18;-0.30;0.22;-0.03;1.01;-0.43;0.12;-0.06;0.22;-0.02;1.02;
0.12;-0.06;0.00;0.23;-0.02;1.01;-0.49;0.55;-0.24;0.22;-0.01;1.01;
-0.43;-0.49;0.00;0.23;-0.01;1.02;-0.43;-0.55;0.30;0.22;-0.02;1.01;
-0.18;-0.12;0.00;0.22;-0.02;1.01;-0.18;-0.18;-0.30;0.22;-0.01;1.01;
0.06;-0.43;-0.06;0.22;-0.02;1.01;-0.55;-0.12;0.37;0.22;-0.02;1.01;
0.06;-0.37;0.00;0.22;-0.02;1.00;0.06;0.00;0.00;0.22;-0.02;1.01;
-0.37;-0.24;0.00;0.23;-0.02;1.01;-0.61;0.12;0.30;0.22;-0.02;1.00;
-0.49;-0.12;-0.06;0.21;-0.01;1.00;-0.43;-0.12;0.37;0.22;-0.02;1.00;
-0.91;-0.30;-0.06;0.23;-0.01;1.02;-0.24;0.37;0.24;0.22;-0.02;1.02;
-0.67;-0.24;0.24;0.22;-0.02;1.02;-0.18;-0.37;0.79;0.22;-0.01;1.01;
-0.79;0.37;0.12;0.22;-0.02;1.02;0.06;-0.18;-0.12;0.22;-0.02;1.01;
-0.24;-0.06;0.18;0.22;-0.02;1.01;-0.24;-0.30;0.24;0.22;-0.02;1.01;
0.06;0.06;0.18;0.21;-0.01;1.01;-0.67;0.18;0.98;0.22;-0.01;1.00;
-0.55;0.06;0.24;0.22;-0.02;1.01;-0.24;-0.55;0.12;0.23;-0.02;1.01;
-0.24;-0.30;0.06;0.22;-0.02;1.02;-0.18;0.24;0.49;0.22;-0.02;1.01;
-0.18;-0.24;0.00;0.22;-0.02;1.01;-0.06;-0.37;-0.49;0.22;-0.02;1.01;
-0.49;0.30;0.67;0.21;-0.02;1.01;-0.73;-0.12;0.49;0.22;-0.02;1.01;
-0.55;-0.12;0.00;0.22;-0.01;1.01;-0.43;0.12;0.00;0.22;-0.02;1.01;
-0.12;-0.37;0.18;0.22;-0.01;1.01;-0.67;-0.24;0.85;0.22;-0.01;1.01;
-0.67;0.06;0.18;0.22;-0.01;1.01;0.18;-0.30;0.24;0.21;-0.01;1.00;
-0.55;-0.37;0.12;0.22;-0.02;1.01;-0.24;-0.61;0.12;0.22;-0.02;1.01;
0.61;-1.40;0.06;0.23;-0.00;1.04;0.12;-0.98;0.00;0.22;-0.02;1.01;
-0.67;-0.12;0.12;0.23;-0.02;1.01;-1.10;0.12;0.24;0.22;-0.02;1.01;
0.06;-0.49;0.12;0.22;-0.02;1.02;-0.24;-0.12;0.37;0.22;-0.02;1.02;
-0.61;-0.12;-0.06;0.22;-0.02;1.02;-0.85;-0.37;0.00;0.22;-0.02;1.01;
-0.24;-0.37;0.37;0.22;-0.02;1.01;0.30;-0.55;0.00;0.22;-0.02;1.01;
-0.30;-0.61;-0.18;0.22;-0.02;1.01;-0.37;-0.43;0.00;0.22;-0.02;1.01;
0.73;-0.55;0.06;0.23;-0.01;1.02;-0.18;0.30;0.61;0.22;-0.03;1.02;
-0.49;-0.37;0.06;0.21;-0.02;1.01;-0.73;0.00;0.00;0.22;-0.02;1.01;
-0.18;0.06;0.12;0.22;-0.02;1.01;-0.61;-0.37;0.30;0.21;-0.02;1.02;
-0.49;0.06;-0.06;0.21;-0.02;1.01;-0.79;-0.12;0.00;0.22;-0.02;1.01;
-0.73;-0.43;0.06;0.21;-0.02;1.01;-0.73;0.43;-0.30;0.23;-0.01;1.02;
-0.24;-0.18;0.06;0.21;-0.02;1.02;-0.55;0.06;0.00;0.21;-0.02;1.02;
0.00;0.06;0.00;0.22;-0.02;1.01;-0.43;0.43;0.37;0.22;-0.01;1.01;
-0.24;-0.18;0.00;0.22;-0.01;1.01;-0.12;-0.06;0.37;0.22;-0.02;1.00;
-0.18;-0.12;0.55;0.22;-0.02;1.00;-0.24;0.06;-0.49;0.22;-0.02;1.01;
0.06;0.06;0.49;0.21;-0.02;1.01;-0.43;0.18;0.12;0.22;-0.01;1.01;
-0.55;-0.24;0.67;0.23;-0.03;1.01;-0.24;-0.24;-0.24;0.21;-0.01;1.01;
-0.30;-0.30;0.18;0.21;-0.02;1.01;0.06;-0.12;-0.12;0.22;-0.02;1.01;
-0.85;0.24;-0.30;0.22;-0.03;1.02;-0.24;0.00;0.49;0.22;-0.02;1.00;
0.18;-0.18;0.37;0.22;-0.02;1.01;0.18;0.06;0.06;0.22;-0.01;1.01;
-0.24;-0.30;-0.12;0.22;-0.01;1.02;0.12;-0.30;0.37;0.22;-0.02;1.01;
-0.55;0.00;-0.24;0.22;-0.02;1.01;-0.55;-0.43;-0.37;0.22;-0.02;1.01;
-0.24;0.06;-0.06;0.22;-0.02;1.02;-0.98;0.06;-0.18;0.22;-0.03;1.01;
-0.67;0.12;0.37;0.21;-0.01;1.01;-0.18;0.00;-0.24;0.21;-0.03;1.01;
-0.43;-0.18;0.06;0.22;-0.02;1.02;-0.73;-0.18;-0.30;0.21;-0.02;1.02;
0.00;0.00;-0.18;0.22;-0.02;1.01;-0.49;-0.30;-0.18;0.23;-0.02;1.01;
0.37;-0.24;-0.06;0.22;-0.03;1.01;0.06;0.06;0.55;0.22;-0.02;1.01;
-0.12;-0.06;0.12;0.22;-0.01;1.01;-0.30;-0.06;0.06;0.22;-0.02;1.01;
-0.06;-0.37;0.24;0.23;-0.02;1.01;-0.24;-0.18;0.18;0.22;-0.02;1.01;
-0.49;-0.30;-0.06;0.22;-0.01;1.00;-0.49;0.98;0.79;0.21;-0.02;1.01;
-0.06;-0.18;-0.18;0.22;-0.01;1.01;-0.18;-0.12;0.49;0.22;-0.01;1.01;
0.18;-0.30;0.67;0.22;-0.02;1.00;-0.49;-0.18;0.12;0.22;-0.02;1.01;
-0.61;-0.37;0.37;0.22;-0.02;1.02;-1.28;-0.06;0.06;0.22;-0.02;1.01;
-0.12;0.06;0.24;0.22;-0.02;1.01;0.18;-0.98;0.24;0.22;-0.01;1.01;
-0.61;-0.24;0.30;0.23;-0.01;1.02;-0.73;-0.12;0.24;0.22;-0.01;1.01;
3.66;0.61;18.11;0.22;-0.01;0.99;0.79;1.52;9.09;0.22;-0.01;1.05;
0.43;-0.30;0.12;0.22;-0.02;1.02;-0.12;-0.73;0.43;0.22;-0.01;1.01;
-0.55;-0.06;0.00;0.21;-0.01;1.02;-0.61;-0.12;0.12;0.22;-0.02;1.02;
-0.49;-0.55;-0.37;0.22;-0.02;1.02;-0.61;0.06;0.12;0.22;-0.02;1.00;
-0.06;0.00;0.18;0.22;-0.01;1.01;-0.73;0.00;0.43;0.21;-0.02;1.02;
-0.55;-0.12;-0.61;0.21;-0.02;1.02;-0.06;-0.12;0.06;0.22;-0.02;1.01;
0.06;-0.06;-0.06;0.22;-0.01;1.01;-0.18;-0.37;-0.18;0.22;-0.02;1.02;
-0.61;-0.37;0.00;0.23;-0.01;1.02;-0.49;-0.12;-0.06;0.22;-0.01;1.01;
-0.37;-0.30;0.00;0.22;-0.02;1.02;0.12;-0.79;0.55;0.21;-0.01;1.01;
-0.49;0.06;-0.18;0.21;-0.02;1.01;-0.49;-0.06;-0.12;0.22;-0.02;1.01;
-0.61;-0.12;0.24;0.22;-0.02;1.01;-0.30;-0.18;0.12;0.22;-0.01;1.01;
-0.12;-0.37;0.43;0.22;-0.02;1.02;-0.55;-0.18;-0.37;0.22;-0.02;1.00;
-0.24;-0.24;0.79;0.22;-0.01;1.01;-0.49;-0.24;-0.18;0.22;-0.02;1.02;
-0.43;-0.37;0.06;0.23;-0.02;1.01;-0.30;-0.24;0.37;0.22;-0.02;1.02;
-0.37;0.30;-0.18;0.22;-0.01;1.01;-0.98;0.24;0.30;0.23;-0.02;1.02;
-0.91;0.43;0.37;0.21;0.04;1.03;-4.33;-1.46;1.22;0.21;0.04;1.06;
2.01;0.73;0.06;0.23;0.04;1.10;-1.65;-1.10;0.73;0.24;0.05;1.10;
-0.12;0.30;-0.24;0.22;0.04;1.07;1.65;1.22;-0.12;0.22;0.03;1.08;
0.98;0.73;-0.30;0.21;0.05;1.06;-1.22;-0.61;0.43;0.20;0.05;1.06;
2.74;1.52;-0.43;0.22;0.05;1.06;1.10;0.24;-0.18;0.22;0.05;1.06;
-0.98;-0.24;-0.06;0.21;0.05;1.06;-2.38;-0.18;0.12;0.22;0.04;1.07;
-7.26;-3.41;1.40;0.21;0.04;1.07;-8.48;-3.90;1.40;0.21;0.04;1.06;
3.78;1.71;-0.49;0.22;0.02;1.06;3.11;1.71;-0.73;0.22;0.03;1.06;
-3.05;-1.22;0.55;0.21;0.06;1.06;-4.27;-1.83;0.55;0.21;0.05;1.05;
-0.91;-0.24;0.43;0.23;0.01;1.06;-1.28;-0.06;0.79;0.23;0.01;1.05;
-0.61;0.00;0.24;0.22;0.01;1.05;2.74;1.10;-0.61;0.22;0.01;1.05;
-3.23;-1.34;0.67;0.23;0.02;1.06;-3.66;-1.22;1.22;0.22;0.03;1.05;
-0.12;-0.43;-0.30;0.23;-0.00;1.06;-0.30;-0.79;-0.12;0.23;0.00;1.06;
-0.24;-0.06;0.18;0.23;-0.00;1.05;-0.73;0.24;0.12;0.23;0.00;1.05;
-0.67;-0.49;-0.06;0.23;-0.00;1.06;-0.85;-0.18;0.00;0.23;0.00;1.06;
-0.18;-0.12;0.30;0.23;0.00;1.05;-0.37;-0.18;0.24;0.23;-0.00;1.06;
0.85;0.06;0.30;0.22;0.01;1.05;-1.22;-0.37;-0.18;0.23;-0.00;1.05;
4.39;1.34;-1.04;0.23;0.01;1.05;6.89;2.44;-1.40;0.23;0.01;1.06;
35.85;17.38;-13.41;-0.35;0.00;1.24;9.39;2.01;-13.41;0.26;0.11;1.16;
