0.24;-0.55;0.49;0.93;-0.29;-0.31;2.80;0.91;-0.12;-0.02;0.86;-0.46;-5.49;0.73;0.98;-0.45;-0.74;-0.43;0.55;-0.49;0.37;0.40;-0.59;0.71;0.49;-0.49;0.12;0.20;-0.21;1.00;1.10;0.24;1.71;0.63;0.61;0.41;0.06;0.00;0.24;-0.11;0.23;-0.96;
-0.73;-0.98;-0.79;0.91;-0.31;-0.32;1.04;0.55;0.55;-0.02;0.87;-0.47;1.22;0.30;-0.37;-0.45;-0.74;-0.42;-0.18;0.00;0.61;0.40;-0.58;0.73;0.12;-0.30;0.24;0.20;-0.21;1.01;-0.12;-0.55;1.34;0.63;0.63;0.44;-0.55;0.00;0.00;-0.12;0.22;-0.96;0.24;0.12;-0.30;0.27;0.43;0.88;
-0.73;-1.95;-0.12;0.92;-0.31;-0.31;2.20;0.30;0.00;-0.03;0.87;-0.47;0.49;-0.55;-1.83;-0.44;-0.74;-0.44;4.09;1.22;-0.18;0.40;-0.56;0.74;0.00;-0.43;0.18;0.20;-0.21;1.00;0.73;0.00;1.89;0.64;0.63;0.44;
-1.16;-0.30;-0.06;0.92;-0.32;-0.32;0.73;-0.06;0.18;-0.03;0.86;-0.47;-5.79;1.34;0.49;-0.43;-0.75;-0.44;2.01;-1.34;-0.79;0.39;-0.57;0.73;0.24;-0.30;0.49;0.20;-0.21;1.00;-0.12;-0.79;2.07;0.65;0.61;0.42;0.12;0.12;-0.06;-0.12;0.22;-0.96;0.12;0.18;-0.85;0.26;0.43;0.87;
-0.67;0.55;0.55;0.92;-0.30;-0.31;0.61;-0.37;0.06;-0.02;0.87;-0.47;-4.70;0.98;0.49;-0.45;-0.75;-0.43;1.40;0.00;-0.43;0.39;-0.59;0.72;-0.12;-0.49;0.24;0.20;-0.20;1.00;-3.17;0.55;2.26;0.65;0.62;0.44;0.30;-0.06;0.18;-0.11;0.21;-0.96;0.43;-0.18;-0.12;0.26;0.42;0.88;
1.71;0.98;1.40;0.91;-0.31;-0.32;-0.55;0.24;-0.98;-0.03;0.86;-0.47;-16.28;3.78;3.54;-0.43;-0.73;-0.42;4.76;1.95;-1.77;0.48;-0.66;0.88;0.85;-0.37;0.18;0.20;-0.21;1.01;1.46;0.98;0.73;0.64;0.61;0.44;0.91;-0.06;-0.12;-0.11;0.21;-0.96;0.18;-0.24;-0.18;0.26;0.43;0.88;
1.16;-4.15;0.18;0.91;-0.32;-0.38;0.06;-0.06;-1.10;-0.06;0.87;-0.45;0.49;-0.18;0.00;-0.42;-0.72;-0.49;-0.85;0.18;0.49;0.36;-0.50;0.80;0.37;-0.12;0.43;0.20;-0.20;0.99;0.30;1.04;0.98;0.64;0.62;0.45;0.00;0.00;0.24;-0.11;0.22;-0.97;0.37;0.06;-0.24;0.27;0.44;0.87;
-0.79;1.28;-0.18;0.91;-0.32;-0.34;0.67;0.18;0.91;-0.04;0.87;-0.46;5.00;-2.07;-1.28;-0.42;-0.73;-0.47;-0.30;-1.22;0.67;0.37;-0.52;0.78;0.00;-0.37;0.30;0.20;-0.21;0.99;0.37;0.43;1.59;0.64;0.62;0.44;
-1.10;2.44;0.00;0.90;-0.31;-0.35;1.22;0.12;0.79;-0.04;0.86;-0.46;1.28;-1.22;-1.04;-0.43;-0.76;-0.44;-0.12;-0.91;0.18;0.37;-0.53;0.78;0.61;-0.18;0.24;0.20;-0.20;1.01;-0.18;0.73;1.28;0.65;0.63;0.43;
-0.12;1.04;0.30;0.92;-0.30;-0.34;0.61;-0.12;0.85;-0.04;0.87;-0.46;1.83;-0.91;-1.22;-0.43;-0.75;-0.44;-0.91;-1.52;0.18;0.38;-0.54;0.78;0.43;-0.43;0.18;0.20;-0.20;1.01;-0.12;0.73;1.46;0.64;0.62;0.45;
1.46;-1.46;0.55;0.90;-0.31;-0.34;0.06;0.30;0.00;-0.04;0.86;-0.46;-2.50;0.06;-0.55;-0.44;-0.75;-0.44;0.49;-0.37;0.18;0.37;-0.54;0.77;0.37;-0.55;0.37;0.20;-0.21;0.99;0.18;0.43;1.16;0.64;0.62;0.45;0.12;0.24;-0.67;0.27;0.43;0.87;
1.65;-0.30;0.24;0.90;-0.31;-0.35;0.49;0.73;-0.85;-0.04;0.86;-0.46;-1.89;-0.55;-1.46;-0.43;-0.75;-0.45;0.30;-0.06;-0.12;0.37;-0.53;0.78;0.18;-0.30;0.37;0.20;-0.20;1.00;-0.55;0.67;1.83;0.64;0.62;0.44;-0.24;0.18;0.18;-0.11;0.21;-0.97;0.30;0.06;-0.06;0.27;0.43;0.87;
-0.43;0.79;0.30;0.90;-0.31;-0.35;0.43;-0.18;0.67;-0.04;0.86;-0.47;1.04;-0.43;-0.12;-0.43;-0.75;-0.45;-0.37;-1.04;0.12;0.35;-0.53;0.79;0.24;-0.30;0.43;0.21;-0.21;1.01;-1.83;1.10;1.95;0.64;0.62;0.43;
-0.18;0.98;0.30;0.90;-0.31;-0.34;0.24;-0.18;1.04;-0.03;0.86;-0.47;0.00;-0.79;-0.85;-0.44;-0.77;-0.45;-0.79;-1.46;0.00;0.37;-0.54;0.78;0.30;-0.73;-0.06;0.20;-0.21;1.01;-1.40;0.91;2.20;0.65;0.62;0.44;0.30;-0.06;-0.12;-0.11;0.22;-0.96;
-0.37;1.22;-0.43;0.91;-0.31;-0.34;0.55;-0.18;0.67;-0.04;0.86;-0.47;1.59;-0.37;-1.16;-0.44;-0.76;-0.42;-1.59;-0.91;0.49;0.38;-0.55;0.76;0.12;0.67;0.30;0.21;-0.21;1.01;-0.24;1.10;1.40;0.64;0.63;0.44;
0.61;1.52;0.18;0.91;-0.31;-0.32;0.49;1.22;0.49;-0.03;0.86;-0.47;0.91;-0.67;-1.52;-0.43;-0.77;-0.41;1.10;-0.43;0.06;0.38;-0.56;0.76;-0.06;-0.24;0.18;0.20;-0.20;1.00;-0.67;0.73;1.52;0.65;0.62;0.45;0.55;0.12;-0.12;0.27;0.43;0.88;
0.73;-2.13;-0.30;0.89;-0.30;-0.32;-0.49;0.79;-0.12;-0.03;0.86;-0.46;2.68;-0.85;-0.55;-0.44;-0.77;-0.41;0.12;-0.67;0.37;0.38;-0.56;0.77;0.37;-0.43;0.12;0.21;-0.21;1.00;-0.30;2.44;0.73;0.65;0.61;0.46;
1.22;0.06;2.26;0.93;-0.30;-0.32;-1.28;-0.12;0.61;-0.01;0.86;-0.46;11.83;-1.71;-0.37;-0.46;-0.76;-0.41;-7.44;-1.52;1.16;0.37;-0.56;0.74;0.12;-0.24;0.37;0.21;-0.21;1.01;-0.12;0.06;-1.83;0.63;0.61;0.44;
-1.52;13.17;-0.43;0.96;-0.34;-0.35;8.54;-0.61;2.26;-0.02;0.94;-0.45;-13.35;-2.26;-14.33;-0.45;-0.85;-0.32;-10.30;-1.16;4.21;0.29;-0.51;0.81;0.24;-0.55;0.61;0.21;-0.21;1.00;-1.89;7.87;-0.06;0.56;0.62;0.40;0.06;0.30;0.12;-0.11;0.22;-0.96;0.49;0.12;-0.43;0.27;0.43;0.87;
-4.02;15.00;-26.22;0.93;-0.10;-0.26;10.79;-2.38;1.65;0.01;0.83;-0.43;-5.43;-2.20;3.90;-0.38;-0.61;-0.47;-10.67;-3.84;10.12;0.47;-0.59;0.70;0.12;-0.37;0.98;0.20;-0.20;1.00;-1.28;3.90;-5.85;0.74;0.64;0.49;0.00;0.00;0.37;-0.12;0.21;-0.96;0.12;0.06;-0.30;0.27;0.43;0.88;
10.98;6.77;1.16;1.05;-0.18;-0.16;5.00;3.23;0.85;0.06;0.89;-0.37;20.91;13.23;10.73;-0.40;-0.63;-0.60;19.02;11.16;-2.99;0.42;-0.49;0.63;0.00;0.12;0.24;0.21;-0.21;1.00;2.93;-1.95;-0.55;0.65;0.59;0.47;
-7.01;-10.91;-2.56;0.99;-0.13;-0.23;0.73;-0.43;-1.59;-0.01;0.85;-0.48;-0.43;-0.18;2.68;-0.38;-0.76;-0.45;3.17;4.21;2.20;0.45;-0.54;0.72;0.61;-0.12;0.06;0.21;-0.21;1.00;2.99;-1.10;0.24;0.61;0.65;0.45;
-4.82;-7.07;-4.39;0.96;-0.12;-0.25;3.72;-1.46;2.07;0.02;0.85;-0.50;7.01;-1.95;-0.73;-0.41;-0.76;-0.44;-3.05;0.73;-0.91;0.42;-0.53;0.75;0.37;-0.67;0.49;0.21;-0.21;1.00;-12.07;6.34;-2.44;0.61;0.66;0.42;0.00;0.18;0.06;-0.11;0.21;-0.97;0.43;0.12;-0.79;0.27;0.43;0.87;
-3.60;-3.84;0.00;0.98;-0.12;-0.24;2.62;2.44;-0.55;0.00;0.85;-0.50;-2.87;0.73;-2.38;-0.40;-0.77;-0.43;5.49;-0.43;-0.30;0.41;-0.52;0.73;-0.06;-0.18;0.73;0.21;-0.21;1.00;-0.06;2.87;3.23;0.60;0.62;0.44;0.55;0.24;0.18;-0.12;0.21;-0.97;0.00;-0.12;-0.49;0.27;0.43;0.88;
1.83;4.45;0.73;0.99;-0.15;-0.22;0.37;1.71;0.06;0.01;0.85;-0.49;12.80;0.67;-4.09;-0.43;-0.79;-0.47;-1.34;-1.46;0.73;0.42;-0.56;0.73;0.18;0.24;0.12;0.21;-0.21;1.00;-0.49;0.37;2.93;0.63;0.62;0.47;0.73;0.06;-0.12;-0.11;0.21;-0.97;
0.30;-1.34;0.30;0.98;-0.17;-0.21;-0.55;0.61;0.24;0.02;0.85;-0.49;0.49;-0.79;-0.18;-0.42;-0.75;-0.45;2.20;0.98;0.49;0.43;-0.57;0.72;0.18;-0.79;0.37;0.21;-0.21;1.01;-0.18;1.10;2.20;0.63;0.63;0.44;0.30;-0.06;0.37;-0.11;0.22;-0.98;
-0.91;-2.50;0.43;0.99;-0.18;-0.23;-0.12;0.79;-0.55;0.02;0.85;-0.49;-2.01;-0.18;-0.91;-0.41;-0.75;-0.43;1.65;0.98;0.24;0.41;-0.55;0.74;-0.12;-0.55;0.24;0.20;-0.21;1.01;-0.24;1.34;1.89;0.62;0.62;0.44;
-1.34;-0.67;0.55;0.97;-0.17;-0.23;0.98;0.30;0.49;0.02;0.85;-0.49;-0.37;-0.43;-0.37;-0.42;-0.75;-0.44;1.10;-1.22;-0.30;0.42;-0.55;0.75;0.43;-0.49;0.61;0.20;-0.21;1.00;-0.24;0.43;2.01;0.62;0.62;0.45;0.43;0.06;0.06;-0.11;0.22;-0.97;0.43;-0.30;-0.61;0.27;0.43;0.88;
0.06;2.20;0.61;0.98;-0.17;-0.22;-0.12;0.55;0.55;0.02;0.86;-0.49;1.59;-0.91;-1.28;-0.42;-0.76;-0.44;-1.52;-1.65;0.06;0.42;-0.55;0.75;0.24;-0.30;0.06;0.21;-0.21;1.00;0.18;-0.24;1.46;0.64;0.65;0.47;1.04;0.06;-0.49;0.28;0.42;0.88;
0.18;1.52;-0.06;0.98;-0.17;-0.21;0.43;0.00;0.37;0.02;0.85;-0.48;-1.04;-0.37;-1.52;-0.41;-0.76;-0.45;-0.73;-1.40;0.00;0.42;-0.57;0.73;0.43;-0.30;-0.12;0.21;-0.20;0.99;-0.12;0.91;1.52;0.62;0.63;0.45;0.00;0.18;-0.30;-0.12;0.21;-0.97;
-0.79;-2.07;1.16;0.98;-0.18;-0.20;-0.24;0.06;-0.37;0.02;0.86;-0.49;-0.18;0.30;-0.37;-0.42;-0.75;-0.46;4.21;2.20;-0.18;0.43;-0.57;0.73;0.43;0.12;0.24;0.21;-0.21;1.00;-0.55;0.24;2.01;0.63;0.62;0.46;
-0.12;-1.28;-0.06;0.98;-0.17;-0.22;0.79;1.04;0.30;0.02;0.85;-0.49;2.32;-0.24;-2.26;-0.42;-0.75;-0.44;0.24;1.16;0.12;0.42;-0.54;0.76;0.00;-0.06;0.49;0.20;-0.21;1.01;0.61;0.61;1.10;0.63;0.63;0.44;
2.68;9.70;-6.28;1.04;-0.18;-0.20;4.39;-1.89;1.10;-0.03;0.88;-0.48;0.98;-2.32;-9.88;-0.45;-0.78;-0.39;-4.88;-0.61;-1.22;0.35;-0.58;0.75;-0.06;-0.12;0.06;0.20;-0.21;1.02;-1.46;0.49;-3.78;0.62;0.61;0.45;
0.37;0.43;5.12;1.00;-0.16;-0.19;2.50;3.29;1.95;0.01;0.84;-0.48;-7.87;-1.40;-0.37;-0.43;-0.75;-0.42;2.56;-2.38;0.24;0.39;-0.56;0.72;-0.18;-0.37;0.18;0.21;-0.20;1.00;-0.30;3.41;4.82;0.65;0.63;0.47;0.18;0.06;0.06;-0.11;0.21;-0.96;
0.00;-0.24;0.18;0.98;-0.19;-0.19;0.06;0.85;0.06;0.01;0.85;-0.50;-1.22;-0.91;-0.49;-0.42;-0.76;-0.44;-0.30;-0.61;0.73;0.42;-0.58;0.72;0.06;-0.18;0.18;0.20;-0.21;1.01;-0.98;0.49;1.95;0.62;0.63;0.45;
0.24;-4.21;0.91;0.97;-0.20;-0.21;0.12;0.67;-0.18;0.01;0.86;-0.49;-1.95;0.18;-1.83;-0.43;-0.75;-0.44;3.84;1.10;-0.06;0.42;-0.56;0.73;0.24;-0.55;0.55;0.21;-0.21;1.01;0.61;0.73;1.46;0.63;0.63;0.46;0.12;-0.06;-0.06;-0.11;0.21;-0.97;0.67;-0.24;-0.61;0.27;0.43;0.88;
-1.34;-0.24;0.06;0.97;-0.20;-0.21;0.37;-0.55;0.73;0.02;0.85;-0.50;2.50;-0.79;-1.34;-0.42;-0.75;-0.44;-0.49;-0.37;0.49;0.40;-0.56;0.74;0.30;-0.91;0.06;0.21;-0.20;1.00;-0.55;0.67;1.28;0.61;0.64;0.44;
-0.79;1.65;-0.30;0.97;-0.21;-0.20;1.16;0.00;0.37;0.01;0.84;-0.49;0.61;-0.85;-1.28;-0.42;-0.76;-0.43;-1.28;-1.59;0.61;0.43;-0.57;0.73;0.24;-0.61;0.73;0.20;-0.21;1.00;-0.06;1.22;1.59;0.62;0.63;0.45;
1.28;2.07;0.24;0.99;-0.20;-0.19;0.55;0.55;0.73;0.02;0.85;-0.50;-1.28;0.00;-0.79;-0.42;-0.76;-0.44;-2.38;-1.83;0.67;0.41;-0.55;0.72;0.06;-0.49;0.37;0.20;-0.21;1.01;-0.55;1.04;1.77;0.62;0.63;0.45;0.43;-0.18;0.30;-0.11;0.22;-0.97;
-0.85;1.04;0.37;0.99;-0.21;-0.18;0.30;-0.18;0.37;0.03;0.85;-0.48;-1.95;-0.18;-0.85;-0.42;-0.75;-0.44;3.84;0.24;-1.16;0.42;-0.57;0.73;0.61;-0.06;0.00;0.20;-0.21;1.00;-0.85;0.61;1.16;0.63;0.62;0.46;0.00;-0.24;-0.37;-0.11;0.22;-0.97;0.24;0.06;-0.06;0.27;0.42;0.88;
-1.71;-1.34;0.06;0.98;-0.22;-0.21;0.43;0.24;-0.37;0.02;0.85;-0.48;-2.01;0.12;-1.46;-0.42;-0.76;-0.44;1.28;0.49;-0.30;0.42;-0.55;0.74;0.67;-0.37;-0.06;0.21;-0.20;1.00;0.73;0.98;1.28;0.62;0.63;0.44;-0.06;0.18;0.06;-0.12;0.21;-0.96;
-0.06;0.67;0.43;0.97;-0.21;-0.21;0.43;-0.67;0.61;0.04;0.85;-0.48;2.13;-1.10;-1.52;-0.42;-0.75;-0.44;-0.61;-1.46;0.37;0.40;-0.56;0.74;0.30;0.12;0.30;0.20;-0.21;1.01;-0.43;0.00;1.04;0.63;0.64;0.45;
0.37;2.38;0.49;0.96;-0.21;-0.19;0.18;0.00;0.24;0.02;0.85;-0.49;-0.37;-0.37;-1.04;-0.43;-0.76;-0.44;-0.61;-1.46;-0.12;0.41;-0.56;0.73;-0.06;-0.24;0.12;0.20;-0.21;1.01;-1.34;0.73;1.65;0.63;0.63;0.45;
-1.52;0.55;-0.18;0.99;-0.21;-0.20;1.22;0.30;0.61;0.02;0.85;-0.50;0.49;-1.10;-1.46;-0.42;-0.76;-0.43;-1.52;-1.77;0.55;0.42;-0.57;0.71;0.79;-0.37;-0.12;0.20;-0.21;1.00;0.00;0.30;1.10;0.63;0.63;0.45;-0.49;0.24;0.18;-0.11;0.22;-0.98;
-1.04;-3.05;0.61;0.99;-0.21;-0.19;0.12;-0.49;0.00;0.02;0.84;-0.49;-1.28;0.30;0.00;-0.42;-0.75;-0.44;2.93;0.98;-0.18;0.43;-0.58;0.72;0.30;-0.12;0.24;0.21;-0.21;1.01;-0.55;0.61;0.91;0.63;0.63;0.45;
0.18;-1.46;0.12;0.97;-0.22;-0.21;0.00;0.61;-0.30;0.02;0.85;-0.50;-2.26;0.24;-0.55;-0.42;-0.75;-0.45;0.91;-0.79;0.37;0.42;-0.55;0.73;0.12;-0.37;0.55;0.21;-0.21;1.01;0.73;1.10;2.38;0.62;0.63;0.45;0.18;0.49;-0.12;-0.12;0.21;-0.97;
1.16;2.87;0.24;0.97;-0.21;-0.20;0.73;0.85;0.55;0.01;0.85;-0.48;-0.24;-0.73;-1.04;-0.42;-0.76;-0.43;-0.91;-1.22;0.55;0.42;-0.57;0.73;0.12;-0.43;0.43;0.20;-0.20;1.01;0.37;1.10;1.22;0.63;0.62;0.44;0.12;0.06;0.06;-0.11;0.21;-0.96;
1.46;1.28;0.91;0.98;-0.23;-0.20;0.30;0.79;-0.61;0.02;0.84;-0.49;-0.06;-1.95;-0.30;-0.42;-0.75;-0.43;1.59;-1.52;0.79;0.42;-0.57;0.72;0.37;-0.30;0.79;0.21;-0.21;1.01;0.24;2.74;1.04;0.62;0.62;0.45;-0.30;0.00;0.30;-0.11;0.21;-0.97;
4.33;-1.65;4.21;0.99;-0.22;-0.17;-0.67;-0.49;2.93;0.03;0.85;-0.50;6.77;-0.55;-1.34;-0.43;-0.76;-0.43;-0.37;-0.30;-0.98;0.42;-0.58;0.72;0.06;-0.18;0.61;0.20;-0.21;1.01;-2.56;-0.85;-0.61;0.64;0.63;0.44;
-2.99;-4.63;-6.04;0.96;-0.23;-0.17;0.49;-0.85;0.67;0.04;0.85;-0.49;3.72;1.10;-2.26;-0.42;-0.78;-0.41;0.30;2.32;-2.01;0.42;-0.56;0.73;0.18;-0.49;0.06;0.21;-0.21;1.01;-3.11;-2.93;1.28;0.63;0.63;0.43;
0.24;0.55;0.18;1.00;-0.14;-0.22;0.85;-0.06;-0.06;0.03;0.84;-0.50;-3.90;-0.06;0.00;-0.40;-0.78;-0.43;1.04;-1.59;0.43;0.43;-0.57;0.73;0.24;-0.24;0.24;0.20;-0.22;1.00;0.06;2.01;4.88;0.64;0.64;0.44;0.06;-0.06;0.06;-0.12;0.22;-0.97;
-2.01;-0.43;2.87;1.01;-0.15;-0.19;1.46;1.52;0.55;0.04;0.83;-0.51;-1.77;-1.28;-1.65;-0.41;-0.78;-0.41;-0.61;-2.44;-0.06;0.44;-0.55;0.73;0.61;-0.18;0.37;0.21;-0.21;1.00;1.46;1.28;3.11;0.64;0.62;0.45;
-0.61;2.99;-0.12;0.99;-0.20;-0.19;-2.38;0.67;0.06;0.02;0.84;-0.50;-1.16;-0.06;0.73;-0.41;-0.73;-0.46;-0.43;-0.49;0.18;0.43;-0.57;0.72;0.37;-0.55;-0.12;0.21;-0.21;1.00;-0.73;-2.20;2.07;0.63;0.63;0.44;0.24;0.00;0.06;-0.10;0.22;-0.96;
1.22;-2.56;0.55;0.98;-0.20;-0.20;0.98;0.49;-0.37;0.03;0.85;-0.50;-1.04;-0.49;-0.67;-0.42;-0.76;-0.44;0.85;0.06;0.12;0.42;-0.57;0.73;0.00;-0.37;0.49;0.19;-0.20;1.01;-0.18;0.18;1.59;0.63;0.63;0.44;
-0.91;0.12;-0.55;0.98;-0.19;-0.20;0.24;0.67;-0.12;0.03;0.86;-0.49;0.85;-0.24;-1.59;-0.42;-0.76;-0.44;1.28;0.12;0.00;0.42;-0.57;0.73;0.24;-0.30;0.30;0.21;-0.21;1.00;-0.91;1.22;2.20;0.63;0.63;0.44;
0.06;1.40;0.67;0.99;-0.21;-0.19;0.00;-0.12;0.73;0.04;0.85;-0.50;1.40;-0.91;-1.71;-0.43;-0.75;-0.44;-0.79;-1.34;0.55;0.42;-0.57;0.73;0.18;-0.67;0.55;0.20;-0.21;1.00;-0.85;0.61;1.28;0.63;0.63;0.44;0.18;0.37;0.00;-0.11;0.22;-0.97;
0.00;1.04;-0.37;0.98;-0.21;-0.17;0.37;-0.18;0.73;0.02;0.84;-0.49;0.79;-1.28;-0.98;-0.43;-0.76;-0.44;-0.06;-0.61;0.30;0.42;-0.57;0.72;0.49;-0.24;0.24;0.21;-0.21;1.00;-0.61;1.16;2.01;0.63;0.63;0.45;
-0.43;1.65;-0.12;0.98;-0.20;-0.19;0.37;-0.24;0.30;0.02;0.84;-0.50;-0.91;-0.24;-1.22;-0.42;-0.76;-0.43;1.22;-0.06;0.12;0.43;-0.58;0.72;0.12;-0.30;0.37;0.20;-0.21;1.00;-0.55;0.55;0.61;0.62;0.63;0.44;
0.06;-4.27;0.43;0.98;-0.21;-0.19;0.43;0.37;-0.67;0.03;0.84;-0.49;-0.49;-1.83;-1.22;-0.42;-0.75;-0.44;2.13;1.52;-0.67;0.41;-0.55;0.74;0.18;-0.55;0.06;0.21;-0.21;1.01;0.12;0.85;1.65;0.62;0.63;0.43;0.37;-0.18;-0.49;-0.11;0.21;-0.97;-0.61;0.06;-0.37;0.27;0.42;0.88;
7.74;16.89;0.18;0.97;-0.23;-0.17;-0.73;0.73;1.52;0.03;0.85;-0.51;-2.74;0.73;-2.44;-0.43;-0.76;-0.44;-5.49;-1.59;-0.49;0.42;-0.59;0.71;0.61;-0.30;0.18;0.20;-0.20;0.99;-3.84;-0.73;2.50;0.64;0.63;0.45;
0.61;-1.22;-3.78;1.00;-0.20;-0.07;0.24;-0.37;0.49;0.02;0.83;-0.49;0.91;-0.73;0.85;-0.40;-0.75;-0.46;0.12;-1.16;0.85;0.43;-0.61;0.69;0.49;-0.24;0.43;0.19;-0.20;1.01;-1.77;0.98;2.99;0.64;0.62;0.44;
-1.77;-11.83;5.73;1.00;-0.14;-0.15;-4.57;-0.98;-0.79;0.04;0.85;-0.48;-3.35;6.04;-2.07;-0.43;-0.74;-0.48;8.48;5.43;-2.74;0.42;-0.59;0.72;0.06;-0.73;0.43;0.21;-0.21;1.00;-1.95;2.01;0.18;0.63;0.62;0.45;
1.59;-4.09;2.74;1.01;-0.11;-0.17;7.01;1.77;1.46;-0.00;0.83;-0.47;-3.05;-0.30;-0.55;-0.42;-0.73;-0.46;-5.00;-1.22;3.05;0.45;-0.58;0.72;0.30;-0.30;0.00;0.21;-0.21;1.01;-1.22;0.00;3.29;0.60;0.60;0.47;
-7.32;-0.91;6.71;0.99;-0.17;-0.17;3.11;0.91;0.98;-0.00;0.86;-0.50;-5.98;-2.26;-3.54;-0.42;-0.80;-0.45;0.67;-4.63;1.46;0.36;-0.56;0.76;0.55;-0.24;0.67;0.21;-0.20;1.01;0.30;-0.18;-0.18;0.64;0.62;0.44;
-3.54;-4.88;1.22;0.99;-0.18;-0.17;0.85;0.30;0.67;0.03;0.86;-0.50;-1.46;0.06;-0.43;-0.42;-0.76;-0.44;-1.34;-2.38;0.06;0.41;-0.58;0.74;-0.24;0.00;0.30;0.21;-0.21;1.01;-0.30;0.18;0.49;0.62;0.63;0.43;0.49;0.18;-0.18;-0.11;0.22;-0.97;
-0.85;1.10;-1.28;0.99;-0.18;-0.22;0.24;0.37;-0.55;0.01;0.86;-0.49;-0.43;0.79;-2.01;-0.42;-0.76;-0.46;0.18;-2.07;-0.85;0.42;-0.57;0.71;-0.06;-0.24;0.30;0.21;-0.21;1.01;0.49;0.55;1.04;0.61;0.64;0.45;0.06;0.43;0.12;-0.11;0.21;-0.96;0.55;0.00;-0.43;0.26;0.43;0.88;
6.59;8.11;-10.55;0.97;-0.10;-0.16;0.79;-0.06;0.37;0.01;0.84;-0.49;-5.12;2.80;-1.52;-0.37;-0.76;-0.46;8.78;3.84;-2.20;0.44;-0.52;0.72;0.24;-0.67;0.12;0.20;-0.21;1.00;-0.61;2.32;2.93;0.60;0.66;0.44;-0.12;0.55;0.18;-0.11;0.21;-0.97;0.18;0.18;-0.37;0.27;0.42;0.88;
1.46;1.16;0.37;1.02;-0.07;-0.14;1.10;0.55;0.61;0.01;0.85;-0.48;2.68;-1.46;-1.83;-0.37;-0.75;-0.50;-3.11;-3.17;0.91;0.44;-0.52;0.74;0.37;-0.37;0.37;0.20;-0.21;1.01;-0.85;0.67;2.20;0.61;0.65;0.45;0.61;0.30;0.24;-0.11;0.22;-0.97;
1.71;2.87;-1.16;1.01;-0.06;-0.11;0.37;0.61;0.37;0.02;0.85;-0.48;-0.85;-0.43;-1.16;-0.37;-0.75;-0.50;0.30;-0.37;0.67;0.46;-0.54;0.74;0.24;-0.43;0.24;0.20;-0.21;1.01;0.06;0.06;1.77;0.62;0.64;0.45;0.43;0.24;-0.30;-0.11;0.21;-0.96;
0.79;0.06;4.57;1.01;-0.08;-0.12;1.28;-0.18;0.73;0.02;0.85;-0.49;1.28;-0.79;-0.49;-0.38;-0.75;-0.49;0.43;0.43;1.04;0.45;-0.54;0.74;0.24;0.06;0.30;0.20;-0.21;1.00;-1.04;-0.61;1.65;0.62;0.64;0.45;-0.06;0.55;0.18;-0.12;0.22;-0.98;
-1.46;-9.09;4.57;1.01;-0.09;-0.10;1.28;-2.56;1.04;0.03;0.85;-0.50;4.63;-0.98;-0.91;-0.38;-0.76;-0.50;-0.43;-0.18;-0.30;0.44;-0.55;0.75;-0.12;-0.43;0.30;0.21;-0.20;0.99;-2.50;-0.55;1.40;0.62;0.63;0.44;
-4.63;-10.18;2.01;1.02;-0.10;-0.17;-2.56;-2.13;-1.16;0.02;0.85;-0.52;-5.91;1.71;0.18;-0.40;-0.75;-0.47;3.84;-2.44;-3.05;0.44;-0.55;0.76;0.30;-0.18;0.24;0.21;-0.21;0.99;-1.95;-0.85;1.65;0.63;0.64;0.45;0.43;0.37;0.00;-0.11;0.22;-0.97;0.37;-0.18;-0.06;0.27;0.43;0.88;
0.43;0.49;0.55;0.99;-0.07;-0.22;2.07;0.43;0.98;0.00;0.84;-0.49;1.46;-2.87;-1.77;-0.38;-0.76;-0.48;-3.29;-2.62;2.44;0.44;-0.54;0.74;0.61;-0.06;0.24;0.21;-0.21;1.00;0.06;0.61;1.89;0.60;0.64;0.45;0.43;0.12;0.06;-0.11;0.21;-0.96;
4.76;-9.21;6.89;0.99;-0.09;-0.29;2.26;2.13;0.12;0.01;0.84;-0.50;-11.46;-1.04;-1.71;-0.39;-0.78;-0.43;-0.49;-1.89;1.22;0.42;-0.55;0.73;0.06;-0.24;0.67;0.21;-0.21;1.00;1.22;0.00;0.98;0.61;0.63;0.43;
5.24;15.67;5.79;1.01;-0.15;-0.22;-1.34;2.38;1.65;0.04;0.88;-0.50;-3.17;2.74;-1.95;-0.44;-0.74;-0.49;-2.93;-4.63;-0.79;0.42;-0.61;0.69;0.61;-0.06;0.67;0.21;-0.21;1.00;2.74;0.79;-3.23;0.64;0.62;0.46;
-9.15;-12.99;-11.16;1.05;-0.18;-0.18;-0.18;-1.83;-0.49;0.03;0.84;-0.48;7.93;1.59;0.00;-0.39;-0.75;-0.49;3.35;3.35;-1.71;0.44;-0.58;0.71;0.06;-0.24;0.30;0.21;-0.21;1.01;0.61;-1.16;-0.49;0.60;0.64;0.46;-0.37;0.06;0.06;-0.11;0.22;-0.97;0.73;0.24;-0.85;0.27;0.43;0.87;
1.22;0.43;0.67;1.00;-0.08;-0.17;-0.61;-0.24;0.37;0.02;0.84;-0.50;0.49;-1.22;-1.04;-0.38;-0.76;-0.48;3.72;1.89;-0.43;0.43;-0.54;0.74;0.24;-0.37;0.61;0.22;-0.21;1.00;0.43;0.61;1.40;0.61;0.64;0.45;0.18;0.12;-0.43;-0.11;0.22;-0.97;0.00;0.12;-0.55;0.27;0.42;0.88;
2.20;-4.82;4.70;1.02;-0.09;-0.20;0.06;0.98;0.12;0.02;0.84;-0.49;1.46;-1.77;0.43;-0.40;-0.78;-0.46;0.61;0.18;1.34;0.43;-0.53;0.77;-0.30;-0.49;0.24;0.21;-0.21;1.01;1.04;0.49;2.13;0.61;0.63;0.43;0.06;0.37;-0.30;-0.11;0.22;-0.97;
1.22;2.56;7.32;1.01;-0.16;-0.18;-0.24;1.52;0.43;0.02;0.85;-0.50;-2.99;-0.06;-1.46;-0.39;-0.77;-0.45;-0.61;-2.01;1.40;0.42;-0.54;0.75;0.37;-0.12;0.37;0.20;-0.21;1.00;-0.24;1.95;1.95;0.63;0.63;0.45;
1.22;3.54;6.10;0.99;-0.19;-0.16;0.67;0.91;0.24;0.04;0.85;-0.49;-0.43;-0.91;-1.71;-0.40;-0.76;-0.45;0.24;-1.59;0.79;0.42;-0.55;0.74;0.61;-0.30;0.30;0.20;-0.21;1.00;-0.73;0.98;1.83;0.63;0.62;0.45;-0.12;0.24;-0.30;-0.12;0.22;-0.96;
-3.66;-15.00;-6.22;1.00;-0.17;-0.17;0.12;-2.01;2.26;-0.02;0.86;-0.51;3.41;3.35;1.16;-0.37;-0.80;-0.45;-2.74;-6.04;-1.34;0.47;-0.57;0.72;0.24;-0.43;0.30;0.20;-0.21;0.99;-0.85;-1.16;3.60;0.62;0.64;0.45;
-6.28;-13.17;14.63;0.99;-0.24;-0.19;2.87;1.10;1.28;0.05;0.84;-0.49;10.00;-8.84;-1.77;-0.45;-0.76;-0.44;-0.43;4.88;2.13;0.44;-0.60;0.71;0.67;-0.73;0.55;0.21;-0.21;1.00;-1.22;-1.34;-0.12;0.63;0.63;0.44;0.06;0.00;-0.85;-0.11;0.22;-0.97;-0.06;-0.06;-0.30;0.28;0.42;0.87;
0.30;-2.44;0.18;0.94;-0.22;-0.20;-0.06;0.30;-0.55;0.03;0.84;-0.50;-0.06;0.18;-1.22;-0.42;-0.78;-0.41;1.65;2.13;0.37;0.43;-0.56;0.72;0.06;-0.24;0.18;0.21;-0.22;1.00;-0.30;0.43;2.74;0.62;0.64;0.46;0.37;0.06;-0.18;0.27;0.42;0.87;
-0.61;1.59;-0.12;0.96;-0.25;-0.22;0.55;-0.18;0.55;0.03;0.83;-0.51;0.49;-1.04;-1.52;-0.41;-0.77;-0.40;0.43;-0.24;-0.61;0.42;-0.57;0.74;0.24;-0.30;0.43;0.21;-0.21;1.00;0.00;0.43;0.85;0.62;0.63;0.44;0.12;-0.06;-0.06;-0.11;0.21;-0.96;0.24;-0.12;-0.49;0.26;0.43;0.88;
-0.43;-0.06;-0.24;0.96;-0.26;-0.22;0.30;0.61;0.18;0.04;0.84;-0.50;2.50;-0.85;-1.65;-0.42;-0.78;-0.40;-0.43;-0.24;-0.30;0.42;-0.56;0.73;0.67;-0.55;-0.06;0.21;-0.22;1.01;-0.37;0.55;1.71;0.62;0.63;0.46;-0.24;0.18;-0.24;-0.12;0.22;-0.96;
-1.59;0.43;-0.73;0.97;-0.24;-0.22;0.37;1.46;-0.49;0.03;0.83;-0.50;1.28;-0.37;-1.83;-0.41;-0.79;-0.39;2.56;1.52;-0.98;0.42;-0.59;0.71;-0.06;-0.18;0.00;0.21;-0.22;1.00;0.49;1.28;1.65;0.63;0.63;0.46;
-29.02;11.10;-9.27;0.98;-0.07;-0.24;0.00;1.40;-1.28;0.04;0.84;-0.50;7.38;2.07;-2.20;-0.41;-0.82;-0.38;-7.01;-1.46;1.10;0.42;-0.60;0.69;0.30;-0.37;0.30;0.21;-0.22;1.00;4.21;1.40;-0.85;0.59;0.66;0.44;0.37;-0.37;-0.12;-0.11;0.22;-0.97;0.30;0.00;-0.55;0.27;0.42;0.87;
-3.05;4.02;-1.77;0.97;-0.21;-0.25;1.65;-0.73;1.28;0.03;0.84;-0.49;-0.61;-1.71;-0.85;-0.41;-0.80;-0.38;5.43;0.24;-0.55;0.40;-0.59;0.70;0.49;-0.12;0.49;0.20;-0.21;0.99;1.40;-0.67;1.10;0.62;0.64;0.45;
1.59;2.99;2.38;0.99;-0.22;-0.22;0.24;-0.98;2.01;0.03;0.84;-0.50;-1.22;-0.85;0.37;-0.41;-0.79;-0.40;1.77;-1.34;-0.73;0.41;-0.59;0.71;0.24;0.30;-0.12;0.21;-0.21;1.00;-1.28;-0.06;1.22;0.63;0.63;0.45;0.24;0.18;0.61;-0.11;0.22;-0.96;0.24;0.24;-0.30;0.26;0.42;0.88;
0.18;0.67;1.46;0.96;-0.23;-0.20;0.61;-0.06;1.04;0.04;0.84;-0.50;-0.18;-0.73;0.12;-0.41;-0.77;-0.41;1.71;-0.49;0.06;0.42;-0.59;0.71;-0.12;-0.30;0.12;0.21;-0.23;1.00;0.00;1.10;0.91;0.62;0.63;0.46;0.43;-0.06;0.12;-0.11;0.22;-0.98;
-0.85;2.01;20.43;0.96;-0.21;-0.18;3.48;1.65;1.22;0.05;0.84;-0.49;6.77;-2.99;1.89;-0.45;-0.78;-0.46;-7.80;-1.95;2.32;0.42;-0.63;0.71;0.37;-0.30;0.55;0.21;-0.22;1.00;-6.10;0.91;-3.35;0.63;0.63;0.43;
-1.83;3.90;-9.45;0.97;-0.23;-0.09;-4.70;-1.22;-1.83;0.06;0.86;-0.48;0.61;4.15;-4.51;-0.41;-0.76;-0.47;5.24;3.29;-1.59;0.46;-0.57;0.72;0.00;-0.37;0.49;0.20;-0.21;1.00;-0.79;-0.85;-0.43;0.60;0.63;0.46;
3.35;-3.90;-2.93;0.99;-0.21;-0.20;-1.65;-0.49;-1.77;0.01;0.84;-0.50;-8.48;2.32;-0.85;-0.38;-0.77;-0.46;5.37;1.59;-0.98;0.42;-0.54;0.75;0.06;-0.30;0.55;0.20;-0.21;1.00;0.18;0.73;1.04;0.64;0.63;0.45;0.06;0.73;-0.55;-0.11;0.21;-0.96;0.67;0.12;-0.55;0.27;0.43;0.88;
-0.37;1.89;0.00;0.98;-0.20;-0.18;0.79;0.37;0.18;0.03;0.84;-0.49;3.48;-2.44;-1.83;-0.39;-0.77;-0.46;-0.30;0.24;0.61;0.43;-0.54;0.74;-0.12;-0.18;0.43;0.20;-0.22;1.01;-0.30;0.85;1.22;0.61;0.64;0.45;0.43;-0.79;0.12;-0.11;0.22;-0.97;0.37;-0.06;-0.49;0.27;0.43;0.88;
-1.59;1.59;-0.61;0.97;-0.21;-0.18;0.61;0.49;-0.12;0.02;0.85;-0.49;0.12;-0.61;-0.98;-0.39;-0.77;-0.45;0.30;-0.73;0.30;0.43;-0.55;0.74;0.43;-0.91;-0.06;0.21;-0.21;0.99;-0.30;0.37;2.07;0.63;0.64;0.44;0.24;0.91;-0.12;-0.11;0.22;-0.97;
-0.06;1.77;0.06;0.98;-0.21;-0.18;0.24;0.24;0.55;0.03;0.84;-0.49;0.55;-0.43;-1.40;-0.40;-0.76;-0.46;-0.37;-0.73;-0.30;0.43;-0.55;0.74;0.43;-0.30;0.30;0.21;-0.21;1.00;0.24;0.67;1.40;0.62;0.63;0.45;
-0.06;-0.18;0.06;0.97;-0.22;-0.17;0.61;-0.06;0.85;0.02;0.85;-0.49;-0.18;-0.61;-1.28;-0.39;-0.77;-0.46;0.91;-0.43;-0.49;0.43;-0.55;0.73;0.49;-0.37;0.49;0.20;-0.22;1.00;-0.30;0.73;1.95;0.61;0.63;0.45;0.00;0.12;0.24;-0.11;0.21;-0.97;0.67;-0.37;-0.18;0.27;0.42;0.88;
-0.73;0.00;0.18;0.99;-0.22;-0.17;1.34;-0.06;-0.30;0.03;0.84;-0.49;0.79;-0.98;-1.04;-0.39;-0.76;-0.45;0.37;0.00;0.06;0.43;-0.55;0.74;0.55;-0.12;0.12;0.21;-0.21;1.00;-1.34;0.79;2.68;0.62;0.63;0.45;
-0.30;0.67;0.73;0.99;-0.22;-0.18;0.43;0.67;0.06;0.04;0.85;-0.49;1.28;-0.49;-1.40;-0.39;-0.77;-0.45;-0.06;-0.30;-0.12;0.43;-0.55;0.74;0.12;0.18;0.43;0.21;-0.21;1.01;-0.12;1.16;0.91;0.62;0.64;0.45;
-1.10;0.12;-0.12;0.98;-0.22;-0.17;0.12;0.49;0.43;0.04;0.85;-0.50;1.52;-0.73;-1.04;-0.40;-0.77;-0.45;1.04;-0.73;0.12;0.43;-0.55;0.74;0.49;-0.06;0.30;0.20;-0.21;1.01;0.24;0.49;1.28;0.62;0.63;0.45;
-13.84;-3.29;-5.79;1.00;-0.18;-0.17;-2.80;-1.40;-0.73;0.07;0.85;-0.45;7.50;-3.84;-3.78;-0.41;-0.77;-0.46;-15.37;-6.40;2.68;0.43;-0.56;0.72;-0.12;-0.67;0.73;0.20;-0.21;1.00;-0.18;0.85;-2.74;0.59;0.63;0.45;0.24;0.12;0.30;-0.12;0.21;-0.97;0.98;-0.18;-0.73;0.28;0.43;0.89;
-1.04;-3.72;4.88;0.99;-0.22;-0.18;3.11;0.49;2.68;0.04;0.84;-0.47;9.57;-2.50;1.04;-0.40;-0.76;-0.44;-1.04;0.24;0.43;0.44;-0.57;0.70;0.24;-0.43;0.24;0.21;-0.22;1.00;-0.61;-0.79;0.73;0.62;0.62;0.45;0.30;-0.24;0.18;-0.11;0.21;-0.97;0.55;0.18;-0.55;0.26;0.43;0.88;
-0.73;-0.79;0.43;0.95;-0.23;-0.18;1.16;0.00;0.85;0.05;0.84;-0.50;0.61;-0.91;-1.34;-0.41;-0.77;-0.43;2.68;0.73;-1.10;0.44;-0.57;0.71;0.85;0.12;0.24;0.20;-0.22;1.00;1.04;0.30;0.55;0.61;0.64;0.44;0.24;0.49;-0.55;0.27;0.43;0.88;
-2.13;-0.43;-0.61;1.01;-0.25;-0.21;1.16;0.12;-0.06;0.04;0.84;-0.50;0.85;-0.43;-1.71;-0.40;-0.78;-0.45;-0.18;-1.10;-0.30;0.45;-0.56;0.72;0.49;0.24;0.18;0.21;-0.22;1.00;-0.06;0.30;1.46;0.61;0.65;0.44;
0.43;-1.04;0.67;0.97;-0.23;-0.20;0.37;0.91;0.06;0.04;0.84;-0.50;-0.37;-0.49;-0.98;-0.40;-0.77;-0.44;0.24;-0.49;-0.55;0.43;-0.57;0.73;0.06;-0.43;-0.06;0.21;-0.22;1.01;-0.06;1.04;1.28;0.62;0.64;0.44;0.30;0.24;-0.24;-0.11;0.22;-0.96;0.24;0.30;-0.06;0.27;0.42;0.88;
-1.52;1.22;-0.85;0.97;-0.23;-0.20;-1.22;-0.67;0.30;0.04;0.84;-0.50;1.59;-0.55;-1.28;-0.40;-0.78;-0.43;0.00;-0.91;-0.24;0.43;-0.56;0.72;0.24;0.18;0.24;0.21;-0.21;0.99;0.12;-0.06;1.59;0.61;0.65;0.46;-0.85;0.49;-0.06;-0.11;0.22;-0.96;0.30;0.06;-0.79;0.27;0.43;0.89;
0.30;-0.49;0.30;0.98;-0.23;-0.20;0.43;-0.18;0.43;0.03;0.84;-0.51;-0.30;-0.43;-1.16;-0.40;-0.77;-0.45;1.59;-0.37;-0.30;0.43;-0.56;0.73;0.06;-0.12;0.67;0.21;-0.21;1.00;-0.49;0.24;1.28;0.62;0.64;0.46;-0.18;0.00;0.43;-0.12;0.22;-0.96;0.43;-0.73;-0.30;0.27;0.42;0.88;
0.30;-0.43;0.24;0.98;-0.23;-0.20;1.40;0.12;0.30;0.04;0.85;-0.49;-0.43;0.18;-0.73;-0.41;-0.77;-0.43;0.85;0.24;-0.18;0.42;-0.56;0.72;0.61;-0.24;0.43;0.21;-0.21;1.01;-0.49;0.06;1.65;0.62;0.64;0.44;0.55;0.00;0.49;-0.12;0.22;-0.96;0.12;0.06;-0.12;0.27;0.42;0.88;
0.30;0.91;0.06;0.98;-0.23;-0.20;0.37;0.24;0.24;0.05;0.84;-0.49;0.06;-0.91;-1.04;-0.40;-0.77;-0.44;-0.30;-1.04;-0.12;0.45;-0.56;0.73;-0.30;-0.37;0.55;0.20;-0.21;1.00;0.06;0.12;1.46;0.62;0.64;0.45;0.06;0.06;0.30;-0.10;0.23;-0.96;
0.30;0.00;-0.24;0.99;-0.23;-0.18;0.67;0.30;0.24;0.04;0.83;-0.49;0.30;-1.46;-1.34;-0.40;-0.78;-0.43;-1.16;-1.71;1.59;0.45;-0.57;0.72;0.61;-0.24;0.24;0.21;-0.21;1.00;0.37;0.30;1.83;0.62;0.64;0.45;0.24;-0.24;-0.67;0.27;0.42;0.88;
-0.24;0.18;0.00;0.98;-0.24;-0.18;0.91;-0.18;0.49;0.04;0.84;-0.50;0.43;-0.43;-0.85;-0.40;-0.77;-0.44;0.73;-0.37;0.00;0.45;-0.57;0.73;0.18;-0.12;-0.12;0.21;-0.21;1.00;-0.37;0.91;1.95;0.62;0.64;0.44;-0.18;0.61;-0.06;-0.11;0.23;-0.96;
0.73;1.71;0.12;0.98;-0.23;-0.18;0.00;0.37;0.49;0.05;0.84;-0.50;1.28;-2.13;-2.26;-0.41;-0.78;-0.43;-0.24;-1.16;-0.30;0.45;-0.56;0.72;0.49;-0.49;0.30;0.21;-0.21;0.99;-0.30;-0.55;1.65;0.62;0.64;0.45;
-0.85;-0.24;0.61;0.98;-0.25;-0.17;0.61;0.06;0.43;0.04;0.85;-0.50;-0.30;-0.18;-0.49;-0.41;-0.77;-0.43;0.43;-0.06;-0.06;0.44;-0.56;0.71;0.67;-0.30;0.49;0.21;-0.21;0.99;-0.61;0.67;1.52;0.62;0.64;0.44;0.00;0.06;0.24;-0.11;0.22;-0.97;0.12;-0.12;-0.37;0.27;0.43;0.87;
-1.83;-2.99;-0.73;0.97;-0.24;-0.19;0.18;0.12;-0.06;0.04;0.84;-0.50;-0.73;0.30;-1.83;-0.40;-0.77;-0.42;0.49;-1.28;-0.61;0.45;-0.57;0.73;0.12;-0.43;0.49;0.20;-0.22;1.00;0.30;1.22;1.59;0.61;0.64;0.44;0.06;0.24;0.06;-0.11;0.23;-0.97;1.16;-0.18;-0.43;0.27;0.43;0.88;
-0.37;-1.10;0.79;0.98;-0.24;-0.19;0.61;-0.24;-0.18;0.06;0.85;-0.49;2.38;-1.22;-1.40;-0.41;-0.77;-0.43;-0.79;-0.49;-0.18;0.43;-0.56;0.72;-0.18;2.80;-0.06;0.20;-0.21;1.01;-0.06;0.85;1.10;0.62;0.64;0.45;
-0.12;-0.24;-0.12;0.98;-0.23;-0.19;0.49;0.49;-0.37;0.05;0.84;-0.51;-0.79;0.00;-1.10;-0.40;-0.78;-0.41;0.24;0.85;0.67;0.44;-0.57;0.71;1.16;1.59;-0.24;0.20;-0.21;1.00;-0.37;0.79;2.01;0.61;0.65;0.43;
-0.37;-2.20;-0.06;0.98;-0.24;-0.21;1.46;0.49;0.18;0.04;0.84;-0.50;-1.71;0.49;-0.37;-0.40;-0.78;-0.42;1.22;-0.61;0.00;0.43;-0.57;0.73;-1.95;6.22;-0.18;0.19;-0.23;1.02;-0.12;0.55;0.43;0.62;0.64;0.43;
1.46;0.24;0.37;0.97;-0.23;-0.20;-0.30;0.55;0.37;0.04;0.84;-0.49;1.04;-0.55;-1.77;-0.40;-0.78;-0.43;-0.37;-0.73;-0.24;0.42;-0.56;0.72;-0.12;-0.30;0.12;0.20;-0.21;1.00;0.37;0.79;1.40;0.61;0.65;0.43;
-0.24;0.43;0.00;0.98;-0.24;-0.20;0.91;-0.06;0.24;0.05;0.84;-0.50;0.00;-0.61;-0.73;-0.40;-0.78;-0.42;0.37;-0.55;-0.43;0.43;-0.56;0.73;-0.37;-5.18;0.91;0.20;-0.22;1.01;-0.43;0.12;1.71;0.61;0.64;0.43;-0.30;0.18;-0.37;-0.11;0.22;-0.97;-1.34;-0.73;0.79;0.27;0.43;0.88;
-0.49;0.24;-0.30;0.97;-0.23;-0.20;-0.18;0.61;0.73;0.05;0.84;-0.50;1.16;-0.85;-1.10;-0.40;-0.78;-0.42;0.00;-0.55;0.37;0.43;-0.57;0.73;0.43;-0.98;0.30;0.19;-0.22;1.01;0.55;0.49;1.04;0.61;0.65;0.44;
4.27;2.20;0.12;0.99;-0.21;-0.17;0.12;1.89;0.06;0.03;0.85;-0.48;1.40;-2.07;2.01;-0.39;-0.78;-0.46;-0.67;-3.05;0.67;0.43;-0.57;0.69;0.24;-0.12;0.18;0.20;-0.21;1.00;-2.20;-1.65;3.60;0.64;0.62;0.45;0.37;-0.37;0.18;-0.11;0.22;-0.97;
17.68;13.66;-0.37;1.00;-0.21;-0.13;-1.46;1.46;0.98;0.05;0.81;-0.51;-12.01;1.16;-3.96;-0.39;-0.76;-0.46;5.79;-1.40;0.37;0.45;-0.57;0.70;0.24;0.43;0.06;0.20;-0.23;1.00;-1.77;2.38;5.06;0.61;0.63;0.46;
1.04;0.30;-7.50;1.01;-0.23;-0.15;-0.73;-1.71;1.95;0.05;0.85;-0.50;-5.49;2.38;-1.16;-0.38;-0.77;-0.47;3.72;-2.01;-2.99;0.45;-0.56;0.71;0.79;-0.73;0.00;0.20;-0.22;1.00;-2.87;-2.56;2.93;0.63;0.65;0.44;-0.24;-0.37;-0.12;-0.11;0.22;-0.96;0.55;0.12;-0.18;0.26;0.42;0.89;
-5.61;-2.68;-1.22;1.03;-0.19;-0.13;4.02;0.49;-0.55;0.06;0.86;-0.49;1.59;-1.52;-4.27;-0.37;-0.78;-0.47;0.55;-0.91;1.22;0.46;-0.53;0.71;-0.12;-0.06;0.37;0.20;-0.22;1.00;-2.20;2.56;5.24;0.61;0.65;0.46;
-3.78;-0.18;0.30;0.99;-0.22;-0.13;0.98;0.18;-0.43;0.06;0.84;-0.49;2.07;0.00;-0.24;-0.39;-0.77;-0.46;-3.84;2.07;1.04;0.46;-0.56;0.73;0.06;-0.91;0.73;0.20;-0.22;1.00;0.91;-0.18;-1.59;0.62;0.64;0.44;0.85;-0.24;0.30;-0.11;0.23;-0.97;0.37;0.06;-0.91;0.27;0.43;0.87;
-8.11;-4.27;-2.26;0.99;-0.22;-0.13;4.15;-2.01;0.85;0.06;0.83;-0.50;1.22;-1.28;0.49;-0.38;-0.77;-0.45;-2.99;3.54;0.55;0.47;-0.57;0.70;-0.06;-0.79;0.18;0.20;-0.22;0.99;-4.70;5.18;4.76;0.59;0.65;0.44;-0.12;-0.06;0.55;-0.12;0.22;-0.97;0.06;0.12;-0.06;0.28;0.43;0.88;
12.56;9.39;25.61;0.96;-0.27;-0.05;2.93;8.29;3.29;0.07;0.83;-0.52;-14.63;-4.63;1.77;-0.42;-0.70;-0.43;7.07;-7.13;-0.61;0.41;-0.61;0.67;0.49;-0.24;0.37;0.20;-0.23;1.01;-0.06;0.67;-1.10;0.63;0.62;0.42;0.61;0.18;0.18;-0.11;0.22;-0.97;-0.73;0.06;0.00;0.28;0.43;0.89;
-3.66;-4.39;1.28;0.97;-0.35;0.01;0.00;-0.61;-0.43;0.08;0.81;-0.53;7.74;-1.89;4.76;-0.40;-0.73;-0.48;-1.22;1.52;0.24;0.48;-0.60;0.66;-0.18;-0.06;0.30;0.20;-0.22;1.00;1.89;0.79;0.24;0.62;0.64;0.45;0.55;0.37;-0.24;-0.11;0.21;-0.97;0.18;-0.24;-0.61;0.27;0.42;0.88;
