-0.55;-0.43;0.00;-0.16;-0.02;-0.98;0.49;0.06;-0.06;0.21;-0.08;-0.98;-0.06;-0.55;-0.61;0.03;-0.90;0.43;0.43;-0.49;-0.12;-0.30;-0.21;-0.93;0.55;-0.18;0.00;-0.15;0.44;-0.85;-0.12;0.43;1.40;0.32;0.54;0.77;
-0.06;-0.37;-0.30;-0.16;-0.02;-0.98;0.06;0.00;0.91;0.22;-0.07;-0.97;-0.37;-0.43;-1.22;0.03;-0.90;0.42;0.30;-0.49;0.24;-0.31;-0.21;-0.93;0.37;-0.30;0.12;-0.15;0.44;-0.85;-0.55;0.43;2.01;0.32;0.54;0.77;
-0.55;0.12;0.00;-0.16;-0.02;-0.98;0.37;0.12;0.12;0.22;-0.08;-0.97;0.24;-0.73;-1.16;0.03;-0.90;0.42;0.61;-0.49;0.00;-0.31;-0.21;-0.93;0.61;-0.24;0.30;-0.15;0.44;-0.85;-0.24;0.98;1.65;0.33;0.54;0.78;0.30;-0.24;0.12;0.54;0.01;0.87;0.55;-0.18;-0.18;0.11;-0.56;-0.81;
-0.43;-0.06;0.37;-0.16;-0.03;-0.98;0.61;0.55;0.49;0.22;-0.08;-0.98;0.37;-0.30;-0.79;0.03;-0.90;0.43;0.79;-0.55;0.06;-0.31;-0.21;-0.92;0.30;-0.06;0.00;-0.15;0.45;-0.86;-0.61;0.91;1.40;0.33;0.54;0.77;0.30;0.49;-0.30;0.54;0.01;0.85;0.18;0.06;-0.37;0.10;-0.56;-0.82;
0.12;-0.43;0.37;-0.16;-0.03;-0.99;0.00;0.12;0.24;0.21;-0.07;-0.97;0.61;-0.61;-1.16;0.03;-0.90;0.43;-0.24;-0.18;0.18;-0.31;-0.21;-0.93;0.06;-8.72;1.46;-0.15;0.45;-0.85;-2.62;-0.06;2.07;0.33;0.53;0.77;84.94;-30.06;3.96;0.08;-1.08;1.19;30.55;132.44;-29.27;0.66;-0.25;-1.13;
-0.55;-0.06;0.06;-0.16;-0.02;-0.99;0.55;-0.55;-0.06;0.21;-0.07;-0.97;0.12;-0.79;-1.65;0.03;-0.89;0.42;0.30;-0.30;0.06;-0.30;-0.21;-0.93;0.37;-0.30;0.30;-0.15;0.44;-0.86;0.18;0.55;1.28;0.33;0.54;0.76;0.79;-0.12;0.06;0.53;0.01;0.87;36.40;41.65;-56.04;-0.13;-0.75;0.06;
-0.49;-0.24;0.12;-0.16;-0.03;-0.99;0.24;0.18;0.49;0.22;-0.07;-0.97;0.37;-1.04;-0.98;0.03;-0.91;0.42;0.18;0.30;0.06;-0.30;-0.21;-0.92;-0.12;1.16;0.06;-0.15;0.45;-0.85;0.00;0.98;1.40;0.33;0.55;0.76;0.12;-0.18;-0.49;0.54;0.01;0.86;191.04;195.12;332.80;0.15;-0.24;-0.17;
0.00;-0.18;0.06;-0.16;-0.03;-0.98;0.43;0.00;0.43;0.22;-0.07;-0.97;0.30;-0.43;-0.43;0.03;-0.90;0.43;0.43;-0.30;0.06;-0.30;-0.21;-0.93;0.24;-0.49;0.43;-0.15;0.45;-0.85;-0.98;0.61;1.65;0.33;0.54;0.76;1.71;-1.34;2.87;0.56;-0.01;0.86;56.59;76.40;60.73;0.43;-0.69;0.00;
-0.85;0.18;-0.30;-0.16;-0.03;-0.98;0.49;-0.06;-0.12;0.22;-0.08;-0.98;-0.30;-0.18;-0.91;0.03;-0.90;0.41;0.37;-0.43;0.06;-0.31;-0.21;-0.93;-0.12;-0.12;0.30;-0.15;0.44;-0.85;-0.30;0.67;0.85;0.32;0.54;0.77;
-0.43;-0.49;0.30;-0.16;-0.02;-0.99;0.24;-0.18;0.06;0.21;-0.07;-0.97;-0.12;-0.24;-1.10;0.04;-0.90;0.43;0.73;-0.55;0.12;-0.31;-0.21;-0.93;0.30;-0.43;0.49;-0.15;0.44;-0.85;-1.34;0.18;1.89;0.33;0.54;0.76;
-0.61;-0.37;0.30;-0.16;-0.02;-0.98;0.85;-0.18;0.37;0.22;-0.07;-0.97;0.30;-0.49;-1.04;0.03;-0.90;0.43;0.24;-0.55;0.30;-0.30;-0.21;-0.93;0.37;-0.43;0.73;-0.15;0.44;-0.85;0.00;0.61;1.52;0.33;0.54;0.76;0.30;0.43;0.00;0.55;0.01;0.86;82.20;101.34;120.55;0.80;-0.84;-0.26;
0.00;-0.30;0.37;-0.16;-0.03;-0.99;0.06;0.12;0.00;0.22;-0.07;-0.96;-0.12;-0.49;-0.49;0.03;-0.90;0.43;0.30;-0.55;0.12;-0.31;-0.21;-0.93;0.30;-0.12;0.49;-0.15;0.45;-0.86;-0.30;0.06;1.52;0.32;0.55;0.76;
0.00;0.18;0.43;-0.16;-0.03;-0.98;0.00;-0.24;0.06;0.22;-0.07;-0.97;-0.12;-0.37;-1.52;0.02;-0.89;0.43;0.43;-0.24;0.12;-0.30;-0.21;-0.93;0.37;-0.37;0.18;-0.15;0.44;-0.85;0.12;0.49;1.77;0.33;0.54;0.76;
-0.43;0.00;-0.37;-0.16;-0.02;-0.98;0.30;0.18;0.00;0.22;-0.08;-0.97;0.30;-0.67;-1.04;0.03;-0.90;0.43;0.00;-0.24;0.12;-0.31;-0.21;-0.93;0.06;-0.18;-0.06;-0.15;0.44;-0.85;-0.18;0.73;1.59;0.32;0.54;0.77;0.00;0.12;0.24;0.55;-0.00;0.86;95.73;52.56;266.04;0.90;-0.82;-0.11;
-0.43;-0.37;0.00;-0.16;-0.02;-0.99;0.06;0.06;-0.30;0.22;-0.06;-0.96;-0.06;-0.49;-1.34;0.04;-0.90;0.42;0.37;-0.24;0.18;-0.31;-0.21;-0.91;0.24;-0.43;0.12;-0.15;0.45;-0.85;-0.55;1.34;1.22;0.33;0.55;0.77;
-0.18;0.18;0.00;-0.16;-0.02;-0.98;0.67;0.24;0.06;0.22;-0.07;-0.96;0.30;-0.18;-1.22;0.03;-0.91;0.44;2.44;-3.17;-0.91;-0.31;-0.21;-0.93;0.37;4.09;-1.04;-0.00;0.47;-0.86;1.10;0.18;1.46;0.32;0.55;0.75;-7.44;-10.79;2.62;0.84;0.02;0.78;-314.39;140.91;-28.90;0.71;-0.34;-1.05;
0.12;-0.06;0.61;-0.16;-0.02;-0.98;0.55;0.49;0.49;0.21;-0.08;-0.96;-0.49;-0.49;-1.34;0.03;-0.90;0.42;0.55;0.00;-0.24;-0.32;-0.22;-0.93;0.24;-0.49;0.06;-0.15;0.44;-0.85;-0.12;0.85;0.98;0.33;0.53;0.77;
-0.06;-0.49;0.00;-0.16;-0.03;-0.98;0.67;0.00;0.06;0.22;-0.07;-0.97;1.83;-1.22;1.10;0.04;-0.91;0.42;1.04;-1.16;-0.37;-0.31;-0.21;-0.93;0.73;-0.06;0.30;-0.15;0.45;-0.85;-0.24;0.06;1.40;0.32;0.53;0.77;
-0.24;0.18;-0.18;-0.17;-0.03;-0.98;0.73;0.55;0.43;0.21;-0.07;-0.98;-0.06;-0.67;-0.73;0.03;-0.90;0.43;0.30;-0.37;-0.30;-0.31;-0.21;-0.94;0.43;-0.55;0.30;-0.16;0.44;-0.86;-0.24;0.73;1.95;0.33;0.53;0.77;
-0.49;-0.18;0.37;-0.16;-0.03;-0.98;0.49;0.18;0.30;0.21;-0.08;-0.98;-0.12;-0.49;-0.79;0.03;-0.90;0.42;0.55;-0.73;0.24;-0.31;-0.21;-0.93;0.18;-0.24;0.24;-0.16;0.44;-0.85;-0.24;1.16;1.28;0.33;0.52;0.77;
-0.06;-0.49;-0.18;-0.15;-0.03;-0.98;0.49;0.43;-0.06;0.22;-0.07;-0.97;-0.06;-0.85;-0.91;0.03;-0.91;0.42;0.06;-0.67;0.18;-0.31;-0.22;-0.92;0.37;-0.30;0.49;-0.15;0.45;-0.85;-0.30;0.55;1.89;0.33;0.54;0.77;
-0.30;-0.06;0.18;-0.16;-0.02;-0.98;0.37;-0.12;-0.12;0.22;-0.07;-0.98;-0.55;-0.61;-1.22;0.03;-0.90;0.42;0.30;-0.61;0.12;-0.31;-0.21;-0.93;0.30;-0.24;0.37;-0.16;0.45;-0.85;-0.18;0.73;1.59;0.32;0.54;0.78;
-0.79;0.43;-0.06;-0.16;-0.03;-0.98;0.61;0.30;-0.12;0.22;-0.07;-0.97;-0.18;-0.91;-1.04;0.03;-0.91;0.42;0.24;-0.24;0.12;-0.30;-0.22;-0.93;0.30;-0.30;0.24;-0.15;0.44;-0.85;-0.43;0.55;1.22;0.33;0.53;0.77;
-0.24;-0.18;0.12;-0.17;-0.03;-0.99;0.67;0.18;0.24;0.22;-0.07;-0.98;-0.06;-0.06;-0.85;0.03;-0.90;0.42;0.61;-0.18;0.00;-0.30;-0.21;-0.93;0.18;-0.67;0.49;-0.16;0.45;-0.85;-0.73;0.37;1.59;0.33;0.53;0.77;
-0.30;-0.18;0.12;-0.17;-0.02;-0.98;0.73;0.61;0.18;0.22;-0.08;-0.96;0.18;-0.30;-1.28;0.03;-0.91;0.43;0.73;-0.06;0.06;-0.31;-0.20;-0.94;0.37;-0.37;0.24;-0.16;0.45;-0.85;-0.18;0.43;1.59;0.33;0.54;0.78;10.91;-544.82;567.80;2.00;2.00;2.00;0.43;0.61;-0.55;0.82;-0.48;0.27;
-0.30;-0.49;0.06;-0.16;-0.02;-0.98;0.06;0.06;0.12;0.22;-0.07;-0.97;-0.12;0.30;-0.49;0.03;-0.90;0.42;0.43;-0.49;-0.12;-0.31;-0.22;-0.92;0.12;-0.06;0.49;-0.15;0.45;-0.86;-0.43;1.10;1.22;0.33;0.53;0.78;
-0.18;-0.24;-0.06;-0.16;-0.02;-0.98;0.24;0.37;0.06;0.22;-0.07;-0.97;-0.06;-0.30;-0.67;0.03;-0.90;0.43;-0.06;-0.18;0.06;-0.31;-0.22;-0.94;0.24;-0.24;0.37;-0.16;0.45;-0.85;0.18;0.85;1.22;0.33;0.53;0.78;
-0.30;-0.37;-0.24;-0.16;-0.01;-0.98;-0.12;-0.06;-0.18;0.22;-0.07;-0.97;0.73;-0.55;-0.98;0.03;-0.90;0.42;0.91;-0.73;-0.37;-0.30;-0.21;-0.93;0.18;-0.49;0.06;-0.16;0.45;-0.86;-0.24;0.73;1.77;0.33;0.52;0.78;
-0.06;0.00;0.24;-0.16;-0.02;-0.98;0.24;0.12;0.24;0.22;-0.07;-0.98;0.18;0.00;-0.55;0.03;-0.91;0.43;0.18;-0.79;0.00;-0.31;-0.21;-0.93;-0.06;-0.61;-0.12;-0.15;0.44;-0.85;-0.43;0.91;2.07;0.33;0.54;0.78;
-0.37;0.43;-0.06;-0.16;-0.02;-0.98;0.37;-0.06;0.12;0.22;-0.07;-0.97;0.43;-0.24;-0.73;0.03;-0.90;0.42;0.61;-0.06;0.37;-0.31;-0.21;-0.94;0.00;-0.43;-0.37;-0.16;0.45;-0.85;-0.30;0.49;1.04;0.33;0.53;0.77;-85.91;-101.89;-209.33;0.99;2.00;-1.81;0.18;0.30;-0.18;0.81;-0.48;0.31;
0.18;-0.49;0.00;-0.15;-0.02;-0.98;0.61;0.12;0.30;0.22;-0.07;-0.98;0.55;-0.30;-1.28;0.03;-0.90;0.43;0.55;-0.73;0.12;-0.31;-0.21;-0.93;0.30;-0.61;0.18;-0.16;0.45;-0.85;-0.30;0.85;2.01;0.33;0.54;0.78;108.29;-460.67;54.39;1.21;0.74;2.00;0.06;1.16;-0.67;0.80;-0.48;0.31;
-0.18;-0.24;0.06;-0.16;-0.02;-0.98;0.00;0.00;-0.18;0.22;-0.07;-0.97;-0.06;-0.18;-0.91;0.04;-0.90;0.44;0.43;-0.55;0.24;-0.31;-0.21;-0.93;0.37;-0.43;0.61;-0.15;0.45;-0.86;0.61;0.55;1.46;0.32;0.53;0.77;
-0.06;-0.61;-0.18;-0.16;-0.03;-0.98;0.12;-0.18;0.12;0.22;-0.07;-0.97;0.12;-0.24;-1.40;0.03;-0.91;0.43;0.61;-0.67;-0.18;-0.32;-0.21;-0.93;0.49;-0.43;0.30;-0.16;0.45;-0.85;-0.79;0.49;1.10;0.32;0.53;0.78;
0.61;-0.06;0.00;-0.16;-0.02;-0.99;0.61;0.18;0.49;0.22;-0.07;-0.96;-0.12;-0.55;-0.91;0.03;-0.90;0.43;0.18;-0.61;0.06;-0.31;-0.22;-0.92;0.30;-0.37;0.24;-0.16;0.44;-0.86;-0.30;0.73;1.34;0.33;0.53;0.77;
-0.12;-0.30;-0.37;-0.16;-0.03;-0.97;0.24;0.24;0.37;0.22;-0.07;-0.96;0.00;-0.61;-1.16;0.03;-0.91;0.43;0.37;-0.49;-0.06;-0.31;-0.21;-0.93;0.24;-0.37;0.55;-0.16;0.45;-0.86;-0.24;0.79;1.59;0.32;0.53;0.77;
-0.12;-0.30;0.24;-0.17;-0.03;-0.99;0.00;0.12;0.30;0.22;-0.07;-0.97;0.18;-0.91;-0.43;0.04;-0.90;0.43;0.12;0.00;0.18;-0.30;-0.21;-0.93;0.37;-0.30;0.18;-0.14;0.45;-0.85;-0.06;0.73;1.71;0.32;0.52;0.77;-27.26;-376.71;488.17;2.00;2.00;2.00;1.52;8.17;5.30;0.81;-0.47;0.32;
-0.30;-0.37;0.12;-0.16;-0.02;-0.99;0.55;0.37;0.18;0.21;-0.07;-0.97;0.43;-0.24;-0.98;0.03;-0.90;0.43;-0.12;0.06;-0.18;-0.32;-0.22;-0.93;0.43;-0.06;-0.06;-0.16;0.44;-0.86;-0.37;0.79;1.34;0.33;0.53;0.77;735.12;13.17;-994.76;-0.77;-2.00;-2.00;0.24;0.49;-0.24;0.80;-0.48;0.35;
-0.30;-0.18;0.37;-0.17;-0.02;-0.98;0.12;0.06;-0.24;0.23;-0.07;-0.98;0.37;-0.43;-1.28;0.04;-0.90;0.42;0.55;-0.24;-0.06;-0.30;-0.22;-0.92;0.61;-0.06;0.18;-0.15;0.45;-0.85;-0.67;0.67;1.52;0.32;0.53;0.78;-105.79;348.17;-190.37;-0.85;0.12;-0.67;0.12;0.61;-0.06;0.79;-0.48;0.34;
0.24;-0.67;0.18;-0.16;-0.02;-0.99;0.43;0.00;0.12;0.21;-0.07;-0.97;0.00;-0.30;-1.22;0.03;-0.90;0.43;0.49;-0.18;-0.24;-0.31;-0.21;-0.93;0.00;-0.18;0.00;-0.16;0.45;-0.85;-0.98;0.49;1.46;0.33;0.54;0.78;733.78;-510.37;-67.07;2.00;0.51;2.00;0.24;1.71;0.49;0.81;-0.52;0.33;
-0.37;-0.24;0.00;-0.16;-0.03;-0.98;0.37;0.43;0.37;0.22;-0.07;-0.97;-0.12;-1.04;-0.98;0.03;-0.91;0.42;0.30;-0.24;-0.18;-0.31;-0.22;-0.93;0.18;-0.49;-0.06;-0.16;0.45;-0.85;-0.18;0.49;1.40;0.33;0.52;0.78;
-0.67;-0.18;-0.18;-0.15;-0.02;-0.98;66.71;37.56;33.78;-0.72;-2.00;-0.83;-2.93;-1.46;0.24;0.04;-0.90;0.42;2.62;-1.89;-0.85;-0.31;-0.21;-0.91;0.61;-1.28;0.55;-0.16;0.44;-0.86;1.04;0.00;1.04;0.33;0.54;0.76;
-0.85;-1.89;0.06;-0.14;-0.02;-0.99;74.51;-189.33;-131.52;0.19;-0.81;-0.12;1.65;-0.73;-2.56;0.03;-0.90;0.41;0.61;-0.85;-0.06;-0.31;-0.21;-0.92;0.18;-0.43;0.37;-0.16;0.45;-0.86;-0.30;1.22;2.38;0.32;0.53;0.78;-0.18;-0.30;1.34;-0.27;0.07;-0.94;0.18;0.24;-0.55;0.78;-0.49;0.34;
-0.73;-7.01;0.12;-0.15;-0.03;-0.98;144.45;173.72;19.33;0.28;0.23;-0.71;-1.77;-0.18;0.43;0.03;-0.90;0.43;-0.43;-0.24;0.06;-0.31;-0.21;-0.94;0.85;1.59;3.35;-0.15;0.44;-0.86;-17.38;3.66;7.38;0.34;0.52;0.83;
-0.12;4.02;0.18;-0.15;-0.02;-0.99;-58.96;35.67;-259.02;1.07;-2.00;1.60;-0.30;-0.12;-1.16;0.04;-0.89;0.43;0.91;-1.59;-0.24;-0.32;-0.21;-0.95;0.18;-0.79;-0.18;-0.15;0.45;-0.86;-4.76;2.07;2.50;0.32;0.57;0.74;
-0.24;-0.55;-0.12;-0.14;-0.02;-0.98;-93.90;-40.91;149.94;0.37;-1.37;-0.08;2.26;-0.91;-2.20;0.03;-0.90;0.42;1.10;-0.98;-0.30;-0.30;-0.21;-0.93;0.43;-0.79;0.18;-0.16;0.44;-0.85;-9.51;1.52;4.45;0.33;0.55;0.77;
-0.06;1.59;0.43;-0.15;-0.02;-0.99;0.49;-55.12;-94.39;0.57;-1.31;-1.18;0.18;-0.43;-1.10;0.03;-0.91;0.42;-0.67;-0.24;0.18;-0.31;-0.21;-0.92;0.00;-0.73;0.30;-0.16;0.45;-0.85;-2.13;1.77;1.89;0.33;0.56;0.75;-0.43;-0.06;-0.12;-0.26;0.08;-0.97;0.49;0.49;-0.06;0.77;-0.48;0.36;
0.06;-1.16;0.18;-0.15;-0.03;-0.98;-39.82;9.63;51.34;0.82;-0.98;-1.07;1.22;-0.37;-1.04;0.03;-0.90;0.43;0.79;-0.30;0.30;-0.30;-0.21;-0.93;0.30;0.06;0.24;-0.15;0.44;-0.85;-1.52;0.98;1.83;0.33;0.56;0.75;0.18;0.06;-0.18;-0.26;0.07;-0.96;0.06;-0.30;-0.79;0.78;-0.49;0.36;
-0.61;-0.06;-0.43;-0.15;-0.02;-0.98;9.09;103.48;124.45;0.62;0.67;-1.00;0.91;-0.55;-1.77;0.03;-0.90;0.42;0.37;-0.85;0.06;-0.31;-0.22;-0.93;0.24;-0.24;0.43;-0.16;0.44;-0.86;-0.55;0.73;1.46;0.33;0.56;0.75;
-0.55;-5.24;0.00;-0.16;-0.03;-0.99;-64.63;156.71;156.95;0.06;-2.00;0.38;0.12;-0.67;-1.46;0.03;-0.90;0.42;-0.37;0.18;0.49;-0.31;-0.21;-0.93;-0.30;-0.24;0.18;-0.16;0.44;-0.85;-4.39;2.44;3.05;0.34;0.56;0.76;0.37;0.00;0.18;-0.25;0.08;-0.95;0.49;-0.30;-0.12;0.79;-0.49;0.35;
-0.06;6.04;0.06;-0.15;-0.02;-0.95;173.72;-372.74;-812.13;2.00;-1.52;0.84;-1.77;2.20;-1.04;0.03;-0.90;0.41;-3.84;-0.43;1.89;-0.30;-0.21;-0.95;0.06;-2.68;-0.67;-0.18;0.43;-0.84;-10.00;2.93;2.50;0.37;0.54;0.70;
-0.37;0.49;1.83;-0.15;-0.02;-0.97;367.20;636.10;449.57;1.23;-2.00;-2.00;-1.71;0.79;-1.10;0.02;-0.90;0.42;1.16;-0.79;-0.43;-0.31;-0.21;-0.94;0.30;0.06;0.24;-0.16;0.45;-0.85;-0.73;1.04;1.52;0.33;0.55;0.76;
-0.55;-4.15;0.61;-0.15;-0.02;-1.00;80.30;-377.99;-108.96;0.98;-0.41;-1.32;0.37;0.00;-0.79;0.03;-0.89;0.43;0.73;-0.98;0.00;-0.32;-0.21;-0.94;0.37;0.12;0.79;-0.16;0.44;-0.85;0.85;-0.49;1.52;0.34;0.56;0.78;
0.06;-2.07;0.18;-0.14;-0.02;-0.98;-25.30;-34.94;-77.32;0.56;-0.54;-0.74;2.07;-0.79;-1.40;0.03;-0.90;0.42;2.01;-1.28;-0.67;-0.31;-0.21;-0.93;0.37;-0.18;0.12;-0.16;0.45;-0.85;-0.18;0.91;1.16;0.33;0.55;0.75;0.00;0.06;-0.49;-0.27;0.08;-0.97;0.67;-0.06;-0.55;0.78;-0.50;0.35;
-0.67;-0.67;0.30;-0.15;-0.02;-0.99;69.09;-22.01;80.67;0.04;-0.54;-0.87;-0.61;-0.18;-1.10;0.03;-0.89;0.43;0.49;-0.37;-0.12;-0.31;-0.21;-0.93;0.18;0.12;0.00;-0.16;0.45;-0.85;0.24;0.79;1.28;0.33;0.56;0.76;
-0.24;-0.61;0.49;-0.15;-0.02;-0.99;-0.37;-0.67;-0.06;0.16;-0.03;-0.98;0.06;-0.49;-1.04;0.04;-0.91;0.43;0.18;-0.55;0.49;-0.31;-0.22;-0.93;0.24;-0.43;0.24;-0.16;0.44;-0.85;-0.18;0.85;1.52;0.34;0.56;0.76;0.30;0.00;-0.30;-0.26;0.07;-0.96;0.00;0.06;-0.18;0.78;-0.49;0.35;
-0.24;1.89;-0.61;-0.16;-0.02;-0.98;0.18;0.06;0.30;0.16;-0.02;-0.99;-0.37;-0.43;-2.01;0.03;-0.90;0.43;0.49;-0.24;0.00;-0.31;-0.21;-0.93;0.24;-0.37;-0.12;-0.16;0.45;-0.86;0.30;0.55;1.46;0.33;0.56;0.75;
-24.57;-4.21;-127.68;-0.33;-0.60;-0.89;15.18;-12.38;-108.78;0.63;-0.57;-1.07;-4.63;2.44;-0.67;0.01;-0.89;0.43;1.83;-1.71;-0.73;-0.31;-0.22;-0.93;-0.06;-1.77;-0.12;-0.16;0.43;-0.85;3.17;0.55;0.30;0.34;0.54;0.76;0.24;-0.18;-0.37;-0.27;0.08;-0.96;0.06;0.37;-0.30;0.78;-0.49;0.36;
19.70;-83.48;134.45;-0.17;0.25;-0.67;19.70;-0.12;7.01;0.24;-0.35;-0.63;-1.95;0.00;-0.06;0.03;-0.90;0.45;-0.73;0.67;0.67;-0.30;-0.21;-0.93;0.49;-0.18;0.30;-0.16;0.45;-0.86;12.68;-1.40;-3.29;0.32;0.57;0.73;
-74.39;-240.37;-101.04;-0.44;-1.04;-0.39;-99.09;-48.23;-30.24;0.34;-0.17;-0.89;-5.30;1.16;2.07;0.02;-0.89;0.42;2.01;-1.59;-1.34;-0.31;-0.21;-0.93;-0.24;-0.43;-0.49;-0.15;0.44;-0.86;-3.29;1.65;1.59;0.33;0.57;0.76;-0.24;0.12;-0.37;-0.27;0.08;-0.96;0.55;0.12;-0.43;0.78;-0.50;0.36;
52.74;201.89;88.66;-0.25;-0.73;-0.82;8.90;177.50;-4.57;0.35;0.07;-1.02;-1.28;0.18;-0.55;0.02;-0.90;0.43;1.10;-0.55;-0.24;-0.31;-0.21;-0.93;0.00;-0.61;-0.43;-0.16;0.44;-0.85;-21.89;2.62;7.87;0.33;0.57;0.73;
-30.06;30.06;-64.70;-0.56;0.38;-1.88;2.50;-51.40;-8.17;0.37;-0.03;-0.90;-1.52;0.12;-0.67;0.02;-0.89;0.43;0.43;-1.34;0.06;-0.31;-0.21;-0.93;0.12;-0.30;0.18;-0.16;0.44;-0.85;-2.80;0.98;2.50;0.33;0.56;0.75;
-165.37;-140.24;86.40;-0.26;-1.11;-0.83;93.17;41.59;9.88;0.30;-0.02;-0.97;1.77;-1.34;-2.74;0.02;-0.90;0.42;0.49;-0.30;0.24;-0.31;-0.21;-0.93;0.30;-0.30;0.43;-0.17;0.44;-0.84;0.61;0.12;1.46;0.33;0.56;0.76;0.30;0.43;0.24;-0.27;0.07;-0.97;0.12;0.30;-0.06;0.77;-0.49;0.36;
-126.89;-350.24;-620.55;0.16;0.65;-1.84;-17.07;-51.71;-20.30;0.25;0.07;-1.03;-3.35;0.61;0.98;0.02;-0.89;0.45;-0.12;-0.37;-0.18;-0.31;-0.21;-0.93;0.30;-0.37;0.12;-0.16;0.44;-0.85;-1.52;1.04;1.65;0.33;0.56;0.76;0.06;-0.18;0.43;-0.26;0.07;-0.96;-0.06;-0.06;-0.49;0.77;-0.49;0.36;
4.70;80.67;128.11;-0.11;-1.45;-0.50;4.57;15.91;0.91;0.24;0.08;-0.99;-3.23;0.55;0.73;0.02;-0.89;0.44;-0.18;-0.30;-0.12;-0.31;-0.21;-0.92;0.06;-0.12;-0.06;-0.16;0.45;-0.85;-0.73;0.55;1.59;0.33;0.56;0.76;-0.24;-0.06;-0.24;-0.26;0.08;-0.96;0.06;0.00;-0.43;0.77;-0.49;0.36;
26.22;80.12;315.18;-0.13;-0.79;-0.63;48.66;17.20;9.39;0.23;0.06;-0.98;-1.22;0.43;-0.55;0.02;-0.90;0.43;0.43;-0.12;0.37;-0.31;-0.21;-0.93;0.37;-0.43;0.43;-0.16;0.45;-0.85;-0.49;0.79;1.59;0.33;0.56;0.75;
31.28;98.90;89.63;-0.37;0.60;-1.23;-3.48;-6.16;-0.55;0.24;0.05;-1.00;-2.93;1.16;-1.28;0.01;-0.90;0.43;-0.12;-0.43;0.18;-0.31;-0.22;-0.92;0.12;-0.12;0.06;-0.16;0.44;-0.85;-0.18;0.98;1.46;0.33;0.56;0.77;
-107.13;-53.35;-103.17;-0.42;-1.43;-1.38;2.56;1.16;14.76;0.22;0.33;-0.83;7.01;-2.38;-5.73;0.03;-0.90;0.45;1.65;-0.91;-0.18;-0.31;-0.21;-0.92;-0.18;-0.37;0.12;-0.16;0.44;-0.84;-0.18;0.55;1.22;0.33;0.56;0.77;-0.18;0.37;-0.30;-0.25;0.08;-0.96;0.12;0.12;-0.43;0.77;-0.50;0.36;
-27.26;49.09;-10.98;-0.20;-0.03;-0.37;23.72;-37.13;5.30;0.19;0.15;-0.92;-2.62;0.67;-0.67;0.03;-0.90;0.44;0.49;-0.30;0.12;-0.31;-0.22;-0.93;0.30;-0.67;0.12;-0.16;0.44;-0.85;-0.43;0.55;1.71;0.33;0.56;0.76;
-27.80;79.82;51.46;-0.20;-0.88;-0.99;7.26;-0.98;0.85;0.12;-0.04;-0.98;-54.21;29.33;61.34;-0.28;-0.84;0.20;2.56;-0.98;-1.34;-0.31;-0.21;-0.96;-0.18;0.43;-0.49;-0.16;0.45;-0.85;-5.00;1.22;3.41;0.33;0.56;0.74;0.49;0.18;-0.49;-0.26;0.08;-0.96;0.61;0.30;-0.49;0.78;-0.49;0.35;
-0.73;-0.30;0.30;-0.09;-0.04;-1.00;0.00;0.18;-0.18;0.12;-0.05;-0.98;-0.24;0.06;-1.71;-0.00;-0.91;0.40;0.55;-0.43;0.00;-0.30;-0.22;-0.93;-0.12;-0.37;0.24;-0.16;0.45;-0.84;-0.18;1.16;1.10;0.33;0.56;0.76;0.49;0.18;-0.85;-0.26;0.07;-0.96;0.43;0.06;-0.61;0.78;-0.49;0.37;
-0.79;-0.85;0.06;-0.09;-0.04;-1.00;0.85;0.12;0.06;0.11;-0.06;-0.99;0.30;-0.55;-0.91;-0.00;-0.92;0.40;0.06;-0.61;0.00;-0.31;-0.21;-0.93;0.30;-0.73;-0.24;-0.17;0.46;-0.87;-1.77;1.10;2.44;0.33;0.55;0.74;0.12;1.22;0.43;-0.25;0.07;-0.94;0.49;0.06;-0.18;0.78;-0.49;0.37;
