-0.37;-0.24;-0.30;-0.12;-0.05;-0.98;0.61;0.24;0.06;0.15;0.07;-0.99;
-0.30;-0.12;0.55;-0.12;-0.05;-0.99;0.67;0.37;0.37;0.14;0.07;-0.99;
-0.43;-0.18;-0.37;-0.11;-0.05;-0.99;0.85;0.43;-0.06;0.14;0.07;-0.99;
-0.24;-0.67;-0.06;-0.11;-0.05;-0.99;0.43;0.24;0.49;0.14;0.07;-0.99;
-0.79;-0.24;0.18;-0.11;-0.04;-0.98;0.79;-0.24;-0.37;0.15;0.06;-0.98;
-0.55;0.12;0.24;-0.12;-0.05;-0.98;0.37;0.12;-0.12;0.15;0.07;-0.99;
-0.18;-0.49;-0.06;-0.11;-0.05;-0.98;0.12;-0.06;0.06;0.14;0.06;-0.99;
-0.37;-0.18;0.06;-0.11;-0.06;-0.98;0.12;-0.37;0.24;0.14;0.06;-0.99;
-0.06;-0.61;0.06;-0.12;-0.06;-0.99;-0.12;-0.12;0.55;0.14;0.06;-0.98;
-0.67;0.18;0.12;-0.11;-0.06;-0.99;0.49;0.55;0.30;0.14;0.06;-0.99;
-0.79;0.00;-0.06;-0.12;-0.04;-1.00;0.37;-0.30;0.24;0.15;0.07;-0.98;
-0.12;-0.49;0.30;-0.12;-0.05;-0.99;0.73;0.55;0.12;0.14;0.07;-0.99;
-0.06;-0.06;0.06;-0.11;-0.05;-0.99;0.06;0.06;0.00;0.14;0.07;-0.99;
-0.73;0.61;-0.24;-0.10;-0.05;-0.99;0.30;0.06;0.67;0.14;0.07;-0.99;
-0.49;0.18;0.37;-0.11;-0.05;-0.99;0.49;0.37;0.24;0.14;0.06;-0.98;
-0.30;-0.18;0.18;-0.11;-0.05;-0.99;0.30;0.06;0.12;0.14;0.06;-0.99;
-0.43;-0.55;0.43;-0.11;-0.05;-0.98;1.10;0.30;0.55;0.14;0.06;-0.99;
-0.18;-0.30;0.00;-0.11;-0.05;-0.99;0.37;0.24;0.37;0.14;0.06;-0.99;
-0.37;-0.43;-0.06;-0.12;-0.05;-0.99;0.06;0.30;0.00;0.14;0.07;-1.00;
-0.12;-0.18;0.24;-0.12;-0.05;-0.99;-48.84;15.37;-31.16;0.24;0.44;-1.01;
13.29;-24.39;-41.22;-0.16;-0.16;-1.25;20.91;21.16;2.44;0.14;0.06;-0.95;
-25.55;-167.32;69.70;-0.05;-0.37;-1.27;-91.16;-77.87;-31.77;0.24;-0.00;-0.77;
62.87;78.23;-43.48;-0.59;-0.30;-0.04;-17.13;-6.71;5.85;0.20;0.05;-0.94;
65.85;64.70;75.91;-0.78;-0.40;-0.47;0.85;9.33;13.54;0.20;0.02;-0.99;
45.55;45.73;60.55;-0.50;-1.14;-0.34;37.38;25.79;5.85;0.17;0.05;-0.99;
44.09;107.13;130.49;-0.45;-0.60;-0.44;-0.98;5.55;0.24;0.21;0.06;-0.97;
34.57;65.49;171.40;-0.58;-1.03;-0.25;18.54;26.16;3.60;0.19;0.04;-0.99;
26.46;-40.85;45.24;-0.40;-1.01;0.40;-8.54;-3.60;0.06;0.21;0.02;-1.00;
-42.01;-48.96;7.07;-0.70;-0.00;-1.18;0.12;-2.99;0.24;0.19;0.05;-0.95;
198.84;253.96;569.15;-0.14;0.12;-1.07;29.15;27.74;-3.90;0.22;0.05;-1.02;
-80.18;-101.10;-41.89;-0.69;-0.31;-1.13;-3.96;-6.77;-1.59;0.17;0.06;-0.98;
-52.01;-47.20;24.09;-0.65;-0.36;-0.87;38.48;18.96;18.29;0.16;0.02;-0.96;
-31.59;-28.05;2.56;-0.62;-0.03;-0.71;-29.57;-52.44;-1.77;0.19;0.07;-1.06;
-125.91;-183.66;-425.55;-0.11;-2.00;-0.17;13.23;7.99;3.23;0.17;0.13;-1.07;
71.52;33.66;203.66;-0.58;-1.45;-0.39;12.62;30.61;1.71;0.15;0.08;-0.99;
89.57;116.95;337.62;-0.74;-0.93;-0.21;2.99;22.87;1.89;0.14;0.09;-0.95;
-7.93;7.01;-16.16;-0.65;0.21;-1.16;-7.99;-10.98;-2.44;0.15;0.06;-1.01;
92.50;-176.28;-163.11;-0.44;2.00;-2.00;-67.32;-75.55;-9.09;0.16;0.04;-1.09;
26.52;-48.72;-54.27;-0.44;-1.42;0.18;-2.80;-7.56;-0.49;0.11;0.05;-0.99;
44.02;90.85;162.07;-0.63;-0.95;-0.35;19.70;26.40;0.67;0.12;0.10;-0.95;
159.88;321.16;293.84;-0.28;0.27;-0.68;19.45;23.41;0.30;0.17;0.07;-1.02;
-191.34;-430.85;-521.59;0.19;-1.41;-0.21;-0.67;-6.89;0.18;0.12;0.05;-0.97;
106.28;199.88;448.84;-0.30;0.37;-0.30;5.24;8.11;2.13;0.18;0.03;-1.01;
-98.48;-181.89;-80.85;-0.53;-0.32;-1.14;-35.43;-63.29;-36.40;0.43;-0.10;-1.04;
288.78;342.80;260.85;-0.33;1.12;-0.82;-25.12;-15.55;11.22;0.20;-0.01;-0.95;
229.09;-36.10;-42.32;-0.03;-0.74;-1.18;-44.21;-43.48;-10.30;0.22;0.01;-1.00;
-3.23;1.65;2.26;-0.11;-0.05;-0.99;7.80;4.51;0.98;0.13;0.06;-0.98;
55.43;-0.85;-14.94;-0.10;-0.06;-1.02;-230.67;-66.16;-46.59;-0.02;0.64;-0.39;
-3.54;-0.79;1.04;-0.10;-0.05;-0.99;-23.90;37.38;56.89;0.10;0.04;-0.95;
-2.13;0.67;-1.71;-0.12;-0.05;-1.00;-42.20;178.23;-3.84;0.23;-1.11;-0.18;
-0.43;-0.18;0.00;-0.09;-0.04;-1.00;-26.95;59.45;20.67;0.32;-0.09;-0.60;
-0.24;-0.24;-0.12;-0.10;-0.05;-0.99;44.88;-52.38;144.09;0.40;-0.35;-0.38;
-0.12;-0.30;0.30;-0.10;-0.05;-0.98;127.56;30.06;-146.40;-0.04;-0.87;-0.63;
0.55;-0.37;0.18;-0.10;-0.04;-0.98;-2.62;-21.04;-15.91;-0.17;-0.74;-0.53;
-0.79;-0.06;-0.06;-0.10;-0.04;-1.00;-11.89;-23.72;-22.32;-0.17;-0.59;-0.65;
0.37;0.00;-0.49;-0.10;-0.05;-1.00;-14.88;-36.71;-45.67;-0.13;-1.01;-0.44;
-0.49;-0.73;-0.12;-0.09;-0.03;-0.99;44.09;310.67;429.27;0.17;-0.76;-0.76;
0.00;-0.67;-0.24;-0.09;-0.04;-0.99;-32.62;-381.83;-574.88;0.39;-0.27;-0.97;
-0.30;-0.43;0.06;-0.09;-0.05;-1.00;-3.96;-31.46;-39.27;0.05;-0.84;-0.67;
-0.06;-0.18;0.00;-0.10;-0.04;-0.98;56.89;391.10;434.76;0.31;-0.80;-0.59;
-0.30;0.30;0.12;-0.10;-0.04;-0.99;-3.54;33.90;52.32;0.17;-0.31;-1.25;
-0.37;0.00;-0.18;-0.10;-0.05;-0.98;0.00;-93.66;-89.39;-0.07;-1.13;-0.24;
-0.67;-0.61;-0.06;-0.09;-0.05;-1.00;-1.71;21.22;52.01;-0.07;-0.85;-0.57;
-0.24;0.37;-0.12;-0.10;-0.05;-0.99;48.17;126.22;76.77;0.19;-0.44;-1.37;
-0.30;-0.43;0.24;-0.10;-0.04;-1.00;-15.73;-183.11;-181.40;-0.08;-1.24;-0.12;
-0.43;0.43;0.00;-0.10;-0.05;-1.00;6.83;228.54;211.83;-0.03;-1.05;-0.27;
-0.24;-0.06;0.49;-0.09;-0.04;-1.00;-13.35;-138.17;-147.13;-0.03;-0.84;-0.49;
-0.18;-0.49;-0.24;-0.10;-0.04;-0.99;43.78;222.01;174.15;0.33;0.05;-2.00;
0.06;-0.67;0.12;-0.09;-0.04;-0.99;16.71;-152.32;-128.11;-0.02;-1.18;-0.30;
-0.61;-0.43;0.30;-0.09;-0.04;-0.99;-9.88;-19.33;-5.00;0.27;0.17;-1.77;
0.18;-0.30;0.43;-0.09;-0.05;-1.00;2.62;44.94;-125.00;0.36;-0.22;-0.26;
13.66;-12.74;21.59;-0.28;-0.15;-0.92;-66.59;77.68;59.15;-0.02;0.08;0.22;
-1.95;-0.30;0.12;-0.10;-0.05;-0.99;0.12;0.12;3.17;0.16;0.02;-1.00;
1.46;0.18;-0.30;-0.11;-0.06;-0.98;0.55;0.55;0.49;0.14;0.02;-0.99;
131.59;-107.13;-63.78;-0.39;-0.53;-0.58;3.84;19.63;16.95;0.36;0.03;-0.97;
43.05;34.51;-21.65;-0.26;-1.14;-0.83;-13.60;-7.50;4.09;0.31;-0.01;-0.97;
-325.00;-344.63;-347.68;-0.17;0.30;-1.16;17.56;9.94;5.98;0.23;-0.00;-0.92;
72.38;111.65;64.57;-0.49;-0.56;-0.69;-3.96;-18.11;8.11;0.27;0.02;-0.95;
145.85;138.84;88.72;-0.54;-0.59;-0.87;-5.37;11.04;-2.74;0.27;-0.01;-0.93;
-111.59;-184.33;-164.45;-0.28;-1.18;-0.48;0.06;10.43;-18.41;0.29;0.00;-0.98;
-19.63;-42.44;-41.71;-0.44;-0.77;-0.45;1.10;-1.46;-0.79;0.30;-0.02;-0.94;
31.71;39.39;17.62;-0.46;-0.75;-0.48;2.68;2.26;-0.06;0.30;-0.01;-0.95;
69.57;113.60;71.10;-0.45;-0.86;-0.43;1.95;-5.67;-2.26;0.30;-0.01;-0.95;
135.18;208.41;180.49;-0.43;-0.57;-0.76;0.12;-11.34;-0.43;0.31;-0.01;-0.95;
-25.06;-30.73;-14.70;-0.61;-0.30;-0.93;0.24;3.54;0.12;0.30;-0.01;-0.93;
-96.77;-181.16;-119.02;-0.43;-1.10;-0.16;1.34;11.71;1.65;0.32;-0.00;-0.93;
44.63;66.71;43.29;-0.57;-0.68;-0.47;-3.17;-12.38;4.57;0.25;0.02;-0.94;
188.35;282.87;249.09;-0.41;-0.14;-0.87;0.43;-5.18;2.68;0.27;-0.01;-0.96;
-173.29;-270.12;-239.94;-0.46;0.08;-1.34;-1.34;7.07;6.28;0.30;-0.01;-0.95;
-196.40;-315.12;-224.88;-0.40;-0.57;-0.81;-2.13;-12.99;-2.38;0.27;-0.07;-0.95;
125.55;201.10;131.52;-0.40;-1.11;-0.08;0.18;-13.23;-2.44;0.30;-0.01;-0.96;
-89.15;-130.79;-75.55;-0.69;0.27;-1.50;0.00;3.41;2.62;0.29;-0.01;-0.94;
-96.22;-183.60;-121.83;-0.44;-0.86;-0.27;0.43;13.90;2.44;0.29;-0.02;-0.95;
131.77;238.72;173.84;-0.36;-1.12;-0.16;0.73;-10.73;-2.26;0.30;-0.01;-0.95;
-93.48;-167.44;-99.70;-0.70;0.39;-1.71;0.49;5.18;1.83;0.29;-0.01;-0.94;
-82.38;-148.84;-95.98;-0.47;-0.84;-0.24;0.30;9.21;0.79;0.30;-0.01;-0.94;
203.60;353.72;268.23;-0.15;-1.25;-0.04;-11.83;-33.05;-7.50;0.24;-0.02;-0.99;
30.61;53.72;14.51;-0.58;-0.25;-1.17;0.24;0.18;1.89;0.27;-0.01;-0.96;
-193.41;-303.29;-243.90;-0.23;-1.42;-0.01;0.24;11.77;1.28;0.26;0.01;-0.94;
42.07;47.38;32.01;-0.51;-0.77;-0.36;0.73;6.46;-1.22;0.28;-0.01;-0.95;
100.12;146.59;118.35;-0.53;-0.75;-0.41;2.07;0.24;-6.22;0.28;-0.03;-0.95;
37.87;48.17;17.01;-0.46;-0.63;-0.63;17.32;7.80;0.24;0.25;-0.01;-0.95;
-40.79;167.44;502.68;-0.04;-1.09;-0.84;28.72;43.05;1.52;0.15;0.08;-1.01;
-11.95;188.48;65.91;-0.32;-0.72;-1.15;0.37;3.17;0.91;0.14;0.09;-0.97;
11.28;-10.85;-35.43;-0.11;-0.07;-0.60;44.09;28.78;1.28;0.11;0.14;-0.99;
-0.79;-3.66;-3.11;-0.11;-0.09;-0.99;1.10;0.67;0.61;0.10;0.08;-0.99;
6.95;-1.40;-1.89;-0.11;-0.08;-0.98;-9.57;9.94;30.49;0.02;0.12;-1.19;
0.73;0.24;-0.06;-0.10;-0.08;-0.98;-94.09;-148.60;-10.30;-0.73;-0.99;-2.00;
1.52;-0.85;0.43;-0.11;-0.08;-0.99;63.54;60.12;-23.29;0.09;-0.74;-0.97;
-1.71;0.67;2.62;-0.11;-0.07;-1.00;-0.18;-6.28;40.43;0.05;-0.78;-0.97;
-0.18;-0.37;-0.43;-0.11;-0.08;-0.98;-17.93;57.50;185.00;-0.17;-0.72;-0.55;
-0.06;-0.73;-0.12;-0.10;-0.08;-0.98;6.46;55.79;37.20;-0.26;-0.53;-0.44;
-0.61;-0.24;0.00;-0.11;-0.08;-0.98;210.24;316.89;101.28;0.05;-0.55;-1.69;
0.73;-0.67;-0.24;-0.11;-0.07;-0.98;-31.10;66.16;129.82;0.03;-1.04;-0.53;
-0.67;-0.12;0.06;-0.11;-0.08;-0.98;23.66;271.34;398.96;0.28;-1.32;-0.26;
0.24;-0.12;0.43;-0.11;-0.08;-0.99;-18.11;-114.15;-174.94;0.20;-0.55;-0.90;
0.43;-0.30;-0.37;-0.11;-0.08;-0.99;11.16;-9.51;-40.49;0.32;-1.17;-0.57;
-0.18;-0.24;-0.12;-0.10;-0.07;-0.99;22.93;-39.09;-90.55;0.40;-0.36;-0.60;
0.43;0.61;-0.12;-0.10;-0.08;-0.98;-61.95;62.38;182.44;0.20;-0.64;-0.70;
1.16;-0.49;-0.18;-0.10;-0.09;-0.99;35.61;-86.04;-150.79;0.34;-0.99;-0.58;
-0.67;0.73;3.41;-0.10;-0.05;-0.99;-69.76;74.02;205.06;0.23;-0.78;-0.56;
-0.67;0.30;0.61;-0.11;-0.08;-0.98;83.48;-199.09;-346.46;0.46;-1.37;-0.49;
-0.06;-0.12;-0.30;-0.10;-0.08;-0.98;-77.93;-97.74;-26.52;0.49;-0.29;-0.91;
-2.56;0.18;0.67;-0.10;-0.07;-0.98;-400.12;-23.48;-142.20;0.13;0.11;-0.01;
-0.98;-0.37;0.30;-0.10;-0.09;-0.98;-3.17;-2.50;3.17;0.14;0.05;-0.99;
-54.02;-6.28;6.95;0.12;0.03;-0.83;2.07;-1.04;6.40;0.14;0.04;-0.98;
-1.40;1.52;0.85;-0.10;-0.08;-0.99;0.49;0.06;-0.06;0.15;0.05;-0.99;
-0.43;0.18;0.06;-0.10;-0.09;-0.98;1.83;0.73;0.30;0.14;0.05;-0.99;
-0.61;-0.49;0.67;-0.10;-0.09;-0.99;0.43;0.61;0.67;0.15;0.06;-0.98;
-0.18;-0.18;0.24;-0.10;-0.09;-0.99;1.34;-1.40;0.06;0.14;0.06;-0.96;
-0.30;-0.18;0.43;-0.10;-0.08;-0.98;0.30;0.43;0.49;0.14;0.05;-0.99;
-0.43;0.18;0.24;-0.11;-0.08;-0.99;0.67;0.55;0.49;0.14;0.05;-0.99;
-0.43;0.18;0.06;-0.10;-0.08;-0.99;0.00;0.24;0.18;0.15;0.05;-1.00;
-0.43;-0.37;-0.12;-0.10;-0.08;-0.98;0.43;-0.12;0.24;0.14;0.05;-0.99;
0.30;-0.12;-0.18;-0.11;-0.08;-0.98;0.37;0.06;-0.12;0.14;0.05;-0.99;
-0.12;-0.12;0.18;-0.10;-0.08;-0.99;-0.30;0.24;0.49;0.14;0.05;-0.98;
-0.61;-0.30;-0.30;-0.10;-0.10;-0.99;1.52;0.18;0.67;0.14;0.06;-0.99;
-0.12;-0.67;0.06;-0.10;-0.09;-0.99;0.18;-0.06;0.30;0.14;0.05;-0.99;
-0.06;-0.12;0.55;-0.11;-0.09;-0.98;0.24;0.12;0.06;0.14;0.06;-0.99;
0.00;0.43;0.43;-0.11;-0.09;-0.98;-0.12;0.18;-0.12;0.14;0.05;-0.98;
0.00;-0.06;-0.61;-0.10;-0.08;-0.99;0.79;0.00;0.37;0.14;0.05;-0.99;
-0.18;0.00;-0.30;-0.11;-0.09;-0.99;1.34;0.61;0.85;0.14;0.05;-0.99;
-0.61;-0.06;0.06;-0.10;-0.08;-0.98;0.49;0.30;0.43;0.15;0.06;-0.99;
-0.61;-0.06;0.18;-0.11;-0.08;-0.98;-0.24;0.06;0.18;0.15;0.06;-0.97;
-0.43;-0.06;0.30;-0.10;-0.09;-0.98;0.30;0.24;0.06;0.14;0.05;-0.99;
-0.30;-0.18;-0.30;-0.10;-0.08;-0.99;-0.30;0.06;0.12;0.14;0.05;-1.00;
-0.30;-0.18;0.12;-0.11;-0.09;-0.98;0.37;0.37;0.00;0.14;0.05;-1.00;
-0.30;0.06;0.00;-0.11;-0.08;-0.99;0.61;0.49;0.24;0.14;0.04;-0.99;
0.49;-0.37;-0.12;-0.10;-0.09;-1.00;0.91;0.24;0.30;0.15;0.06;-0.99;
-0.30;-0.18;0.30;-0.10;-0.09;-0.99;0.55;0.00;0.49;0.14;0.06;-0.98;
-1.28;-0.18;-0.12;-0.11;-0.08;-0.98;0.06;-0.06;0.00;0.15;0.06;-0.99;
-0.18;0.00;-0.18;-0.10;-0.09;-0.99;0.79;0.12;0.18;0.15;0.04;-0.99;
-0.24;-0.18;0.18;-0.11;-0.08;-0.98;0.18;0.06;0.24;0.15;0.06;-0.99;
0.24;-0.43;-0.06;-0.10;-0.08;-0.99;0.30;0.49;0.06;0.15;0.06;-0.99;
-0.73;-0.24;0.06;-0.10;-0.09;-0.98;0.43;0.49;0.00;0.14;0.05;-1.00;
-0.43;-0.55;0.49;-0.11;-0.09;-0.99;-0.12;0.37;0.24;0.13;0.05;-0.99;
-0.49;-0.06;0.00;-0.09;-0.09;-0.98;0.00;-0.12;0.12;0.14;0.05;-0.99;
-0.24;-0.79;-0.24;-0.10;-0.09;-0.98;0.43;0.12;0.30;0.15;0.05;-0.98;
-0.06;-0.24;-0.18;-0.10;-0.09;-0.99;0.49;0.24;0.24;0.14;0.06;-0.99;
-0.37;-0.43;0.24;-0.11;-0.09;-0.99;0.85;0.49;0.12;0.14;0.06;-0.98;
-0.06;-0.37;0.18;-0.10;-0.09;-0.98;0.73;0.67;0.18;0.14;0.05;-0.99;
-0.18;0.00;0.79;-0.11;-0.09;-0.99;0.30;0.18;0.12;0.15;0.05;-0.99;
-0.37;-0.43;0.37;-0.10;-0.09;-0.98;0.24;0.49;-0.37;0.14;0.05;-0.98;
0.12;-0.12;-0.12;-0.10;-0.08;-0.99;0.85;0.30;0.43;0.15;0.05;-1.00;
-1.04;0.00;0.61;-0.10;-0.09;-0.98;0.73;0.18;0.00;0.14;0.06;-0.98;
0.00;0.00;0.12;-0.10;-0.09;-0.98;0.37;0.18;0.06;0.14;0.05;-0.99;
-0.12;-0.37;0.00;-0.10;-0.09;-0.99;0.30;0.18;0.18;0.15;0.05;-0.98;
0.30;0.00;-0.61;-0.10;-0.08;-0.99;-0.06;0.24;-0.06;0.13;0.05;-0.99;
-0.18;-0.06;-0.18;-0.10;-0.09;-0.99;0.18;0.30;0.24;0.14;0.06;-0.99;
0.18;0.00;0.00;-0.10;-0.10;-0.98;0.37;0.18;0.49;0.14;0.05;-0.98;
-0.18;0.12;-0.55;-0.10;-0.09;-0.98;0.85;0.37;0.30;0.14;0.06;-0.99;
-0.18;-0.43;0.24;-0.10;-0.09;-0.98;0.37;0.12;0.12;0.15;0.05;-0.98;
-0.18;0.30;0.12;-0.10;-0.09;-0.98;0.18;0.30;0.37;0.15;0.05;-0.99;
0.00;-0.55;0.06;-0.10;-0.09;-0.99;0.37;0.12;0.61;0.14;0.06;-0.99;
0.00;-0.49;-0.12;-0.10;-0.08;-0.98;0.61;1.10;0.37;0.14;0.06;-0.99;
-0.49;-0.30;-0.18;-0.10;-0.08;-1.00;0.49;0.24;0.18;0.14;0.05;-0.98;
-0.18;-0.12;0.43;-0.09;-0.09;-0.99;1.22;0.55;0.18;0.15;0.05;-0.99;
2.74;-0.79;-0.30;-0.10;-0.09;-0.98;-0.43;0.55;0.18;0.13;0.05;-0.99;
-0.73;-0.12;0.37;-0.11;-0.09;-0.99;-1.28;0.91;0.55;0.15;0.05;-0.99;
0.00;-0.98;-0.43;-0.10;-0.08;-0.98;1.83;1.77;0.85;0.15;0.06;-1.00;
-0.91;-0.12;0.30;-0.10;-0.09;-0.98;1.22;0.30;0.43;0.14;0.06;-0.99;
-0.37;0.12;0.24;-0.10;-0.09;-0.99;0.79;0.73;0.00;0.15;0.05;-0.99;
0.06;-0.43;0.12;-0.10;-0.09;-0.99;0.37;0.18;0.61;0.14;0.05;-0.99;
-0.61;0.06;0.24;-0.10;-0.09;-0.98;0.61;0.61;0.49;0.15;0.05;-0.99;
0.43;-0.43;-0.12;-0.10;-0.09;-0.98;0.12;0.06;0.24;0.14;0.05;-0.99;
-0.61;-0.30;-0.18;-0.10;-0.09;-0.98;1.83;-0.30;0.06;0.15;0.05;-0.99;
0.00;0.00;0.12;-0.10;-0.10;-0.99;0.37;0.30;-0.12;0.14;0.05;-0.99;
-1.28;-0.61;0.30;-0.10;-0.08;-0.99;0.37;0.85;0.24;0.15;0.05;-0.98;
-0.61;-0.55;0.12;-0.10;-0.09;-0.98;0.24;0.18;0.55;0.14;0.05;-0.99;
-0.43;-0.49;-0.06;-0.11;-0.09;-1.00;0.24;0.30;0.43;0.14;0.05;-0.97;
-0.24;-0.06;0.18;-0.10;-0.09;-0.99;0.55;0.98;0.18;0.14;0.05;-0.98;
-0.37;-0.30;0.00;-0.10;-0.09;-0.98;0.61;0.49;0.18;0.14;0.05;-0.99;
-0.30;-0.18;0.12;-0.10;-0.09;-0.98;0.61;0.61;0.61;0.15;0.05;-0.99;
-0.06;-0.37;0.00;-0.10;-0.09;-0.99;0.43;0.49;0.37;0.14;0.04;-0.99;
0.49;0.06;-0.43;-0.10;-0.09;-0.99;0.00;0.37;0.24;0.15;0.05;-0.98;
-0.79;-0.18;0.37;-0.10;-0.08;-0.99;0.91;0.43;0.00;0.15;0.05;-1.00;
-0.55;-0.12;0.00;-0.10;-0.09;-0.98;0.55;0.37;0.49;0.14;0.05;-0.99;
-4.88;0.24;1.28;-0.10;-0.09;-1.00;3.90;0.73;-0.18;0.14;0.06;-1.00;
-0.61;0.06;-0.06;-0.10;-0.09;-1.00;0.67;0.18;0.18;0.15;0.06;-0.98;
-0.49;0.18;0.61;-0.09;-0.11;-0.94;-0.73;-0.37;-0.18;0.14;0.06;-0.98;
-0.12;-0.06;-0.06;-0.11;-0.09;-0.99;0.79;0.37;0.24;0.15;0.05;-0.99;
-1.89;0.00;0.85;-0.10;-0.09;-0.99;2.32;1.04;0.30;0.14;0.06;-0.98;
-0.43;-0.18;0.12;-0.10;-0.09;-0.98;0.06;0.37;0.12;0.15;0.06;-0.99;
-0.79;-0.37;0.06;-0.09;-0.09;-0.98;0.18;-0.61;-0.06;0.14;0.06;-0.99;
-0.55;0.12;-0.06;-0.10;-0.09;-0.98;0.43;-0.06;0.43;0.15;0.05;-0.98;
-0.49;0.18;0.06;-0.10;-0.09;-0.98;0.06;0.24;0.43;0.15;0.05;-0.99;
-0.30;-0.06;-0.06;-0.09;-0.09;-0.99;0.12;-0.30;0.18;0.14;0.05;-0.98;
-0.85;-0.18;0.43;-0.10;-0.09;-0.99;0.00;0.24;0.61;0.15;0.05;-0.98;
2.13;-0.98;-0.37;-0.10;-0.10;-0.97;-0.18;0.30;0.06;0.14;0.05;-0.99;
-0.67;-0.12;0.06;-0.10;-0.09;-0.99;0.55;0.49;0.61;0.15;0.05;-0.99;
-0.85;0.30;0.37;-0.10;-0.10;-0.98;0.37;0.00;0.06;0.14;0.05;-0.99;
-0.79;-0.49;-0.06;-0.10;-0.09;-0.99;0.61;0.30;0.18;0.15;0.05;-0.99;
-0.91;-0.55;0.24;-0.10;-0.09;-0.99;0.30;-0.18;0.24;0.15;0.05;-0.98;
4.45;-0.43;-0.43;-0.10;-0.09;-0.98;-0.67;-1.34;3.48;0.15;0.06;-0.98;
-0.67;0.06;0.06;-0.10;-0.09;-0.97;0.55;0.37;0.06;0.15;0.06;-0.99;
2.01;-0.24;0.30;-0.10;-0.08;-0.99;0.55;0.00;0.49;0.15;0.05;-0.99;
1.04;0.30;-0.06;-0.09;-0.10;-0.99;0.06;-0.37;0.06;0.14;0.05;-0.99;
-1.28;0.12;0.12;-0.09;-0.10;-0.99;2.50;0.85;-1.04;0.15;0.06;-0.99;
-0.06;1.22;-0.18;-0.09;-0.10;-1.01;0.30;-0.24;0.30;0.14;0.05;-0.99;
-3.23;-5.06;-5.18;0.00;-0.11;-0.94;-1.10;-0.12;-0.18;0.14;0.06;-0.98;
-0.24;-0.06;0.00;-0.10;-0.09;-0.99;0.00;-0.06;0.00;0.14;0.06;-0.99;
-0.55;0.18;0.00;-0.10;-0.10;-0.99;0.55;0.73;0.61;0.15;0.06;-0.99;
-0.67;-0.06;0.18;-0.09;-0.09;-0.99;0.43;0.43;0.24;0.14;0.05;-0.99;
-0.49;-0.18;-0.18;-0.10;-0.10;-0.99;-0.18;0.24;0.79;0.15;0.05;-0.99;
-0.98;-0.43;0.49;-0.10;-0.09;-0.99;-0.79;0.85;0.37;0.15;0.05;-0.99;
-3.05;-2.87;2.62;-0.11;-0.09;-1.02;0.79;0.55;0.12;0.14;0.05;-0.99;
-3.66;-1.46;1.77;-0.06;-0.03;-0.98;-0.18;0.67;1.52;0.14;0.05;-0.98;
-6.46;-6.10;-5.91;-0.10;-0.10;-1.04;7.68;3.23;2.07;0.15;0.03;-0.98;
-3.41;-7.38;11.40;-0.17;0.05;-1.02;1.10;0.61;6.89;0.15;0.04;-0.99;
0.55;-0.30;-0.06;-0.09;-0.09;-0.99;1.28;1.04;0.00;0.15;0.04;-0.99;
0.55;-0.30;-0.12;-0.09;-0.08;-0.99;0.12;0.12;0.37;0.15;0.03;-0.98;
-0.73;1.59;-0.61;-0.08;-0.12;-0.95;-2.13;-0.12;-0.06;0.14;0.04;-0.99;
-0.49;-0.12;0.12;-0.10;-0.09;-0.99;0.49;0.43;0.49;0.14;0.04;-0.99;
-0.73;-0.06;-0.06;-0.09;-0.09;-0.99;0.43;0.06;-0.37;0.15;0.04;-0.99;
0.12;-0.30;0.06;-0.10;-0.08;-0.98;1.22;0.24;0.06;0.15;0.04;-0.99;
0.18;-0.30;-0.12;-0.10;-0.08;-1.00;0.73;-0.06;0.18;0.15;0.04;-0.99;
0.24;-0.49;0.18;-0.10;-0.09;-0.99;0.61;0.30;0.55;0.16;0.04;-0.99;
-0.61;-2.62;1.10;-0.09;-0.08;-1.00;1.34;0.55;0.55;0.14;0.05;-0.98;
-0.73;-0.30;0.06;-0.11;-0.08;-0.99;0.24;-0.18;0.00;0.15;0.03;-0.98;
0.30;-0.18;-0.18;-0.10;-0.09;-0.99;0.37;0.37;0.12;0.15;0.04;-0.98;
-0.37;-0.18;-0.30;-0.10;-0.09;-0.99;-0.55;0.43;0.55;0.15;0.04;-0.99;
-0.37;0.37;0.24;-0.09;-0.08;-0.98;0.67;0.37;0.30;0.15;0.05;-0.99;
-0.43;0.00;0.85;-0.10;-0.08;-0.99;0.30;0.18;0.37;0.15;0.03;-0.99;
-0.37;0.00;0.73;-0.10;-0.09;-0.98;0.61;-0.24;0.18;0.15;0.03;-0.98;
0.12;-0.30;0.30;-0.10;-0.09;-0.98;0.06;0.30;0.24;0.15;0.04;-0.99;
-0.43;0.00;-0.18;-0.10;-0.09;-0.99;-0.18;0.12;0.24;0.15;0.04;-0.99;
-1.71;0.24;-0.30;-0.09;-0.08;-0.99;1.59;0.49;0.06;0.14;0.06;-1.00;
-0.85;0.06;-0.12;-0.10;-0.08;-0.99;0.85;-0.12;0.12;0.14;0.03;-0.99;
-0.37;-0.18;0.55;-0.10;-0.08;-0.99;0.98;-0.06;0.55;0.16;0.03;-0.99;
-0.79;-0.61;0.24;-0.10;-0.09;-0.99;0.30;-0.06;-0.24;0.15;0.04;-0.99;
-0.24;-0.24;0.00;-0.10;-0.08;-0.99;0.43;0.18;0.30;0.15;0.05;-0.99;
0.00;0.12;-0.49;-0.10;-0.09;-0.99;1.04;0.49;0.18;0.15;0.04;-0.99;
-0.18;-0.18;-0.06;-0.10;-0.08;-0.98;0.73;0.12;0.30;0.15;0.04;-0.99;
-0.79;-0.30;0.24;-0.10;-0.09;-0.99;0.55;0.00;0.55;0.15;0.05;-0.99;
0.12;-0.73;0.18;-0.10;-0.09;-0.99;1.95;0.55;0.49;0.15;0.03;-1.00;
-0.55;-0.12;0.12;-0.10;-0.08;-0.99;0.00;0.24;0.18;0.15;0.04;-0.98;
-0.24;-0.30;0.06;-0.10;-0.09;-0.98;0.00;0.30;-0.06;0.15;0.04;-1.00;
-0.61;-0.37;0.37;-0.10;-0.08;-0.99;0.30;0.18;0.24;0.14;0.04;-0.98;
-0.24;-0.61;-0.30;-0.09;-0.08;-0.98;0.06;0.24;-0.18;0.14;0.04;-0.98;
-0.37;0.18;0.30;-0.11;-0.09;-0.99;-0.30;0.30;0.00;0.15;0.04;-0.99;
-0.18;-0.37;0.00;-0.09;-0.09;-0.99;0.37;0.55;0.24;0.14;0.04;-0.98;
-0.55;0.06;0.18;-0.09;-0.08;-0.99;0.00;0.06;0.30;0.15;0.04;-0.98;
-0.43;0.49;0.06;-0.10;-0.09;-0.98;0.85;0.30;0.37;0.15;0.05;-0.98;
-0.06;-0.37;-0.18;-0.09;-0.08;-0.98;0.55;0.79;0.30;0.15;0.05;-0.99;
-0.37;-0.12;0.49;-0.09;-0.08;-0.99;0.24;0.37;0.24;0.15;0.04;-0.99;
-1.89;-2.68;1.95;-0.10;-0.03;-0.97;0.79;0.55;0.12;0.15;0.03;-0.98;
-2.50;0.37;0.67;-0.09;-0.08;-0.98;3.54;0.98;0.43;0.15;0.04;-0.98;
-0.55;0.00;0.24;-0.11;-0.08;-0.98;0.37;0.37;0.00;0.14;0.04;-0.99;
-0.06;-0.30;0.00;-0.10;-0.09;-0.98;0.06;0.12;0.00;0.15;0.04;-0.99;
0.18;-0.61;-0.30;-0.10;-0.08;-0.99;0.73;0.43;-0.18;0.15;0.04;-0.99;
0.79;-0.12;-0.43;-0.10;-0.08;-0.99;1.28;0.43;-0.30;0.15;0.04;-0.98;
-1.71;0.06;0.24;-0.10;-0.08;-0.99;0.30;0.79;0.00;0.16;0.03;-0.99;
0.06;0.55;-0.37;-0.10;-0.09;-0.98;0.12;0.24;-0.24;0.15;0.04;-0.99;
-0.85;0.12;0.37;-0.10;-0.09;-0.98;0.91;0.30;0.18;0.15;0.04;-0.99;
-0.98;0.06;0.12;-0.10;-0.08;-0.99;0.55;0.12;0.24;0.15;0.04;-0.99;
-0.37;0.12;0.37;-0.10;-0.09;-0.99;0.61;0.18;0.06;0.15;0.04;-0.98;
0.12;-0.24;-0.12;-0.10;-0.09;-0.99;0.30;0.24;0.06;0.15;0.04;-0.98;
-0.18;0.06;-0.06;-0.09;-0.09;-0.97;0.55;0.30;0.12;0.15;0.03;-0.99;
-0.85;-0.18;0.00;-0.09;-0.09;-0.98;0.12;0.55;-0.06;0.15;0.04;-0.99;
-0.06;0.12;-0.67;-0.09;-0.09;-0.99;0.91;0.18;0.61;0.15;0.03;-0.99;
-0.30;0.06;0.00;-0.09;-0.09;-0.99;0.49;0.43;0.12;0.15;0.03;-0.98;
-0.55;0.18;0.18;-0.09;-0.08;-0.98;-0.18;0.24;0.06;0.15;0.04;-0.99;
0.24;-0.55;-0.12;-0.09;-0.08;-0.99;1.04;0.55;0.18;0.16;0.04;-0.99;
0.49;-0.06;-0.73;-0.10;-0.08;-0.99;1.10;-0.24;0.61;0.15;0.03;-0.99;
0.37;-0.30;-0.06;-0.09;-0.08;-1.00;1.16;0.18;0.37;0.15;0.03;-0.98;
-0.61;-0.43;0.12;-0.10;-0.09;-0.98;2.74;0.79;0.61;0.15;0.03;-0.99;
-1.10;-0.12;0.49;-0.10;-0.10;-0.99;-0.12;0.18;0.12;0.15;0.03;-0.99;
-0.61;-0.37;0.00;-0.10;-0.09;-0.98;-0.24;0.06;-0.06;0.15;0.03;-0.99;
1.95;4.27;10.37;-0.10;-0.07;-1.00;4.63;1.16;0.24;0.15;0.04;-0.99;
1.46;-0.43;-0.24;-0.09;-0.08;-0.98;-0.12;0.37;-0.06;0.15;0.05;-1.00;
-2.01;0.30;0.49;-0.10;-0.09;-0.99;1.10;0.06;-0.18;0.15;0.04;-0.99;
-0.43;-0.18;0.24;-0.10;-0.09;-0.99;0.30;0.24;-0.12;0.15;0.04;-0.98;
-0.43;-0.24;0.37;-0.10;-0.09;-0.98;0.30;0.00;0.12;0.16;0.04;-0.99;
0.30;-0.18;0.18;-0.09;-0.09;-0.99;0.18;0.30;0.61;0.15;0.04;-0.99;
0.24;-0.18;-0.12;-0.10;-0.09;-0.98;-0.12;-0.37;0.43;0.16;0.05;-0.99;
-0.37;-0.43;0.24;-0.10;-0.08;-0.99;-0.30;0.37;0.18;0.15;0.05;-0.99;
0.12;-0.43;-0.37;-0.10;-0.08;-0.99;0.24;0.24;-0.55;0.15;0.04;-0.99;
-0.55;-0.37;0.18;-0.10;-0.09;-0.99;0.43;-0.12;-0.06;0.15;0.04;-0.99;
-0.49;-0.24;0.06;-0.09;-0.09;-0.97;0.43;0.43;-0.06;0.15;0.04;-0.99;
-0.06;-0.06;0.06;-0.09;-0.10;-0.99;0.73;0.61;0.37;0.15;0.05;-0.98;
-0.30;-0.30;-0.12;-0.10;-0.09;-0.99;0.06;0.37;0.24;0.15;0.03;-0.99;
-0.49;-0.06;0.18;-0.10;-0.08;-0.99;0.91;0.49;-0.30;0.15;0.04;-0.98;
-0.37;-0.12;-0.12;-0.09;-0.08;-0.98;0.12;0.06;-0.18;0.15;0.04;-0.99;
-0.12;-0.18;-1.04;-0.10;-0.08;-0.99;0.55;0.30;0.06;0.14;0.05;-0.99;
0.37;0.12;0.30;-0.10;-0.09;-0.99;0.49;0.37;0.43;0.15;0.04;-0.99;
-0.18;-0.18;0.00;-0.09;-0.09;-1.00;0.00;-0.18;0.18;0.15;0.04;-0.99;
-0.73;0.00;0.43;-0.09;-0.08;-0.98;-0.06;-0.49;-0.06;0.15;0.04;-0.99;
-0.91;-1.16;-0.24;-0.10;-0.09;-0.99;0.37;0.43;-0.12;0.14;0.04;-0.99;
-0.61;-0.24;-0.12;-0.10;-0.08;-0.98;0.55;0.30;0.18;0.15;0.04;-0.99;
0.18;-0.12;0.18;-0.09;-0.09;-0.98;0.49;0.61;0.24;0.15;0.04;-0.98;
-0.49;-0.30;-0.49;-0.10;-0.08;-0.98;0.49;0.18;0.18;0.15;0.04;-0.99;
-0.49;-0.18;0.37;-0.09;-0.08;-0.98;0.55;0.30;0.00;0.15;0.04;-0.99;
-0.37;-0.06;0.24;-0.10;-0.09;-0.99;0.61;0.30;0.37;0.15;0.04;-0.99;
0.00;-0.06;-0.24;-0.10;-0.08;-0.99;0.12;0.37;-0.43;0.14;0.05;-0.99;
-0.55;0.00;0.37;-0.10;-0.08;-0.99;0.49;0.06;0.43;0.15;0.04;-0.99;
0.24;-0.79;0.18;-0.09;-0.09;-0.99;0.55;-0.12;0.37;0.16;0.04;-0.99;
-0.37;-0.06;0.18;-0.10;-0.08;-0.98;1.16;0.73;0.73;0.14;0.04;-0.99;
-0.49;-0.06;0.12;-0.10;-0.08;-0.98;0.37;0.55;-0.18;0.15;0.04;-0.99;
-0.61;0.18;0.61;-0.11;-0.08;-0.98;0.79;0.73;0.49;0.15;0.05;-0.99;
-0.85;0.79;0.00;-0.09;-0.08;-0.99;0.55;-0.06;0.24;0.15;0.04;-0.99;
-0.18;-0.85;0.79;-0.09;-0.09;-0.99;1.22;0.30;0.18;0.15;0.04;-0.99;
-0.37;-0.12;0.12;-0.10;-0.08;-0.99;0.24;0.37;0.18;0.15;0.05;-0.99;
-0.30;-0.30;-0.30;-0.09;-0.09;-0.98;-0.12;0.37;0.12;0.14;0.04;-0.99;
-0.55;-0.06;0.37;-0.10;-0.08;-0.99;0.30;-0.06;0.18;0.15;0.04;-0.99;
-0.43;0.12;0.18;-0.10;-0.08;-0.99;0.43;0.12;0.61;0.14;0.04;-0.98;
-0.67;-0.18;0.12;-0.09;-0.08;-0.99;0.43;0.73;0.24;0.15;0.05;-0.99;
-0.24;-0.24;0.12;-0.09;-0.08;-0.99;-0.06;-0.55;0.00;0.15;0.04;-0.99;
0.12;-0.06;-0.24;-0.10;-0.08;-0.99;0.43;0.85;0.24;0.15;0.04;-0.98;
-0.18;-0.24;0.30;-0.10;-0.08;-0.98;0.12;0.06;0.37;0.15;0.04;-0.99;
-0.55;-0.06;0.24;-0.10;-0.09;-0.99;0.24;0.30;0.00;0.14;0.04;-0.98;
0.91;0.12;-0.24;-0.10;-0.08;-0.98;0.73;0.30;0.00;0.15;0.04;-0.99;
-0.12;-0.55;0.18;-0.10;-0.09;-0.99;0.18;0.43;0.06;0.15;0.03;-0.99;
-0.73;0.30;0.12;-0.10;-0.08;-0.98;0.24;0.30;0.61;0.15;0.04;-0.99;
-0.55;0.18;-0.37;-0.09;-0.09;-0.99;0.49;0.24;0.55;0.15;0.05;-0.98;
-0.73;-0.06;0.00;-0.10;-0.08;-0.99;0.73;0.37;0.06;0.15;0.04;-0.99;
-0.85;0.12;0.24;-0.10;-0.09;-0.98;0.79;0.30;0.30;0.14;0.04;-0.99;
-0.37;0.06;0.30;-0.10;-0.08;-0.99;0.91;0.24;0.24;0.16;0.04;-0.99;
-0.24;0.00;0.18;-0.09;-0.08;-0.98;0.55;0.18;-0.12;0.15;0.04;-0.99;
-0.18;0.06;0.12;-0.10;-0.09;-0.99;0.18;0.49;0.00;0.16;0.04;-0.99;
-0.85;0.30;-0.24;-0.10;-0.09;-0.99;0.61;0.00;0.00;0.15;0.04;-0.99;
-0.61;-0.18;0.12;-0.09;-0.09;-0.99;0.79;0.00;0.43;0.15;0.04;-0.99;
0.12;0.06;-0.24;-0.09;-0.09;-0.99;0.61;0.43;0.06;0.15;0.04;-0.99;
-0.43;-0.24;0.24;-0.10;-0.09;-0.99;0.18;0.18;0.30;0.15;0.05;-0.99;
-0.06;-0.43;-0.24;-0.11;-0.08;-0.99;0.06;0.18;0.06;0.16;0.04;-0.98;
0.00;-0.37;0.18;-0.10;-0.09;-0.98;-0.12;-0.06;0.30;0.15;0.04;-0.98;
-0.73;-0.43;0.18;-0.09;-0.08;-0.99;0.30;0.06;0.43;0.15;0.04;-0.98;
-0.12;-0.49;0.06;-0.10;-0.08;-0.98;0.67;0.12;0.30;0.15;0.04;-0.99;
-0.12;0.24;-0.18;-0.10;-0.08;-0.99;0.37;0.37;0.00;0.15;0.04;-0.99;
-0.30;-0.24;0.06;-0.10;-0.09;-0.99;0.49;0.12;0.18;0.15;0.04;-0.99;
0.12;-0.37;0.37;-0.09;-0.09;-0.98;0.43;0.00;0.37;0.14;0.04;-0.98;
-0.49;-0.30;-0.43;-0.10;-0.08;-0.99;0.18;-0.12;0.73;0.14;0.05;-0.99;
-0.37;0.00;0.12;-0.10;-0.08;-0.98;0.55;0.37;0.18;0.15;0.04;-0.99;
0.06;-0.37;0.24;-0.10;-0.09;-1.00;0.30;0.37;0.37;0.15;0.04;-0.99;
-0.18;0.12;0.24;-0.10;-0.09;-0.98;0.18;0.55;0.67;0.14;0.04;-0.98;
-0.85;-0.06;-0.12;-0.09;-0.08;-0.99;0.43;0.06;-0.18;0.15;0.04;-0.99;
-0.43;0.00;0.37;-0.10;-0.09;-0.99;0.37;0.30;0.30;0.15;0.04;-0.99;
-0.49;0.06;0.18;-0.10;-0.08;-0.99;0.43;0.12;0.12;0.14;0.04;-0.98;
-0.30;-0.06;0.00;-0.10;-0.09;-0.99;0.73;0.85;-0.06;0.15;0.03;-0.98;
-0.73;-0.37;0.00;-0.11;-0.09;-0.99;0.30;-0.18;0.00;0.15;0.04;-0.98;
-0.37;0.24;0.30;-0.11;-0.09;-0.99;0.37;0.18;0.55;0.15;0.04;-0.99;
-0.06;-0.18;-0.06;-0.10;-0.08;-0.98;0.55;0.49;0.37;0.15;0.04;-0.98;
0.06;-0.18;0.43;-0.10;-0.08;-0.99;0.06;0.12;-0.12;0.15;0.03;-0.99;
0.00;-0.61;-0.12;-0.10;-0.09;-0.98;0.73;0.37;0.18;0.15;0.05;-0.99;
-0.06;-0.06;-0.06;-0.10;-0.09;-0.98;0.18;0.30;0.37;0.15;0.03;-0.99;
-0.37;-0.06;0.24;-0.09;-0.08;-0.99;0.37;0.00;0.24;0.15;0.04;-0.98;
-0.91;-0.24;-0.18;-0.10;-0.09;-0.99;0.85;0.24;0.18;0.15;0.04;-0.99;
-0.79;0.06;-0.18;-0.09;-0.08;-0.98;0.61;0.49;0.49;0.14;0.03;-0.98;
0.18;-0.55;0.18;-0.10;-0.09;-0.97;-2.20;-0.24;0.12;0.15;0.04;-0.99;
-0.06;-0.18;0.12;-0.10;-0.09;-0.98;0.37;0.18;-0.12;0.15;0.05;-1.00;
-0.49;0.24;0.12;-0.10;-0.08;-0.99;0.55;-0.12;0.30;0.15;0.05;-0.99;
-0.73;-0.24;0.37;-0.09;-0.09;-0.99;0.55;-0.12;0.00;0.15;0.04;-0.98;
0.00;-0.67;-0.18;-0.10;-0.08;-0.99;0.49;0.00;-0.24;0.15;0.04;-0.99;
-0.12;-0.18;-0.37;-0.11;-0.09;-0.98;0.37;0.18;0.43;0.15;0.04;-0.99;
0.61;-0.91;-0.43;-0.10;-0.08;-0.99;0.49;0.79;0.24;0.14;0.04;-0.99;
0.18;0.24;-0.24;-0.09;-0.08;-0.98;0.49;-0.12;0.00;0.14;0.03;-0.99;
-0.49;-0.24;0.00;-0.10;-0.09;-0.98;0.37;0.06;0.00;0.15;0.04;-0.99;
-0.06;-0.49;-0.61;-0.09;-0.09;-0.98;0.24;0.18;0.18;0.14;0.05;-1.00;
0.12;-0.37;0.06;-0.10;-0.08;-0.98;0.49;0.67;0.55;0.15;0.04;-0.99;
-0.43;-0.18;0.30;-0.09;-0.08;-0.98;0.37;0.24;-0.12;0.15;0.04;-0.99;
-0.85;0.06;0.00;-0.10;-0.08;-0.97;0.24;0.49;0.37;0.15;0.04;-0.99;
-0.12;-0.24;-0.37;-0.09;-0.09;-0.99;-0.12;-0.30;0.00;0.15;0.03;-0.99;
-0.73;0.24;0.12;-0.10;-0.08;-0.98;0.67;0.37;-0.18;0.14;0.04;-0.98;
-0.43;0.06;0.49;-0.10;-0.08;-0.99;0.43;0.18;0.12;0.16;0.05;-0.98;
-0.55;0.12;0.00;-0.10;-0.08;-1.00;0.18;0.30;0.12;0.15;0.04;-0.99;
-0.24;0.06;0.18;-0.10;-0.08;-0.99;0.91;0.37;0.18;0.15;0.03;-0.99;
-0.49;0.00;0.18;-0.09;-0.08;-0.98;0.61;0.55;0.06;0.14;0.04;-0.99;
0.18;-0.18;0.12;-0.09;-0.09;-0.99;0.12;0.00;0.30;0.15;0.04;-0.99;
-0.30;-0.12;-0.43;-0.09;-0.08;-0.99;0.61;0.00;0.43;0.15;0.04;-0.99;
-0.37;-0.61;0.30;-0.10;-0.09;-0.99;0.18;0.12;0.24;0.15;0.05;-0.99;
-0.12;-0.49;-0.24;-0.10;-0.09;-0.99;0.06;0.37;0.30;0.14;0.04;-0.99;
-0.06;-0.12;0.67;-0.10;-0.09;-0.99;0.49;0.18;0.12;0.14;0.04;-0.99;
-0.49;0.06;-0.06;-0.11;-0.09;-0.99;0.37;0.37;0.43;0.15;0.04;-0.99;
-0.98;-0.12;-0.12;-0.09;-0.09;-0.99;0.55;0.00;0.61;0.15;0.04;-0.99;
-0.49;-0.30;0.12;-0.10;-0.08;-0.98;0.79;0.67;0.30;0.14;0.03;-0.99;
-0.67;-0.12;0.24;-0.09;-0.08;-0.98;0.61;0.18;0.24;0.14;0.04;-0.99;
-0.18;0.06;0.00;-0.10;-0.09;-0.99;0.49;-0.06;0.12;0.15;0.04;-0.99;
-0.24;-0.06;0.06;-0.10;-0.09;-1.00;0.61;0.06;0.30;0.15;0.03;-0.99;
-0.37;-0.18;0.24;-0.10;-0.09;-0.99;0.61;0.43;0.43;0.14;0.04;-0.98;
-0.12;-0.30;-0.30;-0.10;-0.08;-0.98;0.85;0.24;0.12;0.15;0.04;-0.99;
-0.61;-0.30;0.12;-0.10;-0.09;-0.99;0.18;-0.06;0.37;0.15;0.04;-0.98;
-0.06;-0.06;0.18;-0.10;-0.08;-0.98;-0.24;0.12;-0.37;0.15;0.04;-0.99;
-0.73;-0.12;0.18;-0.10;-0.08;-0.98;-0.37;-0.24;0.12;0.15;0.04;-0.99;
-0.12;-0.06;0.06;-0.09;-0.08;-0.99;0.55;0.00;0.43;0.15;0.04;-0.99;
-0.61;-0.24;0.06;-0.10;-0.09;-0.99;0.43;-0.12;0.49;0.14;0.05;-0.98;
0.06;-0.37;0.00;-0.09;-0.10;-0.99;0.37;0.12;0.18;0.15;0.05;-0.99;
-0.37;-0.12;0.30;-0.10;-0.08;-0.99;0.61;0.24;0.37;0.15;0.05;-0.98;
0.55;-0.73;0.00;-0.11;-0.08;-0.98;-1.04;-0.37;0.49;0.14;0.04;-0.98;
-0.43;-0.06;0.24;-0.10;-0.09;-0.99;0.43;0.43;0.67;0.14;0.04;-0.99;
-0.85;0.18;-0.18;-0.10;-0.09;-0.98;0.55;-0.37;-0.18;0.15;0.05;-1.00;
-0.24;-0.24;0.12;-0.09;-0.08;-0.99;0.24;0.24;0.24;0.15;0.04;-1.00;
-0.67;-0.49;0.30;-0.10;-0.09;-0.99;0.55;0.18;0.18;0.15;0.04;-0.99;
-0.67;-0.18;-0.12;-0.09;-0.08;-0.98;0.55;0.30;0.61;0.15;0.04;-0.99;
-0.30;-0.30;0.18;-0.10;-0.08;-0.99;0.55;0.37;0.12;0.15;0.03;-0.99;
-0.67;-0.06;0.00;-0.10;-0.09;-0.99;0.37;-0.24;0.06;0.14;0.05;-0.99;
-0.18;-0.06;0.24;-0.09;-0.08;-0.98;0.49;-0.12;-0.30;0.15;0.04;-0.98;
0.73;-0.12;0.49;-0.09;-0.09;-0.98;0.18;0.37;0.30;0.15;0.04;-0.99;
-0.49;-0.12;-0.55;-0.09;-0.09;-0.98;0.30;-0.06;0.12;0.15;0.04;-0.99;
-0.18;-0.24;0.00;-0.10;-0.09;-0.98;-0.12;0.00;0.12;0.15;0.04;-1.00;
-0.43;-0.30;-0.30;-0.11;-0.08;-0.99;0.37;0.24;0.12;0.15;0.04;-0.99;
-0.12;-0.18;0.06;-0.09;-0.09;-0.98;0.61;0.30;0.30;0.14;0.04;-0.98;
0.06;-0.37;0.30;-0.09;-0.08;-0.98;0.06;0.37;0.12;0.14;0.05;-0.99;
-0.43;-0.43;-0.06;-0.10;-0.09;-0.99;0.73;0.24;-0.55;0.16;0.04;-0.99;
-0.67;0.06;0.06;-0.09;-0.09;-0.99;0.67;0.37;-0.06;0.15;0.04;-0.98;
-0.12;0.00;0.00;-0.10;-0.08;-0.98;0.12;-0.30;0.12;0.15;0.04;-0.99;
0.12;-0.12;-0.06;-0.10;-0.08;-0.99;0.24;0.18;0.06;0.16;0.04;-0.98;
-0.30;-0.18;0.06;-0.10;-0.07;-0.98;0.43;0.37;0.24;0.16;0.04;-0.99;
-0.12;-0.30;-0.61;-0.09;-0.08;-0.99;0.06;0.12;0.24;0.15;0.03;-0.99;
-1.04;-0.06;-0.18;-0.11;-0.08;-0.99;0.49;0.43;0.06;0.15;0.04;-0.98;
-1.89;-0.18;0.49;-0.09;-0.08;-0.99;1.10;0.85;0.00;0.15;0.04;-0.99;
-0.43;-0.12;0.30;-0.10;-0.08;-0.99;0.37;0.37;0.24;0.16;0.04;-0.98;
-0.67;-0.24;-0.06;-0.09;-0.09;-0.98;0.55;0.30;0.43;0.15;0.04;-0.99;
-0.43;-0.37;0.18;-0.10;-0.09;-0.99;0.73;0.18;0.12;0.15;0.04;-0.99;
-0.12;-0.24;0.18;-0.09;-0.08;-0.99;0.43;0.12;0.12;0.15;0.04;-0.99;
-0.24;-0.12;0.06;-0.09;-0.09;-0.99;0.43;0.06;0.00;0.15;0.04;-0.99;
-0.24;-0.24;0.18;-0.10;-0.08;-0.98;0.61;0.49;0.12;0.15;0.04;-0.99;
-0.67;-0.06;0.00;-0.10;-0.09;-0.99;0.37;0.49;0.24;0.15;0.04;-0.98;
-0.18;0.30;0.00;-0.10;-0.08;-0.97;0.24;0.37;-0.24;0.15;0.04;-0.98;
-0.37;-0.18;-0.30;-0.10;-0.09;-1.00;0.73;0.18;0.18;0.15;0.04;-0.99;
-0.49;-0.55;0.06;-0.10;-0.08;-0.98;0.55;0.43;0.12;0.15;0.04;-0.98;
-1.16;-0.24;0.30;-0.09;-0.08;-0.98;0.55;0.24;0.24;0.15;0.04;-0.98;
-0.91;0.85;0.00;-0.09;-0.08;-0.98;0.55;0.61;-0.30;0.15;0.04;-0.98;
-0.24;-0.12;-0.06;-0.10;-0.09;-0.98;0.30;-0.12;0.43;0.14;0.04;-0.98;
-0.30;0.00;0.00;-0.09;-0.08;-0.98;0.24;0.24;0.06;0.15;0.04;-1.00;
-0.43;-0.37;0.37;-0.10;-0.09;-0.99;0.55;0.55;0.73;0.15;0.04;-0.99;
-0.61;-0.43;0.49;-0.10;-0.09;-0.99;0.61;0.18;-0.06;0.14;0.04;-0.98;
-0.24;-0.37;0.18;-0.10;-0.09;-0.99;-0.24;0.30;0.24;0.15;0.04;-0.99;
0.00;-0.30;0.24;-0.09;-0.08;-0.98;0.61;0.24;0.24;0.14;0.04;-0.99;
-0.73;-0.18;0.30;-0.09;-0.08;-0.99;0.30;-0.06;-0.06;0.15;0.04;-0.98;
-0.61;-0.24;-0.06;-0.10;-0.09;-0.99;0.49;0.30;0.55;0.15;0.04;-0.99;
-0.30;-0.12;0.12;-0.10;-0.09;-0.99;0.79;0.18;0.30;0.15;0.04;-0.99;
0.85;-0.24;0.43;-0.10;-0.09;-0.99;0.00;0.24;0.00;0.14;0.04;-0.99;
-0.37;-0.67;0.00;-0.09;-0.09;-1.00;-0.12;0.18;0.24;0.14;0.04;-0.99;
-0.49;-0.24;-0.30;-0.09;-0.08;-0.98;0.98;0.43;0.12;0.15;0.04;-0.99;
-0.12;0.24;0.30;-0.11;-0.09;-1.00;0.61;0.12;0.12;0.15;0.04;-0.99;
-0.24;0.00;0.00;-0.09;-0.08;-0.98;0.37;0.30;-0.12;0.15;0.04;-0.99;
-0.24;-0.37;-0.18;-0.10;-0.09;-0.98;0.24;0.30;0.49;0.16;0.05;-0.99;
-0.24;-0.24;0.37;-0.10;-0.08;-0.99;0.43;-0.06;0.12;0.15;0.04;-0.99;
-0.43;-0.24;-0.49;-0.11;-0.09;-0.99;0.37;0.61;-0.06;0.14;0.04;-0.99;
-0.43;-0.12;0.18;-0.09;-0.09;-1.00;-0.06;0.43;0.43;0.15;0.04;-0.98;
-0.30;-0.24;-0.06;-0.09;-0.08;-0.99;0.73;0.61;-0.18;0.15;0.03;-0.99;
-0.43;-0.12;0.00;-0.11;-0.09;-0.99;1.71;0.73;1.65;0.15;0.05;-0.98;
-0.18;0.00;-0.18;-0.10;-0.08;-0.99;0.67;0.00;0.43;0.15;0.04;-0.99;
-0.12;-0.30;0.43;-0.10;-0.09;-0.98;0.37;0.30;0.37;0.15;0.04;-0.99;
0.06;-0.18;0.24;-0.11;-0.08;-0.99;0.24;0.12;0.18;0.14;0.04;-0.99;
-0.24;-0.24;-0.12;-0.10;-0.08;-1.00;0.49;0.67;0.18;0.15;0.04;-0.99;
-0.55;-0.06;0.43;-0.10;-0.09;-0.99;0.55;0.06;0.24;0.14;0.03;-0.99;
-0.37;-0.49;0.43;-0.10;-0.08;-0.99;0.61;0.12;0.06;0.15;0.04;-0.99;
0.06;-0.12;0.49;-0.10;-0.08;-0.98;0.43;0.18;0.06;0.14;0.04;-1.00;
-0.55;0.06;0.06;-0.10;-0.09;-0.98;0.85;0.73;0.00;0.15;0.04;-1.00;
-0.61;-0.24;0.24;-0.10;-0.08;-0.98;0.55;0.00;0.30;0.16;0.04;-0.99;
-0.55;-0.30;-0.37;-0.10;-0.08;-0.99;0.61;0.24;0.12;0.15;0.03;-0.99;
-0.43;-0.18;0.12;-0.10;-0.09;-0.99;0.30;0.18;0.43;0.15;0.04;-0.99;
-0.12;-0.24;-0.12;-0.10;-0.08;-0.98;0.18;0.43;0.30;0.15;0.04;-0.99;
-0.30;-0.18;-0.30;-0.10;-0.08;-0.99;0.37;-0.06;-0.06;0.15;0.04;-0.99;
0.06;-0.30;0.00;-0.10;-0.08;-0.99;0.37;0.61;0.43;0.15;0.03;-0.99;
-0.55;0.06;0.12;-0.10;-0.08;-0.99;0.49;0.24;0.30;0.15;0.04;-0.99;
-0.18;-1.22;0.30;-0.10;-0.08;-0.98;-0.18;0.30;0.43;0.15;0.05;-0.99;
0.06;-0.12;0.24;-0.10;-0.07;-0.98;0.49;0.49;0.37;0.14;0.04;-0.99;
-0.43;0.18;0.00;-0.10;-0.08;-0.99;0.24;-0.06;0.24;0.14;0.03;-0.99;
-1.95;0.00;0.37;-0.10;-0.08;-1.00;0.98;0.73;0.55;0.15;0.05;-0.99;
-0.43;0.06;0.24;-0.09;-0.08;-0.98;-0.06;0.06;0.06;0.15;0.04;-0.98;
0.00;-0.43;0.12;-0.10;-0.08;-0.99;0.24;0.43;-0.06;0.14;0.03;-0.98;
0.00;-0.12;0.24;-0.10;-0.08;-0.98;0.43;0.12;-0.06;0.15;0.04;-0.99;
-0.43;-1.10;-0.18;-0.10;-0.09;-0.99;0.30;0.30;0.49;0.15;0.04;-0.99;
-0.18;0.18;-0.43;-0.09;-0.08;-0.98;0.30;-0.55;0.18;0.15;0.03;-0.98;
-0.30;-0.12;0.00;-0.09;-0.08;-0.99;0.61;0.24;0.61;0.15;0.04;-0.99;
0.12;-0.18;-0.24;-0.10;-0.08;-0.98;1.22;0.24;0.79;0.15;0.05;-0.99;
0.00;0.12;0.18;-0.10;-0.08;-0.99;1.04;0.67;0.18;0.14;0.04;-0.99;
-0.85;-0.30;0.12;-0.10;-0.08;-0.99;1.71;-0.12;0.67;0.15;0.03;-0.98;
-0.43;0.06;0.06;-0.09;-0.08;-0.99;0.30;0.18;0.06;0.15;0.03;-0.99;
-0.30;0.06;0.18;-0.09;-0.08;-0.98;0.49;0.06;0.30;0.14;0.04;-0.99;
-0.55;-0.37;0.24;-0.10;-0.08;-0.99;0.55;0.18;-0.06;0.15;0.04;-0.99;
1.16;-0.61;0.00;-0.09;-0.08;-0.98;0.49;0.18;-0.06;0.14;0.03;-0.98;
-0.37;-0.37;0.12;-0.10;-0.09;-0.99;0.67;0.55;0.06;0.15;0.04;-0.99;
-0.24;-0.06;0.06;-0.10;-0.09;-0.98;0.49;-0.24;0.24;0.15;0.04;-0.99;
-0.30;-0.43;0.06;-0.09;-0.08;-0.98;0.18;0.37;0.12;0.15;0.04;-0.99;
-0.30;-0.30;0.37;-0.09;-0.09;-0.98;0.43;0.06;0.12;0.15;0.04;-0.99;
-0.67;0.30;0.30;-0.10;-0.08;-0.99;0.67;0.61;0.18;0.15;0.04;-0.99;
-1.04;-0.18;-0.06;-0.09;-0.08;-0.98;0.85;0.24;0.18;0.14;0.04;-0.99;
-0.67;0.00;0.18;-0.10;-0.08;-0.98;0.79;0.30;0.43;0.15;0.04;-0.98;
