3.72;2.07;-0.85;0.73;0.64;0.39;0.55;0.12;-0.24;0.54;0.53;-0.60;-0.12;-0.67;-1.04;-0.41;0.06;-0.87;0.24;-0.85;0.61;0.02;-0.98;-0.26;0.18;-0.37;0.55;0.18;-0.08;1.03;0.00;1.77;1.52;0.82;0.55;0.09;0.30;-0.37;-0.43;-0.12;0.20;-0.97;
1.16;-0.73;1.46;0.71;0.63;0.38;-0.49;0.18;-0.37;0.54;0.53;-0.61;1.59;-1.16;-0.73;-0.40;0.05;-0.88;0.06;0.12;-0.61;0.03;-0.98;-0.25;-0.18;-0.24;0.37;0.17;-0.09;1.04;0.91;0.67;1.28;0.82;0.55;0.08;-0.06;0.30;0.00;-0.11;0.21;-0.96;
-5.55;-0.79;0.12;0.71;0.62;0.39;-0.30;0.24;0.37;0.54;0.53;-0.60;2.44;-0.30;-1.89;-0.41;0.06;-0.88;1.77;-0.37;-1.59;0.04;-0.98;-0.24;0.55;-0.30;0.18;0.17;-0.08;1.04;3.29;0.00;-0.18;0.82;0.57;0.10;0.67;-0.43;0.18;-0.12;0.22;-0.95;
2.80;2.20;1.16;0.71;0.63;0.39;0.98;0.43;-0.30;0.55;0.54;-0.61;-2.07;-0.06;-0.91;-0.42;0.06;-0.88;2.32;-0.91;-2.99;0.05;-0.98;-0.24;0.12;-0.12;0.55;0.17;-0.09;1.02;2.93;0.67;1.16;0.83;0.56;0.08;-0.49;0.30;-0.12;-0.12;0.21;-0.97;
2.99;1.46;0.49;0.71;0.63;0.37;-0.18;0.61;-0.06;0.55;0.53;-0.61;-2.87;-2.20;-1.71;-0.43;0.05;-0.88;-1.34;-0.61;1.28;0.05;-0.98;-0.23;0.30;-0.37;0.24;0.17;-0.08;1.03;-1.28;1.52;1.40;0.83;0.55;0.08;0.12;-0.24;0.00;-0.11;0.21;-0.97;
0.67;-0.67;-1.10;0.74;0.62;0.38;-2.13;-0.18;0.43;0.54;0.52;-0.60;0.61;-0.79;-0.37;-0.40;0.04;-0.88;-0.49;-0.12;-0.30;0.02;-0.96;-0.26;0.30;-0.73;0.37;0.16;-0.07;1.03;2.07;-0.30;1.95;0.81;0.56;0.10;0.24;0.00;0.24;-0.12;0.21;-0.96;
1.59;0.49;1.95;0.73;0.60;0.39;0.67;0.49;1.52;0.53;0.54;-0.60;0.49;-1.40;2.50;-0.41;0.05;-0.86;3.54;-1.59;-5.06;0.04;-1.00;-0.25;-0.12;-0.49;0.37;0.18;-0.08;1.03;-0.18;1.34;2.01;0.81;0.57;0.07;-0.24;-0.12;-0.12;-0.12;0.21;-0.98;0.37;-0.18;-0.24;0.25;0.45;0.87;
-4.27;-2.44;2.62;0.72;0.59;0.37;5.55;0.85;-2.32;0.55;0.55;-0.59;-4.33;2.01;-2.13;-0.41;0.06;-0.85;0.79;-3.60;3.29;0.04;-0.99;-0.24;0.49;-0.12;0.37;0.18;-0.08;1.03;-23.66;6.95;10.30;0.80;0.57;0.08;-0.37;0.12;0.30;-0.12;0.21;-0.97;
6.16;4.57;4.51;0.72;0.63;0.38;2.32;-0.67;0.37;0.59;0.47;-0.61;22.80;-4.09;-10.91;-0.47;0.03;-0.89;3.17;1.04;0.24;0.04;-1.01;-0.30;0.37;-0.61;0.49;0.18;-0.08;1.03;14.94;-9.70;3.41;0.86;0.55;0.13;0.12;-0.06;-0.12;-0.12;0.21;-0.97;
-19.70;-15.30;-1.83;0.72;0.66;0.29;-2.87;-1.34;0.12;0.48;0.61;-0.66;-7.93;4.51;3.66;-0.42;0.06;-0.84;1.28;-0.18;-11.95;0.03;-0.96;-0.28;0.24;-0.67;0.37;0.18;-0.09;1.03;-11.52;6.65;6.40;0.83;0.59;-0.03;0.30;0.24;-0.37;-0.12;0.21;-0.97;0.30;0.18;-0.12;0.25;0.45;0.87;
-17.32;5.12;3.66;0.76;0.41;0.33;4.63;1.52;-1.65;0.58;0.49;-0.63;7.62;-1.34;-5.00;-0.50;0.00;-0.91;13.78;10.12;-5.61;0.02;-1.07;-0.23;0.30;-0.43;0.30;0.17;-0.09;1.03;6.95;-6.52;2.20;0.81;0.55;0.19;0.49;0.12;0.06;-0.11;0.21;-0.97;
-15.37;-7.01;-11.46;0.72;0.69;0.46;-1.59;-3.35;0.37;0.50;0.58;-0.66;-12.13;6.04;2.62;-0.37;0.07;-0.86;-0.61;-3.05;-22.01;0.07;-0.97;-0.28;0.43;-0.18;0.24;0.17;-0.08;1.03;-8.48;5.98;8.78;0.89;0.57;-0.05;0.06;-0.37;0.00;-0.12;0.22;-0.96;0.85;-0.49;-0.49;0.25;0.45;0.87;
-0.73;4.39;6.34;0.68;0.62;0.34;-2.80;3.35;0.12;0.59;0.51;-0.58;3.84;0.85;-2.32;-0.49;0.06;-0.76;0.30;9.15;-0.24;0.02;-1.05;-0.21;0.12;-0.18;0.00;0.18;-0.08;1.03;8.29;-2.01;-7.99;0.80;0.56;0.15;-0.18;0.43;-0.12;-0.11;0.22;-0.97;
-1.71;-8.11;-9.27;0.70;0.74;0.43;-2.56;-4.88;3.96;0.51;0.55;-0.64;-5.12;4.15;3.11;-0.37;0.07;-0.87;0.55;-6.77;-15.06;0.06;-0.92;-0.34;0.18;-0.49;0.43;0.17;-0.08;1.02;6.40;-2.32;4.45;0.85;0.58;-0.03;-2.62;0.61;0.49;-0.11;0.21;-0.97;
2.80;2.32;9.82;0.75;0.52;0.38;7.93;5.37;-0.85;0.53;0.51;-0.63;5.49;0.79;-6.52;-0.47;0.05;-0.86;19.39;0.24;-3.48;-0.02;-1.08;-0.23;0.24;-0.55;0.18;0.16;-0.08;1.03;-14.15;3.60;-0.30;0.84;0.56;0.18;-0.43;0.00;-0.18;-0.12;0.22;-0.97;
-12.44;-7.01;-0.43;0.68;0.69;0.32;-6.65;-4.51;-0.79;0.60;0.56;-0.59;4.02;-1.95;5.67;-0.42;0.04;-0.87;-12.74;0.18;6.89;0.03;-0.94;-0.31;0.18;-0.61;0.18;0.18;-0.08;1.03;28.60;-5.24;-2.32;0.72;0.62;0.10;0.00;0.06;0.24;-0.11;0.22;-0.97;
2.56;4.02;-6.77;0.73;0.61;0.40;3.72;-0.91;4.45;0.51;0.54;-0.61;-11.59;0.49;-3.60;-0.37;0.07;-0.89;3.17;-8.29;-4.76;0.06;-0.97;-0.29;-0.06;-0.43;-0.06;0.18;-0.08;1.03;-21.52;6.34;13.60;0.87;0.55;0.04;0.06;0.06;-0.55;-0.12;0.21;-0.97;
-5.24;2.01;8.66;0.73;0.61;0.41;1.46;4.15;-3.72;0.57;0.49;-0.62;7.13;-3.96;-2.38;-0.43;0.05;-0.86;8.84;8.90;-1.77;-0.01;-1.04;-0.16;0.12;-0.12;0.24;0.18;-0.08;1.02;6.71;-0.37;-10.49;0.82;0.55;0.18;0.55;0.24;0.00;-0.12;0.21;-0.97;
-25.67;-5.98;-0.79;0.71;0.74;0.34;-6.16;-5.24;1.59;0.56;0.56;-0.59;1.95;1.52;3.84;-0.40;0.04;-0.87;-18.78;-9.09;13.96;0.04;-0.91;-0.31;-0.30;-0.67;0.73;0.17;-0.09;1.03;5.12;1.52;8.60;0.72;0.61;0.07;-0.18;0.00;0.12;-0.13;0.21;-0.97;
1.83;2.20;-6.71;0.68;0.57;0.42;7.26;0.49;-2.38;0.51;0.67;-0.56;-12.62;1.22;-3.72;-0.36;0.06;-0.89;10.85;-4.76;-11.16;0.07;-0.98;-0.27;0.30;-0.43;0.37;0.17;-0.09;1.02;-21.59;4.94;11.52;0.92;0.52;0.07;0.06;0.18;-0.49;-0.12;0.21;-0.97;
-0.18;-3.23;2.01;0.73;0.56;0.38;2.50;2.07;-2.38;0.52;0.49;-0.63;-1.77;-3.23;-4.94;-0.43;0.04;-0.85;12.74;5.00;-7.38;-0.00;-0.97;-0.21;0.55;-0.49;0.12;0.18;-0.08;1.03;-7.13;0.43;1.10;0.88;0.57;0.10;0.06;0.00;-0.06;-0.12;0.21;-0.97;
3.11;1.59;1.28;0.72;0.64;0.38;-5.85;2.62;-6.65;0.56;0.49;-0.63;1.16;-3.41;2.13;-0.45;0.05;-0.87;7.68;4.88;-8.54;0.02;-0.99;-0.26;0.12;-0.06;0.06;0.18;-0.08;1.02;19.88;-5.37;-8.66;0.81;0.55;0.14;1.83;-0.79;-0.49;-0.11;0.22;-0.96;
-0.24;11.83;9.45;0.57;0.63;0.54;-3.11;0.85;-1.34;0.55;0.53;-0.63;-0.91;1.52;0.30;-0.42;0.07;-0.88;-6.40;0.91;1.28;0.04;-0.98;-0.26;0.24;-0.30;0.49;0.17;-0.09;1.02;-2.74;2.13;2.68;0.80;0.56;0.12;-0.06;-0.06;-0.61;-0.11;0.20;-0.96;
0.61;1.40;0.37;0.71;0.62;0.38;-0.12;0.55;-0.24;0.54;0.54;-0.61;0.61;-1.34;-1.34;-0.41;0.06;-0.88;3.66;0.55;-2.93;0.01;-0.96;-0.28;0.49;-0.18;0.30;0.17;-0.09;1.03;2.13;0.30;1.28;0.82;0.55;0.12;0.12;0.24;0.06;-0.12;0.21;-0.96;0.00;0.00;-0.24;0.25;0.45;0.87;
-0.30;0.06;0.12;0.70;0.62;0.39;0.43;0.30;0.00;0.53;0.54;-0.60;-0.30;-0.67;-0.30;-0.42;0.06;-0.87;-0.49;-0.61;0.55;0.02;-0.97;-0.27;0.43;-0.37;0.49;0.17;-0.08;1.03;-0.91;0.49;1.28;0.81;0.55;0.10;-0.12;0.06;0.12;-0.12;0.21;-0.98;
0.98;0.61;0.24;0.72;0.64;0.38;-0.06;0.73;0.67;0.54;0.54;-0.60;0.79;-1.22;-2.01;-0.42;0.06;-0.87;1.59;-0.73;-0.55;0.02;-0.96;-0.26;-0.12;-0.55;0.30;0.18;-0.08;1.02;-0.85;0.49;1.40;0.82;0.55;0.11;0.24;0.24;0.12;-0.12;0.20;-0.97;0.67;0.12;-0.43;0.25;0.45;0.87;
0.24;-0.06;0.06;0.70;0.64;0.38;-0.24;0.06;0.43;0.54;0.53;-0.61;0.79;-0.73;-0.79;-0.42;0.05;-0.88;0.24;-0.30;-0.18;0.03;-0.97;-0.27;-0.06;-0.18;0.24;0.17;-0.08;1.03;-0.55;0.30;1.10;0.82;0.56;0.12;0.37;0.18;0.43;-0.11;0.21;-0.96;
-0.85;-0.98;0.85;0.71;0.64;0.38;-0.79;-0.43;-0.43;0.54;0.51;-0.61;3.11;-1.10;-0.37;-0.42;0.05;-0.87;1.59;0.30;-1.28;0.04;-0.98;-0.26;0.37;-0.24;0.55;0.17;-0.08;1.03;4.45;-0.30;0.43;0.81;0.57;0.09;0.12;-0.12;0.18;-0.12;0.21;-0.97;
2.38;0.12;-1.40;0.71;0.63;0.37;0.55;-0.24;0.00;0.53;0.54;-0.61;0.55;-0.43;-0.24;-0.42;0.04;-0.87;-1.83;3.23;-0.91;0.05;-0.98;-0.23;0.06;-0.06;0.12;0.18;-0.08;1.02;2.93;-1.46;2.26;0.82;0.56;0.10;-0.12;0.12;0.30;-0.12;0.21;-0.97;
1.34;0.67;-0.12;0.73;0.61;0.37;1.04;0.55;0.98;0.52;0.55;-0.62;-2.20;0.55;0.00;-0.43;0.05;-0.87;-0.49;-1.52;-1.65;0.04;-0.97;-0.26;0.43;-0.18;-0.06;0.17;-0.08;1.03;-0.55;1.40;-2.01;0.82;0.58;0.06;0.00;0.24;0.00;-0.11;0.22;-0.96;0.24;0.61;-0.91;0.25;0.45;0.87;
2.50;3.60;3.17;0.69;0.61;0.37;-3.90;2.07;4.45;0.54;0.49;-0.57;-9.88;2.38;2.13;-0.41;0.04;-0.85;-3.96;-2.68;-1.59;0.06;-0.97;-0.27;0.00;-0.49;0.55;0.18;-0.08;1.03;-27.20;10.67;10.43;0.79;0.57;0.05;0.24;0.06;-0.18;-0.12;0.21;-0.98;
-20.73;-2.56;-8.35;0.67;0.60;0.33;10.91;0.55;-2.93;0.57;0.52;-0.62;12.93;-1.40;-3.96;-0.48;0.04;-0.92;7.68;7.87;1.71;0.04;-1.10;-0.29;0.12;-0.43;0.37;0.17;-0.09;1.03;19.27;-7.50;1.71;0.83;0.60;0.14;-0.24;-0.30;0.30;-0.12;0.20;-0.98;
-8.41;-9.21;-4.45;0.74;0.67;0.35;-4.57;-1.04;0.55;0.49;0.62;-0.63;-4.39;2.62;-3.72;-0.40;0.09;-0.86;-0.12;-4.76;-17.50;0.04;-0.93;-0.29;0.30;-0.30;0.43;0.17;-0.09;1.03;-15.00;6.89;9.02;0.87;0.54;0.00;-0.18;0.30;-0.06;-0.11;0.21;-0.97;
17.38;15.49;-0.37;0.71;0.60;0.39;7.01;3.11;-0.30;0.54;0.53;-0.57;-5.91;0.43;3.84;-0.45;0.02;-0.85;-15.12;-4.27;15.91;0.01;-0.98;-0.25;0.30;-0.18;0.37;0.17;-0.08;1.03;-3.48;1.89;-0.49;0.77;0.55;0.12;0.61;0.00;0.30;-0.12;0.21;-0.97;
-17.38;-10.12;-1.28;0.68;0.60;0.43;6.83;10.30;-5.98;0.57;0.50;-0.60;6.28;5.98;-1.77;-0.35;0.20;-0.84;8.90;11.65;-8.90;0.05;-1.03;-0.23;0.43;0.00;0.55;0.17;-0.13;1.03;43.60;-0.37;1.04;0.81;0.50;0.05;1.59;0.06;0.49;-0.11;0.21;-0.94;
-12.01;-10.37;5.67;0.76;0.51;0.47;-6.22;0.18;-5.49;0.43;0.60;-0.62;6.59;-5.91;-9.39;-0.33;0.09;-0.92;16.89;-3.96;-1.89;0.07;-1.00;-0.19;0.49;-0.06;0.30;0.17;-0.09;1.02;-12.01;6.22;8.90;0.83;0.49;0.18;0.24;-3.05;1.77;-0.13;0.21;-1.03;
14.76;8.29;-11.04;0.78;0.46;0.47;9.76;-0.61;7.62;0.46;0.57;-0.62;4.88;-1.28;2.32;-0.37;0.12;-0.89;4.27;0.73;3.35;0.05;-1.00;-0.22;0.43;-0.12;0.37;0.18;-0.09;1.02;-5.30;-0.24;2.44;0.82;0.52;0.21;-0.12;-0.67;-0.18;-0.11;0.21;-0.96;
20.61;6.65;6.95;0.80;0.56;0.46;2.80;-7.20;-9.39;0.57;0.54;-0.61;2.44;0.73;-6.83;-0.43;0.10;-0.93;9.70;-9.57;-3.11;0.01;-0.98;-0.18;0.55;-0.73;-0.30;0.18;-0.10;1.03;-16.83;1.34;0.06;0.84;0.46;0.25;0.24;0.00;-0.73;-0.12;0.21;-0.97;0.79;0.12;0.00;0.24;0.45;0.87;
-9.82;-3.66;2.99;0.71;0.59;0.47;-1.83;-0.85;-2.20;0.51;0.57;-0.60;5.85;-1.34;-3.96;-0.38;0.11;-0.89;-0.12;-1.28;-0.49;0.06;-1.00;-0.16;0.49;-0.30;0.18;0.17;-0.09;1.03;2.01;-0.43;2.32;0.83;0.51;0.21;0.06;-0.12;0.06;-0.12;0.21;-0.98;
1.65;0.00;0.37;0.71;0.60;0.43;-0.43;0.30;0.49;0.52;0.57;-0.60;0.49;-0.61;-2.80;-0.38;0.10;-0.88;1.46;-1.10;-0.79;0.06;-0.99;-0.16;0.49;-0.37;0.37;0.17;-0.10;1.02;1.65;1.22;0.79;0.83;0.53;0.18;0.00;0.37;0.12;-0.12;0.21;-0.97;0.55;-0.12;0.06;0.25;0.45;0.87;
-8.29;-8.48;-5.24;0.68;0.61;0.46;-0.67;0.98;-1.34;0.47;0.56;-0.62;-5.91;-2.01;2.07;-0.32;0.14;-0.90;2.87;-0.24;1.89;0.09;-0.96;-0.19;0.18;-0.30;0.37;0.17;-0.10;1.03;8.23;2.38;10.67;0.82;0.53;0.17;-5.30;1.95;1.16;-0.11;0.20;-0.96;
5.37;2.44;-2.93;0.74;0.54;0.49;1.22;-0.12;0.37;0.50;0.56;-0.62;-1.16;0.79;-1.71;-0.38;0.10;-0.90;0.67;-3.35;-1.46;0.07;-0.99;-0.21;0.18;-0.18;0.30;0.18;-0.10;1.03;-3.48;0.55;2.99;0.81;0.55;0.17;-0.18;0.06;-0.24;-0.10;0.21;-0.96;
0.85;-0.98;0.55;0.73;0.56;0.48;0.61;-0.18;0.06;0.50;0.57;-0.61;-1.59;-0.37;-1.34;-0.37;0.11;-0.90;0.49;-2.44;0.85;0.05;-1.00;-0.17;0.24;-0.30;0.18;0.17;-0.09;1.04;-1.46;2.01;2.87;0.82;0.53;0.17;-0.18;0.18;-0.06;-0.12;0.21;-0.97;
-2.01;-0.73;-0.37;0.74;0.55;0.47;-4.33;-1.65;-7.62;0.52;0.49;-0.60;-1.65;0.18;-1.34;-0.39;0.12;-0.89;3.23;-1.22;-1.28;0.06;-0.99;-0.19;0.12;-0.24;0.30;0.17;-0.09;1.03;1.10;0.55;1.46;0.83;0.53;0.17;0.85;0.00;-0.06;-0.11;0.21;-0.97;
1.77;0.79;-0.24;0.74;0.54;0.47;-0.06;0.00;0.18;0.50;0.57;-0.60;0.55;-0.18;-1.59;-0.39;0.11;-0.88;0.12;-0.85;0.55;0.05;-0.99;-0.19;0.61;-0.37;0.06;0.18;-0.09;1.02;0.18;-0.18;1.89;0.82;0.53;0.16;0.67;-0.06;0.06;-0.12;0.21;-0.97;
0.79;1.46;1.10;0.72;0.56;0.47;0.06;0.67;-0.24;0.51;0.56;-0.60;-0.61;0.00;-1.16;-0.38;0.11;-0.88;0.43;-0.61;-0.49;0.06;-0.99;-0.19;0.85;-0.37;0.49;0.17;-0.09;1.03;0.30;1.28;1.52;0.83;0.53;0.17;1.71;-0.49;-0.24;-0.12;0.21;-0.96;0.43;0.37;-0.37;0.24;0.45;0.87;
-1.83;-0.06;0.85;0.72;0.59;0.47;1.16;0.30;-0.24;0.52;0.58;-0.60;-3.54;-0.49;0.30;-0.38;0.11;-0.89;-0.73;-0.24;-0.91;0.05;-0.99;-0.19;0.43;-0.24;0.43;0.18;-0.09;1.02;-0.12;1.04;1.71;0.82;0.53;0.17;-0.24;0.30;0.00;-0.11;0.20;-0.98;
-17.01;-11.34;6.10;0.75;0.53;0.47;2.68;1.34;0.24;0.51;0.56;-0.62;1.46;0.55;3.23;-0.39;0.11;-0.89;-4.02;2.68;1.28;0.04;-1.00;-0.22;0.18;-0.85;0.30;0.18;-0.09;1.04;-4.76;2.44;4.88;0.83;0.52;0.13;-0.06;0.12;-0.06;-0.11;0.20;-0.97;
-3.23;-5.37;-7.68;0.67;0.61;0.48;-2.38;-3.96;4.76;0.48;0.56;-0.61;8.90;-3.41;2.93;-0.38;0.09;-0.90;0.24;5.67;5.00;0.07;-0.98;-0.19;0.43;-0.49;0.30;0.19;-0.09;1.03;-3.48;-2.99;2.01;0.82;0.55;0.17;0.18;0.43;0.18;-0.12;0.20;-0.97;
11.34;1.65;-1.28;0.68;0.65;0.44;2.26;4.63;4.82;0.52;0.56;-0.62;-5.91;4.15;-0.98;-0.41;0.11;-0.88;-4.15;-2.80;-3.96;0.07;-1.02;-0.21;0.49;0.49;0.06;0.18;-0.09;1.03;9.21;-4.33;1.52;0.80;0.57;0.14;0.49;0.55;-0.30;-0.11;0.20;-0.98;
-7.87;-4.57;-1.59;0.66;0.65;0.42;-5.12;-5.91;-8.66;0.53;0.58;-0.59;6.95;-5.37;3.66;-0.39;0.06;-0.90;-1.10;7.50;5.79;0.12;-1.00;-0.19;0.37;-0.49;0.43;0.19;-0.09;1.03;17.07;-7.93;-4.57;0.83;0.52;0.15;0.12;-0.18;0.18;-0.12;0.20;-0.97;
1.77;-5.98;-3.72;0.66;0.64;0.43;1.16;4.21;6.65;0.54;0.58;-0.54;-37.93;9.94;5.85;-0.35;0.18;-0.80;28.17;2.56;-44.82;0.18;-0.88;-0.19;-0.12;0.18;0.67;0.17;-0.08;1.03;-42.74;25.18;9.70;0.68;0.64;0.01;1.04;0.00;-0.24;-0.10;0.20;-0.96;-0.06;-0.49;0.30;0.24;0.44;0.87;
45.61;6.89;5.49;0.70;0.64;0.49;6.40;-1.71;6.95;0.54;0.62;-0.64;5.67;10.67;-6.16;-0.48;0.25;-0.74;-39.45;5.67;18.78;-0.16;-1.08;-0.35;0.61;-0.43;0.61;0.18;-0.10;1.03;28.35;-2.74;-10.37;0.83;0.57;0.03;0.85;0.18;0.30;-0.12;0.21;-0.96;
2.20;3.35;0.43;0.68;0.61;0.43;1.52;-0.79;-0.24;0.52;0.56;-0.60;1.04;-1.16;-1.16;-0.41;0.09;-0.90;-0.18;-1.10;4.21;0.06;-1.00;-0.17;0.37;-0.24;0.30;0.19;-0.09;1.03;0.49;-0.24;2.13;0.81;0.55;0.13;0.18;0.00;0.18;-0.12;0.21;-0.97;
-0.37;0.61;0.18;0.70;0.62;0.43;2.13;0.61;0.67;0.51;0.56;-0.61;0.55;-0.55;-1.10;-0.40;0.11;-0.87;1.28;-0.79;-0.43;0.06;-0.99;-0.21;0.00;-0.37;0.00;0.18;-0.09;1.03;-0.98;0.79;2.44;0.82;0.56;0.14;-0.06;0.30;0.24;-0.12;0.20;-0.97;
-4.09;-1.95;1.65;0.68;0.63;0.44;-0.30;0.06;0.18;0.52;0.57;-0.61;0.24;-0.73;-0.85;-0.41;0.10;-0.87;0.12;-0.67;0.06;0.07;-0.98;-0.20;0.00;-0.30;0.37;0.18;-0.10;1.03;-0.30;0.61;1.65;0.82;0.56;0.13;0.06;-0.12;-0.06;-0.11;0.21;-0.97;
-2.87;-2.13;0.55;0.70;0.59;0.44;-0.85;0.37;0.00;0.51;0.56;-0.60;1.34;-0.12;-0.98;-0.40;0.11;-0.87;1.10;-0.37;-0.79;0.07;-0.99;-0.21;0.43;-0.49;0.55;0.18;-0.10;1.03;0.79;0.61;1.34;0.81;0.56;0.12;0.49;0.30;-0.24;-0.12;0.21;-0.97;
1.40;-0.18;-1.16;0.70;0.61;0.43;1.40;0.49;0.61;0.52;0.56;-0.60;-1.28;-0.49;-0.37;-0.40;0.12;-0.86;-0.37;-0.73;0.37;0.06;-0.99;-0.21;0.18;-0.49;0.49;0.18;-0.09;1.03;-0.12;0.37;1.95;0.82;0.56;0.13;0.18;0.24;0.18;-0.12;0.21;-0.96;
2.87;1.22;-1.40;0.69;0.62;0.43;0.30;0.49;0.18;0.52;0.56;-0.60;0.49;-0.43;-1.77;-0.39;0.11;-0.88;0.67;0.00;0.37;0.06;-0.99;-0.20;-0.18;-0.12;0.24;0.18;-0.09;1.03;-0.79;1.22;2.01;0.81;0.56;0.12;-0.12;0.18;-0.12;-0.11;0.21;-0.98;0.67;-0.49;-0.85;0.25;0.45;0.87;
-0.55;0.24;-0.30;0.69;0.62;0.44;-0.12;-0.37;0.30;0.51;0.57;-0.60;0.49;-0.18;-0.18;-0.40;0.11;-0.87;-0.18;0.18;1.10;0.07;-0.98;-0.20;0.18;-0.73;0.79;0.18;-0.10;1.03;-0.06;0.49;0.18;0.82;0.56;0.14;0.24;0.00;0.30;-0.12;0.20;-0.98;
-2.93;-0.91;-1.04;0.69;0.61;0.43;-0.85;-0.73;0.00;0.52;0.56;-0.60;-3.11;0.37;0.06;-0.40;0.11;-0.88;0.55;0.37;-1.10;0.07;-0.99;-0.20;0.55;-0.49;0.49;0.19;-0.09;1.02;2.44;1.34;1.77;0.80;0.57;0.13;0.00;0.37;-0.30;-0.12;0.20;-0.96;
2.74;2.26;-0.30;0.71;0.59;0.44;0.18;0.06;-0.37;0.52;0.57;-0.60;0.67;-0.55;-1.04;-0.42;0.12;-0.87;0.49;0.43;0.55;0.05;-0.98;-0.21;0.49;0.12;0.67;0.17;-0.10;1.03;-1.83;1.40;1.77;0.81;0.56;0.12;-0.18;-0.18;-0.18;-0.11;0.20;-0.97;0.37;-0.18;-0.18;0.25;0.45;0.87;
2.62;2.26;-2.20;0.69;0.61;0.43;0.73;-0.12;0.43;0.51;0.57;-0.60;0.12;0.12;-1.22;-0.40;0.12;-0.88;0.67;-1.89;0.00;0.06;-0.98;-0.21;0.43;-0.12;0.06;0.17;-0.09;1.03;-1.22;1.16;1.59;0.81;0.56;0.13;0.12;0.06;-0.37;-0.12;0.20;-0.97;0.43;0.30;-0.67;0.25;0.45;0.87;
1.46;1.10;-0.06;0.68;0.62;0.44;0.37;0.24;0.37;0.52;0.56;-0.61;0.30;-0.24;-1.77;-0.41;0.11;-0.87;0.61;-1.10;-0.43;0.07;-1.00;-0.21;0.55;0.12;0.55;0.17;-0.08;1.03;-0.73;0.85;2.07;0.81;0.55;0.14;0.00;0.43;-0.06;-0.12;0.21;-0.97;0.79;0.24;-0.43;0.25;0.45;0.87;
3.48;-1.46;2.01;0.69;0.62;0.45;0.12;0.00;0.12;0.51;0.56;-0.61;-0.18;0.00;0.73;-0.40;0.11;-0.88;0.12;0.79;0.30;0.08;-0.99;-0.21;0.06;-0.49;0.61;0.18;-0.09;1.03;1.83;-0.91;1.34;0.84;0.55;0.14;0.43;-0.06;0.61;-0.12;0.21;-0.97;0.49;0.12;-0.30;0.25;0.45;0.89;
1.83;1.77;1.59;0.71;0.61;0.44;0.00;0.37;0.37;0.51;0.57;-0.60;0.55;-0.37;-1.22;-0.40;0.11;-0.87;-0.24;-0.24;-0.18;0.07;-1.00;-0.21;0.12;-0.73;0.24;0.17;-0.08;1.02;-2.56;1.83;2.38;0.82;0.56;0.11;-0.37;-0.06;-0.06;-0.12;0.20;-0.97;
-1.95;0.30;-1.04;0.71;0.62;0.43;0.37;0.49;0.30;0.51;0.57;-0.60;-0.55;-0.79;-1.65;-0.40;0.12;-0.87;0.67;-0.37;-0.43;0.06;-0.99;-0.21;0.00;-0.30;0.24;0.18;-0.09;1.02;5.37;0.37;-0.79;0.80;0.56;0.13;0.30;-0.18;0.18;-0.12;0.20;-0.97;
-2.01;-0.91;-0.49;0.69;0.64;0.43;-0.61;0.61;0.67;0.52;0.56;-0.61;0.06;-0.79;-0.85;-0.40;0.12;-0.88;0.18;-1.10;0.43;0.07;-0.99;-0.22;0.12;-0.73;0.49;0.17;-0.09;1.02;-0.79;0.00;1.10;0.81;0.55;0.15;0.24;0.49;0.30;-0.11;0.21;-0.97;
-1.95;-0.12;-0.79;0.68;0.63;0.42;0.55;0.06;0.00;0.51;0.56;-0.60;0.55;-0.06;-2.13;-0.40;0.10;-0.88;0.73;-1.10;-0.06;0.07;-0.99;-0.20;0.00;-0.06;0.67;0.18;-0.09;1.03;-2.50;0.55;1.22;0.82;0.56;0.14;-0.37;0.18;-0.12;-0.12;0.20;-0.96;
-3.66;-1.71;1.10;0.67;0.64;0.41;-0.91;0.85;-0.06;0.52;0.57;-0.62;-1.59;-0.37;0.67;-0.40;0.12;-0.88;0.49;-0.12;-0.55;0.07;-0.98;-0.21;0.37;-0.12;0.12;0.18;-0.09;1.03;3.48;-0.43;-0.67;0.81;0.56;0.14;-0.12;0.00;-0.06;-0.11;0.20;-0.97;
-0.61;-0.24;1.34;0.70;0.61;0.43;0.67;0.91;0.12;0.50;0.57;-0.59;-0.12;-0.30;-1.16;-0.39;0.12;-0.88;2.20;-0.91;-0.79;0.07;-0.99;-0.20;0.24;-0.55;0.37;0.18;-0.09;1.03;1.34;0.49;1.59;0.81;0.56;0.14;0.12;-0.12;0.18;-0.12;0.20;-0.98;
-0.91;-0.06;0.18;0.71;0.62;0.42;0.37;0.00;0.30;0.52;0.56;-0.59;-0.37;-0.43;-0.91;-0.41;0.11;-0.87;-0.18;-1.10;-0.55;0.07;-0.99;-0.21;0.24;-0.30;0.18;0.18;-0.09;1.03;0.30;0.55;1.65;0.81;0.56;0.13;0.12;-0.12;-0.18;-0.13;0.21;-0.97;
2.62;1.52;-0.37;0.68;0.63;0.42;0.18;0.73;-0.37;0.51;0.56;-0.60;0.73;-0.24;-2.20;-0.40;0.11;-0.87;1.28;-1.34;0.00;0.07;-0.99;-0.21;0.30;-0.24;0.49;0.17;-0.10;1.03;0.00;0.85;1.59;0.81;0.57;0.13;0.24;0.24;-0.24;-0.12;0.20;-0.97;0.37;0.43;0.00;0.25;0.45;0.87;
1.22;0.61;1.22;0.68;0.63;0.42;1.16;0.12;0.85;0.52;0.56;-0.60;0.30;0.12;-1.52;-0.40;0.12;-0.87;0.61;-0.61;0.12;0.07;-0.99;-0.21;0.18;-0.55;0.43;0.18;-0.09;1.03;-0.30;0.43;0.91;0.82;0.56;0.12;-0.18;0.00;0.18;-0.12;0.21;-0.98;0.24;0.37;-0.61;0.25;0.45;0.87;
-11.10;-4.88;3.11;0.70;0.62;0.44;-0.37;0.18;0.12;0.52;0.57;-0.60;0.06;-0.49;-0.18;-0.40;0.12;-0.88;1.52;0.49;-0.30;0.07;-0.99;-0.21;0.49;-0.37;0.30;0.18;-0.10;1.02;0.73;0.30;0.91;0.82;0.56;0.12;0.00;-0.12;-0.06;-0.12;0.21;-0.97;
2.74;-0.30;-0.91;0.68;0.60;0.43;0.37;0.12;-0.06;0.50;0.57;-0.59;-0.73;-0.30;-0.85;-0.40;0.12;-0.88;0.00;0.06;0.37;0.07;-0.99;-0.20;0.18;-0.12;0.67;0.18;-0.09;1.03;-1.28;0.43;2.32;0.81;0.56;0.13;-0.24;-0.06;0.43;-0.12;0.20;-0.97;
2.13;0.49;-0.85;0.68;0.62;0.42;1.22;0.61;0.30;0.51;0.57;-0.60;0.61;-0.43;-1.95;-0.41;0.10;-0.87;-0.12;-0.61;0.67;0.08;-0.98;-0.20;0.06;-0.37;0.55;0.18;-0.09;1.02;-0.30;0.12;1.59;0.81;0.55;0.14;0.12;0.18;-0.24;-0.12;0.20;-0.97;
2.87;-0.79;2.50;0.68;0.64;0.43;0.24;0.18;-0.18;0.51;0.56;-0.60;0.43;-1.10;-1.22;-0.40;0.11;-0.87;0.06;-0.24;0.43;0.07;-0.99;-0.20;0.55;-0.06;-0.30;0.17;-0.10;1.03;0.12;0.00;1.59;0.82;0.56;0.13;0.12;0.37;-0.49;-0.12;0.20;-0.96;0.24;-0.06;-0.55;0.24;0.45;0.87;
-1.52;-1.52;1.65;0.70;0.63;0.43;0.49;0.12;-1.04;0.51;0.56;-0.60;-1.46;-0.18;-0.24;-0.40;0.12;-0.88;0.79;0.06;-1.16;0.06;-1.00;-0.21;0.06;0.12;0.55;0.17;-0.09;1.03;1.77;0.73;1.04;0.81;0.56;0.13;0.67;0.24;-0.06;-0.11;0.21;-0.97;
11.46;4.51;-2.50;0.69;0.64;0.41;-0.79;-2.13;2.50;0.52;0.57;-0.59;6.10;-0.55;-1.95;-0.42;0.12;-0.86;-3.78;1.34;1.22;0.07;-0.98;-0.21;0.37;-0.85;-0.18;0.18;-0.09;1.03;9.94;0.73;-6.22;0.78;0.57;0.12;-0.06;0.61;0.12;-0.11;0.20;-0.97;0.06;0.00;-0.79;0.25;0.45;0.88;
-4.76;-0.73;-3.78;0.74;0.57;0.45;0.49;-0.85;0.18;0.53;0.57;-0.60;2.26;0.98;-5.55;-0.42;0.08;-0.88;3.48;-6.34;-2.26;0.06;-0.98;-0.24;0.30;-0.30;0.12;0.18;-0.09;1.02;-0.61;0.12;-0.06;0.80;0.57;0.11;-0.43;-0.06;-0.37;-0.11;0.22;-0.97;
-6.77;-2.62;3.96;0.73;0.58;0.48;-0.12;0.61;0.37;0.54;0.57;-0.61;-2.44;-0.12;0.98;-0.43;0.11;-0.87;-0.79;-0.06;-0.43;0.04;-0.98;-0.19;-0.24;-0.37;0.24;0.18;-0.10;1.03;-6.77;1.28;3.66;0.84;0.55;0.14;-0.55;-0.24;0.12;-0.11;0.20;-0.97;
-14.45;-6.77;0.18;0.68;0.63;0.43;-1.52;-1.65;2.01;0.50;0.57;-0.60;2.38;0.12;3.11;-0.39;0.08;-0.88;-0.98;2.13;2.62;0.08;-1.00;-0.23;0.18;-0.18;-0.06;0.17;-0.09;1.04;3.29;0.85;1.28;0.80;0.57;0.13;0.37;-0.30;-0.30;-0.12;0.20;-0.97;0.37;0.06;-0.18;0.25;0.45;0.87;
3.84;1.46;-2.13;0.70;0.62;0.43;0.00;-0.85;0.30;0.51;0.57;-0.60;1.10;-0.06;-2.20;-0.40;0.10;-0.88;0.85;-1.46;-0.12;0.08;-0.98;-0.22;0.00;-0.37;0.73;0.18;-0.09;1.03;-0.85;0.67;2.80;0.80;0.57;0.13;0.24;0.24;-0.30;-0.11;0.21;-0.97;
2.99;1.65;-0.18;0.69;0.63;0.43;1.59;1.16;0.06;0.51;0.58;-0.60;-0.61;-0.67;-3.29;-0.40;0.11;-0.88;1.52;-1.46;0.37;0.07;-0.99;-0.21;0.37;-0.43;0.06;0.17;-0.08;1.02;0.55;1.40;1.28;0.81;0.56;0.14;0.24;0.06;0.37;-0.12;0.20;-0.97;0.67;0.00;-0.43;0.25;0.45;0.87;
0.37;0.73;-0.30;0.66;0.62;0.43;0.30;-0.18;0.00;0.51;0.57;-0.60;-0.18;-0.61;-0.67;-0.40;0.11;-0.89;2.07;-1.16;-0.91;0.07;-0.99;-0.21;0.30;-0.30;0.67;0.18;-0.09;1.02;0.12;0.67;1.16;0.82;0.55;0.13;0.18;-0.18;-0.24;-0.11;0.21;-0.98;
-1.77;-0.91;0.37;0.68;0.63;0.43;0.06;0.06;0.00;0.50;0.57;-0.60;0.37;-0.24;-0.49;-0.41;0.10;-0.88;-0.85;0.00;-0.06;0.07;-0.99;-0.19;0.37;-0.18;0.12;0.18;-0.09;1.02;-0.06;0.00;1.77;0.81;0.56;0.13;0.79;-0.24;-0.18;-0.12;0.21;-0.97;
-0.85;-0.49;0.43;0.69;0.62;0.43;0.30;0.12;0.30;0.51;0.57;-0.61;-0.12;-0.30;-0.37;-0.40;0.11;-0.88;0.18;0.06;0.00;0.06;-0.98;-0.21;0.06;-0.24;-0.06;0.18;-0.10;1.02;1.22;0.67;0.55;0.81;0.56;0.12;0.12;0.18;-0.37;-0.12;0.19;-0.97;0.37;-0.30;-0.12;0.25;0.44;0.88;
