-0.85;-0.43;1.59;0.42;0.68;0.64;-0.61;0.37;0.00;0.37;0.56;-0.70;-0.30;-0.43;-0.79;-0.08;0.38;-0.91;0.55;-1.04;0.00;0.38;-0.94;0.02;0.37;-0.30;-0.06;0.19;-0.21;1.01;-0.30;0.98;1.59;0.70;0.66;0.22;-0.12;0.12;0.37;-0.11;0.23;-0.97;
0.43;-0.24;0.85;0.41;0.68;0.64;-0.12;0.24;0.30;0.37;0.56;-0.70;-0.24;-0.55;-0.98;-0.09;0.38;-0.90;0.55;0.06;0.73;0.38;-0.94;0.02;-0.12;-0.30;0.43;0.20;-0.21;1.00;-0.61;0.79;1.34;0.70;0.66;0.21;0.43;0.00;-0.06;-0.11;0.24;-0.97;
-0.37;-1.16;-0.55;0.41;0.67;0.63;0.73;0.18;0.43;0.37;0.56;-0.70;0.49;-0.24;-0.98;-0.09;0.38;-0.90;-0.06;-0.73;0.30;0.38;-0.94;0.02;0.30;-0.55;0.73;0.20;-0.21;1.00;-2.44;0.73;2.93;0.71;0.67;0.21;
-0.79;0.18;0.12;0.42;0.68;0.64;0.06;0.12;-0.06;0.36;0.56;-0.70;0.00;-0.30;-1.34;-0.08;0.38;-0.91;-0.18;-0.49;-0.24;0.39;-0.94;0.03;0.30;-0.55;0.18;0.19;-0.21;1.00;0.24;0.49;0.85;0.71;0.66;0.22;-0.18;0.06;0.00;-0.11;0.23;-0.96;
-0.37;-0.37;0.12;0.41;0.69;0.64;0.12;0.24;0.00;0.37;0.57;-0.70;0.12;-0.79;-0.91;-0.08;0.38;-0.90;0.30;-0.18;0.67;0.38;-0.95;0.02;0.18;-0.43;-0.06;0.20;-0.21;1.01;-0.30;1.10;1.59;0.71;0.66;0.21;-0.12;0.00;0.37;-0.10;0.23;-0.96;
-1.16;-0.67;-0.85;0.42;0.69;0.63;0.61;0.18;0.12;0.37;0.57;-0.71;0.24;-0.30;-1.22;-0.08;0.37;-0.89;0.49;-0.30;0.12;0.38;-0.95;0.02;0.49;-0.18;0.30;0.20;-0.21;1.00;-1.52;0.79;2.32;0.71;0.66;0.21;0.73;0.18;-0.43;0.27;0.41;0.88;
-1.04;-0.67;-0.24;0.42;0.68;0.64;0.18;0.61;0.00;0.37;0.56;-0.70;-0.06;-0.18;-1.04;-0.09;0.37;-0.90;0.12;-1.16;-0.06;0.38;-0.94;0.03;0.00;-0.24;0.18;0.19;-0.21;1.00;-1.22;0.67;2.26;0.71;0.67;0.22;0.43;0.00;-0.12;-0.10;0.24;-0.96;0.18;-0.61;-0.24;0.28;0.42;0.88;
-0.12;-0.79;0.12;0.41;0.69;0.63;0.55;-0.12;-0.24;0.38;0.56;-0.70;0.06;-0.12;-0.67;-0.09;0.36;-0.90;-1.28;1.22;-1.71;0.39;-0.94;0.04;0.18;-0.85;0.43;0.21;-0.22;1.00;-0.06;0.61;1.28;0.71;0.65;0.22;
1.71;2.26;-1.10;0.39;0.69;0.63;0.24;0.79;-0.06;0.37;0.57;-0.71;-1.46;-0.30;-1.10;-0.08;0.39;-0.89;-1.59;1.22;1.77;0.40;-0.93;0.02;0.55;0.18;0.18;0.19;-0.20;1.01;-0.55;-0.06;1.22;0.70;0.66;0.21;0.37;0.06;0.12;-0.10;0.25;-0.97;0.30;-0.18;-0.49;0.28;0.41;0.88;
-3.96;-4.21;-0.18;0.40;0.68;0.65;0.91;0.61;1.46;0.36;0.57;-0.71;0.85;-0.61;0.37;-0.08;0.39;-0.91;1.52;-0.43;0.18;0.39;-0.93;0.03;0.06;-0.73;0.12;0.20;-0.20;1.00;-0.61;0.43;2.38;0.71;0.67;0.21;0.24;0.24;-0.24;-0.10;0.23;-0.97;
0.12;0.43;-0.61;0.42;0.68;0.65;2.87;-0.37;0.00;0.38;0.56;-0.71;1.04;-0.61;-0.91;-0.06;0.38;-0.90;0.37;-1.52;0.61;0.40;-0.95;0.03;0.12;-0.49;0.67;0.20;-0.21;1.00;1.04;0.91;1.71;0.71;0.67;0.21;0.00;0.30;-0.18;-0.10;0.24;-0.96;
-1.77;-1.83;-1.22;0.41;0.67;0.65;1.22;0.61;0.49;0.37;0.56;-0.70;-2.26;-0.91;-0.18;-0.07;0.39;-0.89;0.79;-0.06;-0.49;0.39;-0.94;0.01;0.06;-0.43;0.49;0.20;-0.21;1.00;-0.49;1.46;2.07;0.69;0.67;0.20;0.37;0.24;0.24;-0.10;0.24;-0.97;0.67;0.43;-0.12;0.27;0.42;0.88;
1.71;2.01;-0.43;0.41;0.67;0.65;0.37;0.55;0.18;0.37;0.56;-0.70;0.79;-0.12;-0.85;-0.06;0.39;-0.90;0.43;-0.73;0.49;0.38;-0.94;0.03;0.61;-0.43;0.24;0.20;-0.21;1.00;0.37;0.49;1.22;0.70;0.67;0.21;-0.24;0.18;0.00;-0.10;0.24;-0.96;
1.04;0.98;-0.18;0.41;0.68;0.64;-0.12;0.30;0.18;0.37;0.56;-0.70;3.05;-1.89;-1.40;-0.07;0.38;-0.89;0.73;-0.43;-0.43;0.40;-0.94;0.03;0.12;-0.43;0.43;0.20;-0.20;1.00;0.24;0.61;1.34;0.70;0.66;0.21;0.24;0.06;0.00;-0.10;0.24;-0.97;0.79;0.12;0.06;0.28;0.40;0.88;
0.18;0.12;1.10;0.41;0.68;0.64;0.98;0.85;0.18;0.37;0.56;-0.70;-1.95;0.12;-1.04;-0.07;0.39;-0.90;-0.55;0.18;0.73;0.38;-0.93;0.03;0.06;-0.43;0.49;0.19;-0.21;1.00;-0.55;0.55;1.77;0.71;0.67;0.20;-0.18;0.85;0.55;-0.10;0.23;-0.95;0.06;0.18;-0.37;0.28;0.41;0.88;
1.34;1.40;0.61;0.41;0.68;0.65;0.49;0.49;0.43;0.37;0.57;-0.70;0.18;-0.55;-1.65;-0.07;0.39;-0.89;1.22;-1.04;0.30;0.40;-0.93;0.03;0.43;-0.30;0.91;0.21;-0.20;1.01;-0.12;0.61;1.59;0.71;0.66;0.21;-0.12;0.30;-0.30;-0.10;0.23;-0.96;
-0.91;-0.79;0.18;0.40;0.69;0.64;0.30;0.37;0.24;0.37;0.57;-0.70;1.22;-1.04;-0.79;-0.08;0.39;-0.89;0.79;-0.85;-0.49;0.39;-0.93;0.03;0.30;-0.12;0.37;0.19;-0.21;1.00;-0.12;0.30;0.67;0.71;0.67;0.21;0.49;0.24;0.49;-0.10;0.23;-0.97;0.61;0.00;-0.61;0.28;0.41;0.88;
-2.56;-1.34;-0.30;0.42;0.68;0.64;-0.30;0.18;0.18;0.38;0.57;-0.70;0.18;-0.30;-0.67;-0.07;0.39;-0.90;0.24;-0.12;0.61;0.41;-0.94;0.03;-0.12;-0.37;-0.06;0.20;-0.21;1.00;-0.30;1.22;1.77;0.70;0.67;0.20;
0.30;0.12;-0.06;0.41;0.69;0.64;0.18;0.06;-0.12;0.37;0.56;-0.70;0.61;0.18;-1.16;-0.07;0.39;-0.91;1.16;-1.59;-0.12;0.40;-0.94;0.03;0.61;0.00;0.12;0.20;-0.20;1.00;-0.91;0.67;1.46;0.71;0.66;0.21;0.00;0.00;0.49;-0.10;0.25;-0.98;0.37;-0.12;-0.55;0.27;0.42;0.89;
0.37;0.61;0.00;0.40;0.68;0.64;0.43;-0.43;-0.06;0.37;0.56;-0.71;1.46;-0.67;-1.52;-0.06;0.39;-0.89;0.85;-1.22;-0.37;0.39;-0.93;0.04;0.30;-0.43;0.12;0.20;-0.21;1.00;-0.49;0.24;1.16;0.71;0.66;0.21;0.37;0.00;-0.12;-0.10;0.23;-0.96;
-1.40;-0.98;0.37;0.41;0.68;0.64;0.43;-0.67;-0.12;0.37;0.57;-0.69;-0.12;-0.49;-0.79;-0.07;0.38;-0.90;1.04;-0.79;0.12;0.40;-0.94;0.04;-0.30;-0.55;0.30;0.19;-0.21;1.00;0.12;0.24;0.98;0.70;0.66;0.21;
4.15;-5.85;9.02;0.35;0.71;0.63;0.49;-5.49;-3.41;0.37;0.54;-0.73;8.23;-2.26;4.76;-0.11;0.37;-0.89;-6.89;-6.34;-0.67;0.43;-0.92;-0.08;-1.52;-0.73;0.98;0.19;-0.22;1.00;-4.57;15.73;18.84;0.73;0.73;0.27;
-19.02;-15.12;3.60;0.52;0.59;0.68;0.98;-0.55;0.85;0.38;0.63;-0.65;15.73;-0.91;-4.88;-0.04;0.39;-0.90;-2.13;1.77;-0.24;0.34;-0.94;-0.02;3.05;-0.37;0.12;0.19;-0.21;0.99;-8.66;-2.50;1.46;0.76;0.57;0.33;
-0.98;-0.43;-4.45;0.49;0.59;0.70;5.06;-2.50;5.43;0.35;0.60;-0.68;-1.34;-2.26;-1.71;-0.04;0.46;-0.85;-7.44;11.46;6.34;0.33;-0.94;-0.03;0.12;0.00;0.18;0.20;-0.20;1.01;-18.54;4.02;10.18;0.74;0.61;0.28;
2.62;4.51;-2.56;0.45;0.61;0.70;0.30;-0.12;-0.91;0.36;0.56;-0.72;0.00;-0.55;-1.16;-0.05;0.44;-0.87;0.73;-0.55;0.24;0.35;-0.96;-0.01;0.55;0.00;0.24;0.19;-0.21;1.01;0.18;0.73;1.71;0.73;0.59;0.31;0.24;-0.06;0.12;-0.10;0.23;-0.97;
-0.18;1.34;0.06;0.45;0.59;0.70;-0.12;-0.12;0.24;0.35;0.57;-0.71;0.37;-1.22;-1.04;-0.05;0.45;-0.88;-0.43;-0.73;0.85;0.36;-0.96;-0.01;0.61;-0.73;0.18;0.19;-0.20;1.00;2.13;0.61;0.67;0.73;0.61;0.30;0.18;0.12;-0.43;0.28;0.40;0.89;
2.13;2.38;-1.28;0.45;0.61;0.69;0.61;0.00;0.00;0.36;0.55;-0.71;1.10;0.43;-0.91;-0.04;0.46;-0.87;1.71;-1.22;0.00;0.36;-0.96;0.00;-0.30;-0.18;0.49;0.19;-0.20;1.00;0.98;-0.06;2.01;0.73;0.60;0.31;0.18;0.30;-0.18;-0.11;0.23;-0.97;
2.38;1.46;-0.18;0.45;0.61;0.70;0.67;0.37;0.37;0.35;0.57;-0.71;1.34;-0.06;-1.52;-0.04;0.44;-0.87;1.22;-0.18;-0.49;0.35;-0.95;-0.01;-0.18;-0.55;0.67;0.20;-0.20;1.00;0.12;0.98;1.83;0.73;0.60;0.31;0.12;0.30;0.12;-0.10;0.22;-0.97;
-0.73;-0.98;-0.18;0.45;0.61;0.71;1.22;-0.12;0.00;0.35;0.57;-0.70;0.91;-0.73;-1.04;-0.06;0.44;-0.88;0.43;0.06;0.06;0.36;-0.95;-0.00;0.55;-0.37;0.43;0.20;-0.21;1.00;0.43;0.67;0.85;0.72;0.59;0.32;0.49;0.18;-0.18;0.29;0.41;0.89;
-0.55;-0.24;-1.46;0.45;0.61;0.69;-0.37;0.06;0.67;0.35;0.57;-0.70;2.38;-2.20;-1.28;-0.06;0.46;-0.89;2.62;2.20;3.84;0.30;-0.92;-0.04;-1.34;-0.73;0.43;0.20;-0.21;1.02;-0.49;0.98;1.04;0.72;0.60;0.30;
1.22;-1.04;-2.26;0.44;0.61;0.69;0.61;-1.10;0.37;0.36;0.57;-0.70;1.71;-2.32;-1.10;-0.11;0.39;-0.89;3.48;7.50;-2.01;0.29;-1.05;0.02;2.50;-0.24;0.18;0.19;-0.22;1.00;13.60;1.16;-9.27;0.71;0.67;0.27;0.37;-0.06;-0.06;-0.10;0.23;-0.97;0.55;0.06;-0.37;0.28;0.40;0.88;
4.21;1.16;4.70;0.44;0.60;0.71;1.28;0.37;0.55;0.38;0.55;-0.69;1.28;-0.12;-0.67;-0.06;0.46;-0.87;0.79;0.61;-1.10;0.35;-0.95;-0.00;0.49;-0.30;0.18;0.20;-0.22;1.00;-1.04;-0.49;1.22;0.73;0.61;0.30;0.12;0.12;-0.73;-0.10;0.24;-0.96;
-1.16;-0.67;0.37;0.44;0.61;0.70;0.49;0.30;-0.30;0.36;0.58;-0.71;0.06;-0.61;-1.10;-0.06;0.46;-0.87;0.49;0.61;0.55;0.33;-0.96;0.00;-0.18;-0.67;0.98;0.20;-0.21;1.01;-0.37;1.16;1.71;0.72;0.61;0.30;0.49;0.06;-0.49;0.27;0.41;0.89;
2.07;0.67;-1.52;0.45;0.60;0.70;-0.37;-0.37;0.06;0.35;0.56;-0.71;2.01;-3.35;0.49;-0.07;0.45;-0.88;-2.32;1.65;1.52;0.34;-0.96;0.00;-0.06;-0.18;0.37;0.20;-0.21;1.00;-0.55;-0.12;2.44;0.73;0.61;0.29;-0.06;-0.06;-0.30;-0.10;0.24;-0.97;0.24;-0.37;-0.43;0.28;0.40;0.89;
2.50;0.37;-0.24;0.46;0.61;0.70;3.41;1.46;-1.04;0.36;0.55;-0.71;3.78;-1.28;-2.20;-0.07;0.43;-0.88;-7.26;5.55;6.89;0.29;-0.92;-0.03;0.12;-0.55;0.55;0.20;-0.21;1.00;1.22;0.18;3.29;0.68;0.61;0.29;0.61;0.18;0.00;-0.11;0.23;-0.96;
-2.80;1.77;3.54;0.44;0.61;0.69;0.49;-0.24;1.59;0.36;0.57;-0.71;2.13;1.16;-1.77;-0.06;0.45;-0.88;1.04;-1.71;0.85;0.33;-0.96;0.00;0.06;-0.37;0.24;0.19;-0.21;1.00;2.93;0.73;0.55;0.73;0.61;0.30;0.30;0.37;0.18;-0.10;0.23;-0.97;
-0.18;0.79;-0.67;0.44;0.61;0.71;1.83;-0.30;0.98;0.35;0.58;-0.70;0.79;0.30;-0.91;-0.06;0.46;-0.88;1.59;-1.46;-0.61;0.34;-0.95;-0.00;0.49;-0.06;0.24;0.19;-0.20;1.01;-1.83;0.55;2.38;0.74;0.60;0.30;
1.95;2.68;1.16;0.45;0.61;0.69;0.49;0.30;0.12;0.36;0.56;-0.71;0.30;-0.24;-0.61;-0.06;0.45;-0.88;1.04;-0.79;-0.24;0.34;-0.96;0.00;0.00;-0.30;0.55;0.19;-0.21;1.00;-2.26;0.18;2.87;0.73;0.60;0.30;0.18;0.43;0.43;-0.11;0.24;-0.96;
-1.59;-4.02;1.46;0.43;0.62;0.70;0.49;-0.18;-0.98;0.36;0.56;-0.71;-1.46;0.67;0.55;-0.05;0.46;-0.87;-2.74;-2.44;-3.29;0.35;-0.98;-0.01;0.67;-0.12;0.43;0.20;-0.21;1.00;1.28;2.20;1.71;0.72;0.59;0.30;
-0.79;-1.16;-1.46;0.43;0.61;0.70;2.13;0.06;1.22;0.31;0.57;-0.71;2.62;-1.46;-2.87;-0.05;0.48;-0.85;-8.84;1.46;5.91;0.36;-0.94;-0.04;0.06;-0.67;0.30;0.20;-0.21;1.00;-1.22;-0.67;1.59;0.74;0.61;0.30;
-6.89;-7.68;0.85;0.45;0.58;0.71;1.28;2.56;1.52;0.35;0.56;-0.70;0.85;-1.77;-2.38;-0.07;0.47;-0.90;0.61;-4.09;0.30;0.34;-0.95;-0.04;0.00;-0.12;0.67;0.19;-0.21;1.01;-0.30;3.05;3.96;0.73;0.61;0.29;0.67;0.43;-0.67;0.28;0.40;0.88;
4.57;5.37;0.49;0.47;0.55;0.69;0.24;-0.73;1.04;0.37;0.55;-0.71;-2.56;0.30;1.22;-0.06;0.47;-0.86;2.32;0.61;-0.73;0.35;-0.96;-0.05;0.37;-0.12;0.37;0.20;-0.21;1.00;3.66;0.06;-1.65;0.73;0.59;0.31;0.00;0.30;0.06;-0.11;0.23;-0.95;
4.09;2.87;0.91;0.47;0.59;0.70;0.06;0.61;0.30;0.36;0.57;-0.71;-2.93;0.85;-14.02;-0.07;0.46;-0.85;4.33;-7.38;0.61;0.30;-0.91;-0.07;0.37;0.00;0.24;0.20;-0.21;1.00;-4.63;1.04;3.60;0.73;0.58;0.30;0.06;0.12;0.43;-0.10;0.24;-0.97;
-0.37;-0.67;-0.12;0.45;0.61;0.69;0.67;-0.06;0.37;0.36;0.56;-0.71;0.91;-0.67;-0.73;-0.06;0.44;-0.87;2.01;-0.67;0.79;0.34;-0.96;-0.02;-0.06;-0.24;0.12;0.20;-0.20;1.00;-6.59;0.18;8.54;0.74;0.61;0.32;
7.87;9.02;-1.89;0.44;0.66;0.68;1.16;-2.07;0.24;0.36;0.56;-0.71;2.44;-0.61;2.80;-0.08;0.46;-0.87;3.84;2.99;-1.46;0.34;-0.93;-0.01;-0.30;-0.37;0.43;0.19;-0.22;1.00;4.09;0.06;0.00;0.74;0.59;0.33;0.00;0.06;0.00;-0.10;0.23;-0.96;
0.18;-5.98;14.02;0.43;0.66;0.68;3.29;0.67;-1.10;0.38;0.53;-0.73;0.79;-1.89;-2.01;-0.08;0.48;-0.86;1.34;-2.93;-0.85;0.33;-0.97;-0.03;-0.12;-0.18;0.49;0.20;-0.21;1.00;1.22;-0.24;-0.06;0.73;0.61;0.29;
9.39;4.94;15.98;0.47;0.62;0.68;2.44;5.61;-0.73;0.38;0.52;-0.73;3.23;2.20;-7.26;-0.08;0.47;-0.89;-7.56;-3.84;1.04;0.32;-0.95;-0.04;0.55;0.18;0.43;0.20;-0.20;1.01;2.38;1.28;-1.10;0.74;0.62;0.24;-2.13;0.98;0.61;-0.09;0.23;-0.94;
-1.40;-1.16;-1.28;0.44;0.65;0.64;0.30;0.30;1.04;0.36;0.54;-0.73;0.55;-1.52;-1.77;-0.07;0.47;-0.86;1.04;-2.20;0.18;0.34;-0.96;-0.05;0.55;-0.24;0.24;0.19;-0.21;1.01;-1.16;0.49;2.99;0.72;0.62;0.25;
-1.65;-1.71;0.79;0.42;0.66;0.65;0.18;0.06;-0.73;0.37;0.55;-0.72;1.59;-0.30;-1.28;-0.08;0.46;-0.85;2.62;-0.37;-1.10;0.32;-0.97;-0.05;0.30;-0.55;-0.24;0.19;-0.21;1.00;1.22;0.49;0.43;0.72;0.62;0.26;-0.06;0.06;-0.24;-0.10;0.23;-0.96;
-0.67;-0.55;-0.55;0.42;0.67;0.66;0.37;-0.18;0.00;0.37;0.54;-0.72;-0.73;0.18;-1.59;-0.06;0.46;-0.86;-0.55;0.24;0.12;0.32;-0.97;-0.03;0.12;-0.37;0.30;0.20;-0.20;0.99;0.00;0.73;1.46;0.72;0.63;0.27;
2.62;1.16;-0.61;0.42;0.67;0.65;-0.24;-0.06;0.24;0.36;0.54;-0.72;-1.04;-0.18;-0.30;-0.07;0.47;-0.86;0.12;-1.65;0.43;0.32;-0.96;-0.04;0.18;-0.18;0.18;0.20;-0.21;1.01;0.73;0.30;1.28;0.72;0.63;0.27;0.43;0.06;-0.61;0.27;0.41;0.88;
0.00;-0.61;0.00;0.43;0.66;0.65;0.18;-0.06;0.61;0.39;0.54;-0.72;0.18;-0.61;-0.67;-0.06;0.46;-0.87;1.04;-0.43;-0.12;0.33;-0.96;-0.03;0.30;-0.12;0.24;0.20;-0.21;1.01;0.24;0.98;1.10;0.73;0.63;0.26;0.30;0.18;0.00;-0.11;0.24;-0.96;
0.30;0.30;0.37;0.42;0.67;0.66;0.61;0.24;0.18;0.37;0.54;-0.72;-0.06;-0.24;-0.98;-0.06;0.47;-0.86;0.73;-0.55;0.30;0.33;-0.97;-0.03;0.43;-0.06;0.06;0.20;-0.21;1.00;0.73;0.00;1.40;0.72;0.64;0.25;0.49;0.00;-0.30;-0.11;0.23;-0.97;
-0.85;-0.37;-0.49;0.42;0.67;0.65;0.06;0.24;0.43;0.37;0.54;-0.72;0.00;-0.73;-0.91;-0.06;0.46;-0.87;1.71;0.12;0.43;0.33;-0.97;-0.04;0.55;-0.49;0.30;0.19;-0.20;1.00;0.37;0.73;1.40;0.72;0.63;0.26;0.24;0.00;0.12;-0.11;0.24;-0.96;
1.04;1.04;0.00;0.43;0.66;0.65;0.18;0.24;0.30;0.38;0.53;-0.72;0.61;-0.67;-0.73;-0.07;0.47;-0.87;0.67;-0.12;0.06;0.32;-0.96;-0.03;0.37;-0.37;0.06;0.19;-0.20;1.01;-0.37;0.79;1.65;0.72;0.62;0.27;-0.24;0.12;-0.24;-0.11;0.22;-0.98;
0.37;0.37;0.12;0.43;0.67;0.64;0.12;0.49;0.37;0.38;0.54;-0.71;0.30;-0.37;-1.04;-0.06;0.47;-0.88;-0.12;-0.98;0.00;0.33;-0.96;-0.03;0.91;-0.37;0.49;0.20;-0.21;1.00;-1.28;0.73;2.13;0.73;0.63;0.26;-0.37;0.30;-0.24;-0.10;0.23;-0.95;
1.46;0.55;-0.73;0.41;0.68;0.65;0.06;-0.43;0.06;0.38;0.55;-0.73;-0.06;-0.06;-0.30;-0.06;0.46;-0.85;0.79;-0.24;-0.55;0.33;-0.96;-0.04;0.24;-0.12;0.30;0.20;-0.20;1.00;-0.30;0.61;1.46;0.72;0.62;0.27;
-0.30;0.61;0.49;0.42;0.67;0.65;0.85;1.04;-0.55;0.38;0.53;-0.72;1.40;0.61;-0.67;-0.07;0.46;-0.86;0.43;1.46;-0.37;0.33;-0.96;-0.03;0.73;-0.61;0.55;0.20;-0.21;1.00;0.30;1.04;1.95;0.72;0.62;0.26;0.06;0.06;0.06;-0.10;0.23;-0.97;
-2.56;-1.40;-3.17;0.41;0.67;0.65;0.79;0.79;0.43;0.38;0.53;-0.71;-0.98;0.30;-1.77;-0.07;0.47;-0.86;-0.98;0.85;-0.18;0.34;-0.94;-0.05;0.37;-0.61;0.61;0.20;-0.21;1.01;-1.04;0.61;1.10;0.73;0.62;0.25;
-1.59;-2.26;1.40;0.40;0.67;0.66;1.28;0.98;0.43;0.38;0.55;-0.71;-1.16;-0.43;-1.34;-0.06;0.46;-0.86;0.12;0.00;0.24;0.33;-0.96;-0.03;0.12;-0.30;0.43;0.21;-0.20;1.00;-1.04;1.10;0.98;0.73;0.63;0.27;0.12;0.12;0.00;-0.11;0.23;-0.97;
0.18;-0.18;0.12;0.41;0.68;0.65;0.24;-0.30;0.37;0.37;0.54;-0.72;0.12;1.22;-2.07;-0.07;0.47;-0.87;1.71;-0.91;0.06;0.34;-0.96;-0.04;0.79;-0.30;0.30;0.19;-0.21;1.00;3.11;0.55;-0.06;0.73;0.63;0.26;0.55;0.55;-0.12;-0.10;0.23;-0.96;
4.39;4.51;-0.24;0.42;0.68;0.66;-0.79;-0.49;0.24;0.37;0.54;-0.73;-0.85;-0.43;-1.28;-0.07;0.48;-0.87;0.18;0.18;2.07;0.33;-0.96;-0.05;0.24;-0.55;0.06;0.21;-0.21;0.99;-0.37;0.85;2.13;0.73;0.64;0.24;0.30;0.49;-0.18;0.28;0.41;0.89;
2.80;3.11;-0.85;0.43;0.68;0.65;-2.26;-1.04;-0.49;0.37;0.53;-0.72;2.13;0.49;-0.06;-0.07;0.46;-0.86;-2.32;0.06;-1.28;0.33;-0.95;-0.03;0.49;-0.24;0.37;0.20;-0.20;0.99;0.73;-0.49;0.61;0.73;0.63;0.25;
-0.73;0.79;2.56;0.40;0.70;0.63;3.05;0.49;1.65;0.38;0.54;-0.71;-4.70;1.59;-2.01;-0.06;0.51;-0.91;-1.40;-1.28;1.77;0.32;-0.96;-0.05;-0.06;-0.12;0.43;0.20;-0.21;1.00;-0.67;0.00;2.32;0.74;0.64;0.22;
-1.65;0.85;4.82;0.40;0.72;0.60;0.55;0.24;1.16;0.38;0.53;-0.73;0.79;-0.30;-1.46;-0.06;0.45;-0.86;0.12;-1.71;-0.18;0.32;-0.95;-0.05;0.73;-0.30;0.37;0.20;-0.21;1.01;7.26;0.98;-1.28;0.70;0.65;0.20;0.43;-0.06;-0.61;0.28;0.41;0.89;
3.35;3.17;7.01;0.43;0.68;0.60;-3.90;2.44;-3.90;0.40;0.51;-0.74;1.89;3.84;-7.93;-0.06;0.43;-0.89;-2.07;-6.71;0.18;0.34;-0.95;-0.07;-0.30;0.06;-0.06;0.19;-0.20;1.01;-1.52;2.32;4.02;0.73;0.66;0.16;6.40;-1.28;-1.59;-0.10;0.23;-0.95;
-0.30;-0.12;-0.98;0.44;0.69;0.61;0.55;0.55;0.06;0.38;0.54;-0.72;-1.46;-0.06;-2.07;-0.06;0.45;-0.87;2.32;-1.83;0.12;0.32;-0.96;-0.04;-0.12;0.30;0.43;0.20;-0.20;1.00;-0.12;0.73;1.28;0.71;0.67;0.19;-0.18;0.06;0.00;-0.11;0.23;-0.96;
-3.90;-1.95;1.59;0.43;0.69;0.60;-1.34;-0.06;-0.18;0.40;0.54;-0.74;0.73;-0.30;-0.73;-0.07;0.44;-0.87;1.65;-0.49;0.06;0.34;-0.96;-0.03;0.37;-0.30;0.12;0.20;-0.21;1.01;0.00;0.24;1.77;0.71;0.66;0.19;
1.71;1.22;-0.91;0.44;0.69;0.61;0.73;0.00;0.67;0.39;0.54;-0.71;1.16;-0.61;-0.98;-0.07;0.44;-0.89;2.26;-0.12;0.98;0.32;-0.97;-0.05;0.00;-0.43;0.37;0.20;-0.21;1.00;-0.61;0.06;1.16;0.70;0.67;0.19;0.24;-0.06;0.30;-0.10;0.23;-0.97;
1.28;0.98;-0.37;0.44;0.69;0.61;0.85;0.61;-0.37;0.38;0.54;-0.72;1.34;-0.85;-0.98;-0.07;0.43;-0.88;-0.30;-0.85;0.12;0.32;-0.96;-0.05;-0.18;-0.06;0.30;0.20;-0.21;1.00;0.37;0.91;1.34;0.70;0.66;0.19;0.06;0.49;0.30;-0.11;0.23;-0.96;
0.43;0.55;0.00;0.44;0.70;0.61;-0.12;0.18;0.91;0.38;0.54;-0.72;1.22;-0.61;-0.18;-0.06;0.44;-0.88;0.18;0.18;0.06;0.32;-0.96;-0.04;0.30;-0.30;-0.12;0.20;-0.20;1.00;-0.06;0.49;1.16;0.71;0.67;0.20;-0.43;0.00;-0.12;-0.10;0.23;-0.95;
0.24;0.37;0.43;0.45;0.70;0.61;0.73;0.55;0.30;0.38;0.54;-0.72;0.61;-0.49;-0.18;-0.06;0.44;-0.88;1.59;-0.18;-0.06;0.33;-0.97;-0.04;0.18;0.18;0.37;0.19;-0.21;1.00;-0.85;0.18;1.46;0.72;0.66;0.19;-0.24;0.61;0.43;-0.10;0.24;-0.97;
1.34;1.04;0.79;0.43;0.69;0.60;0.12;-0.24;0.55;0.37;0.54;-0.71;-0.18;-0.55;-1.40;-0.06;0.44;-0.88;0.79;-0.73;-0.18;0.31;-0.97;-0.04;0.67;-0.12;0.55;0.20;-0.21;1.00;0.73;0.49;1.10;0.70;0.66;0.20;0.37;-0.18;0.06;-0.11;0.23;-0.96;
-3.41;-2.44;3.17;0.43;0.69;0.59;0.24;0.55;0.24;0.39;0.54;-0.72;1.77;0.37;-0.24;-0.07;0.44;-0.87;0.67;0.37;-0.37;0.33;-0.96;-0.04;0.00;-0.43;-0.12;0.20;-0.21;1.01;0.24;0.67;1.77;0.70;0.67;0.19;0.00;-0.12;-0.06;-0.11;0.23;-0.96;
-2.62;-1.71;0.61;0.44;0.69;0.61;-0.30;-0.12;0.67;0.39;0.54;-0.72;1.16;-1.04;-0.67;-0.06;0.44;-0.87;0.61;-1.77;0.73;0.32;-0.96;-0.05;-0.37;-0.06;0.37;0.20;-0.21;1.01;0.49;0.79;1.52;0.70;0.67;0.19;
0.37;0.06;0.00;0.44;0.69;0.61;0.24;0.43;0.12;0.38;0.53;-0.73;-0.67;0.24;0.30;-0.07;0.43;-0.89;1.40;-0.43;-0.43;0.32;-0.95;-0.05;0.30;-0.24;0.30;0.19;-0.21;1.00;-3.05;0.79;4.21;0.69;0.64;0.19;0.12;-0.12;-0.12;-0.10;0.23;-0.97;
-3.90;-3.78;2.62;0.46;0.70;0.61;-1.04;-0.98;0.30;0.36;0.52;-0.71;0.37;1.10;-2.99;-0.07;0.41;-0.88;0.37;-3.23;1.89;0.30;-0.98;-0.03;0.00;0.12;0.18;0.20;-0.21;1.00;-3.05;0.61;3.23;0.69;0.67;0.20;0.43;0.24;-0.49;0.28;0.40;0.89;
1.77;-1.10;-1.10;0.44;0.69;0.62;0.79;1.04;0.37;0.37;0.54;-0.71;2.07;-0.43;-1.28;-0.07;0.43;-0.89;0.85;-0.12;-0.24;0.32;-0.96;-0.04;0.18;-0.12;0.49;0.20;-0.21;1.01;-0.18;0.55;1.52;0.70;0.66;0.20;0.37;0.06;-0.18;0.28;0.40;0.89;
-1.77;-1.10;0.91;0.44;0.70;0.61;0.67;0.49;-0.30;0.37;0.54;-0.71;-0.49;-0.06;0.00;-0.08;0.43;-0.88;-0.06;0.79;-0.37;0.32;-0.96;-0.04;0.30;0.00;0.18;0.20;-0.21;1.00;-0.18;0.12;1.40;0.71;0.67;0.20;
-0.18;0.06;0.43;0.44;0.69;0.61;0.49;-0.12;0.55;0.39;0.54;-0.73;0.61;-2.50;0.49;-0.05;0.43;-0.87;2.80;-2.13;0.73;0.33;-0.97;-0.04;-0.06;-0.18;0.49;0.20;-0.20;1.01;-1.59;1.34;1.10;0.70;0.67;0.20;0.18;0.18;0.00;-0.10;0.23;-0.96;
1.10;1.10;-0.61;0.44;0.70;0.61;-0.18;-0.61;1.28;0.38;0.53;-0.71;1.10;-0.79;0.06;-0.07;0.43;-0.87;0.55;-0.55;0.79;0.31;-0.97;-0.04;0.55;-0.55;0.37;0.19;-0.20;1.00;1.16;0.00;0.30;0.69;0.67;0.20;0.30;0.30;-0.06;-0.11;0.23;-0.97;
-2.56;-1.16;1.95;0.44;0.70;0.60;0.24;0.43;0.18;0.39;0.54;-0.72;1.40;-0.43;-0.98;-0.07;0.43;-0.89;2.13;-0.79;1.16;0.31;-0.97;-0.04;0.18;-0.43;0.55;0.20;-0.20;1.00;0.24;0.61;1.16;0.70;0.68;0.19;0.91;0.18;-0.43;0.28;0.40;0.88;
5.12;3.48;-3.96;0.45;0.71;0.60;1.40;0.06;0.12;0.36;0.55;-0.73;-2.38;-0.30;-1.34;-0.07;0.43;-0.89;-2.26;5.85;-3.11;0.34;-0.97;-0.04;0.18;-0.12;0.30;0.20;-0.21;0.99;-0.55;-0.43;-0.43;0.75;0.67;0.20;
-2.99;0.43;0.73;0.43;0.70;0.60;1.40;0.73;0.00;0.40;0.55;-0.73;0.00;-1.95;2.20;-0.05;0.43;-0.88;2.38;-2.38;1.65;0.32;-0.95;-0.03;0.18;-0.18;0.73;0.20;-0.21;1.01;1.46;0.55;1.22;0.68;0.67;0.20;0.18;-0.12;0.30;-0.11;0.23;-0.97;
-7.68;-3.90;1.46;0.46;0.71;0.60;-2.80;-1.16;0.30;0.38;0.53;-0.73;0.43;0.85;-3.66;-0.06;0.42;-0.87;4.45;-2.13;1.40;0.31;-0.98;-0.03;0.12;-0.12;0.49;0.20;-0.21;1.01;-0.85;0.37;1.83;0.70;0.67;0.19;
2.01;-0.24;-1.34;0.43;0.69;0.60;0.91;0.67;-0.37;0.38;0.53;-0.72;0.49;-0.24;-0.91;-0.07;0.43;-0.88;0.85;-0.43;-1.16;0.32;-0.96;-0.05;0.55;-0.55;-0.24;0.20;-0.20;1.01;-0.18;0.67;0.91;0.71;0.68;0.19;0.43;-0.30;0.12;-0.11;0.23;-0.96;
-4.94;-3.48;1.04;0.44;0.71;0.61;0.49;0.06;0.30;0.39;0.53;-0.72;0.67;-0.55;-0.49;-0.07;0.43;-0.89;0.43;0.91;-1.40;0.32;-0.96;-0.03;-0.18;-0.49;0.24;0.19;-0.21;1.01;0.98;1.16;0.55;0.70;0.66;0.20;0.37;0.12;-0.43;0.28;0.40;0.90;
-1.83;-2.68;1.83;0.44;0.70;0.61;0.79;0.73;0.49;0.38;0.54;-0.72;1.46;-1.10;0.43;-0.07;0.43;-0.88;3.23;-1.46;0.37;0.31;-0.97;-0.04;0.18;-0.37;0.12;0.19;-0.21;1.01;0.85;0.85;1.28;0.70;0.68;0.18;0.85;0.12;0.12;-0.11;0.23;-0.97;
-0.43;-0.37;0.06;0.44;0.70;0.59;0.91;-0.06;0.49;0.38;0.53;-0.72;0.43;-0.30;-0.98;-0.06;0.43;-0.89;0.98;0.79;0.85;0.32;-0.96;-0.04;0.37;0.00;0.67;0.19;-0.20;1.00;0.30;0.85;1.77;0.70;0.67;0.19;-0.24;0.12;-0.12;-0.10;0.23;-0.96;
0.12;0.12;0.61;0.44;0.69;0.60;0.06;0.06;0.18;0.39;0.53;-0.73;0.55;0.43;-0.85;-0.07;0.42;-0.88;3.48;-0.98;0.61;0.30;-0.98;-0.04;0.30;-0.24;0.67;0.20;-0.21;1.00;0.06;0.43;1.95;0.70;0.67;0.19;-0.18;0.12;-0.24;-0.11;0.24;-0.96;
-2.44;-2.13;-0.67;0.44;0.69;0.61;-0.73;-0.30;0.73;0.39;0.52;-0.72;0.43;-0.91;-1.46;-0.06;0.43;-0.88;0.67;-0.43;0.24;0.31;-0.97;-0.04;0.30;-0.12;0.43;0.21;-0.20;1.00;-0.55;1.16;2.01;0.70;0.66;0.19;
1.71;3.17;-3.11;0.44;0.71;0.60;1.52;0.73;-0.73;0.39;0.53;-0.73;-9.33;0.18;-0.30;-0.06;0.44;-0.87;-1.04;-0.37;-1.34;0.30;-0.98;-0.03;0.06;-0.12;0.73;0.20;-0.20;1.00;-0.37;1.22;1.95;0.72;0.67;0.18;
0.91;-0.12;0.49;0.44;0.70;0.60;0.30;-0.12;0.67;0.39;0.52;-0.72;2.68;-1.71;-2.32;-0.06;0.43;-0.89;3.48;-1.65;0.85;0.30;-0.98;-0.07;0.61;-0.12;0.49;0.19;-0.21;1.00;-1.28;0.24;2.50;0.71;0.67;0.18;0.24;0.18;-0.37;-0.10;0.23;-0.96;
2.26;3.41;-5.61;0.43;0.74;0.62;4.15;1.28;-0.37;0.34;0.51;-0.72;-5.43;2.68;0.30;-0.06;0.44;-0.88;-0.67;-3.54;-1.10;0.35;-0.94;-0.02;0.37;-0.91;0.37;0.20;-0.20;1.01;0.49;-1.04;0.37;0.70;0.66;0.19;0.49;0.00;-0.61;0.28;0.40;0.89;
-1.83;-1.16;0.85;0.42;0.71;0.61;0.73;0.91;0.00;0.38;0.53;-0.72;-0.24;-0.73;-1.89;-0.07;0.41;-0.89;1.28;0.30;0.73;0.32;-0.96;-0.02;0.85;-0.24;-0.06;0.20;-0.20;1.01;0.24;1.22;1.04;0.71;0.67;0.19;-0.43;-0.37;-0.55;-0.10;0.24;-0.96;
-1.28;-0.37;7.80;0.44;0.69;0.61;3.90;2.80;1.89;0.40;0.51;-0.72;0.00;0.49;0.49;-0.05;0.44;-0.84;-6.89;-3.84;-2.99;0.33;-1.00;-0.06;-0.43;-0.61;0.24;0.20;-0.21;1.00;-9.39;6.16;6.89;0.71;0.68;0.20;
-26.77;-26.71;-21.89;0.37;0.71;0.65;-4.76;1.65;-0.67;0.35;0.54;-0.74;-7.87;-3.54;-3.11;-0.07;0.47;-0.85;-7.99;-14.70;5.98;0.37;-1.01;0.02;-0.06;-0.06;-0.30;0.20;-0.21;1.00;0.18;-0.18;-0.12;-0.11;0.23;-0.96;
-28.35;-16.10;-10.43;0.51;0.57;0.68;3.72;-1.77;8.35;0.27;0.66;-0.69;-12.26;3.72;0.55;-0.00;0.53;-0.85;13.17;1.28;-3.11;0.34;-0.93;0.03;1.16;-0.49;0.30;0.19;-0.22;1.00;14.76;0.24;-1.40;0.72;0.64;0.36;
-6.65;-0.43;-0.67;0.55;0.55;0.72;0.30;-0.12;3.29;0.35;0.57;-0.71;-4.94;-1.59;2.38;-0.02;0.51;-0.89;-1.65;-0.18;0.79;0.27;-0.97;-0.02;0.98;-0.55;0.18;0.20;-0.22;1.00;-1.52;0.24;4.02;0.72;0.57;0.36;
70.18;-41.65;2.13;0.44;0.27;0.38;2.01;0.24;1.65;0.34;0.55;-0.73;2.93;-1.83;0.73;-0.04;0.48;-0.86;-0.24;1.59;-1.10;0.25;-1.00;0.01;0.73;-0.12;0.12;0.20;-0.21;0.99;-5.00;-1.52;1.65;0.78;0.52;0.38;
-0.49;-0.37;0.91;0.49;0.56;0.69;-0.61;0.00;0.12;0.36;0.55;-0.73;-1.59;0.30;1.65;-0.01;0.49;-0.85;3.72;-0.37;-2.38;0.30;-0.98;0.03;0.00;-0.49;0.43;0.20;-0.21;1.00;1.46;0.67;0.91;0.74;0.56;0.36;0.06;-0.18;0.67;-0.11;0.22;-0.97;0.67;0.00;-0.85;0.28;0.40;0.89;
-0.61;-0.18;-0.55;0.51;0.56;0.70;0.61;0.00;0.67;0.35;0.56;-0.72;0.06;-0.43;-0.55;-0.03;0.50;-0.84;-0.06;-0.24;0.18;0.29;-0.97;0.02;-0.06;-0.12;0.24;0.19;-0.21;1.01;-0.79;0.49;2.32;0.75;0.56;0.36;
-0.18;0.61;0.43;0.51;0.55;0.70;0.43;0.06;0.18;0.36;0.55;-0.72;-0.55;-0.49;-1.16;-0.03;0.50;-0.85;0.79;-0.37;-0.12;0.28;-0.97;0.02;0.30;-0.12;0.24;0.19;-0.20;1.01;-1.71;0.79;2.80;0.75;0.55;0.37;-0.06;-0.12;-0.30;-0.11;0.23;-0.97;0.43;0.24;-0.49;0.29;0.40;0.89;
-1.59;-0.37;0.37;0.51;0.55;0.69;0.49;0.18;0.91;0.35;0.56;-0.72;0.37;-1.46;-1.22;-0.03;0.50;-0.86;0.85;0.24;0.55;0.29;-0.98;0.01;-0.06;-0.30;0.43;0.20;-0.20;1.00;-1.10;-0.30;0.49;0.75;0.56;0.36;-0.24;0.06;0.06;0.28;0.41;0.90;
-2.80;-2.74;-2.20;0.52;0.55;0.70;0.24;-1.28;1.77;0.35;0.55;-0.73;1.65;-1.40;-0.12;-0.03;0.49;-0.85;0.30;2.74;0.12;0.29;-0.97;0.05;-4.57;0.12;0.98;0.19;-0.21;1.00;-1.40;-2.68;1.16;0.75;0.57;0.36;0.12;0.37;-0.24;-0.10;0.22;-0.96;
6.46;6.52;2.87;0.53;0.60;0.66;4.09;2.01;1.34;0.35;0.55;-0.75;-9.82;1.34;0.55;-0.05;0.51;-0.86;-3.05;-10.18;0.91;0.27;-0.98;-0.01;0.55;-0.98;-0.12;0.19;-0.21;1.00;-2.20;4.45;0.98;0.74;0.61;0.30;0.00;0.00;-0.37;-0.10;0.23;-0.96;
