-0.12;0.00;-0.37;-0.05;0.91;0.39;0.30;-0.12;-0.06;-0.06;0.92;0.39;0.30;-0.37;-0.37;-0.05;0.93;0.39;-0.06;0.30;-0.18;-0.05;0.92;0.39;0.18;-0.24;-0.18;-0.05;0.92;0.39;0.79;0.06;0.00;-0.06;0.92;0.39;0.06;-0.24;-0.24;-0.05;0.93;0.39;-0.24;-0.18;-0.18;-0.05;0.92;0.39
0.24;0.06;-0.18;-0.05;0.93;0.38;0.24;-0.30;-0.06;-0.06;0.93;0.39;0.12;0.00;-0.55;-0.05;0.93;0.39;0.43;-0.18;-0.30;-0.05;0.92;0.39;0.55;0.00;-0.24;-0.05;0.93;0.39;-0.18;-0.12;-0.55;-0.05;0.92;0.39;0.00;-0.06;-0.24;-0.05;0.93;0.39;0.12;-0.43;-0.49;-0.05;0.93;0.39
-0.12;-0.24;-0.18;-0.05;0.92;0.39;-0.24;0.37;-0.37;-0.05;0.93;0.39;0.18;-0.37;-0.49;-0.04;0.93;0.39;0.12;0.06;-0.06;-0.05;0.93;0.39;0.37;0.12;-0.37;-0.05;0.93;0.39;0.55;0.00;-0.43;-0.05;0.93;0.38;0.55;0.30;-0.12;-0.04;0.94;0.39;0.61;-0.12;-0.61;-0.05;0.93;0.40
0.18;0.18;-0.06;-0.05;0.92;0.38;0.00;-0.49;-0.55;-0.05;0.93;0.39;0.67;-0.43;-0.24;-0.05;0.92;0.39;0.00;0.30;-0.43;-0.05;0.93;0.39;0.79;0.00;0.18;-0.05;0.92;0.39;0.30;0.30;-0.06;-0.05;0.92;0.39;0.67;0.24;-0.06;-0.06;0.92;0.39;0.49;-0.12;-0.30;-0.05;0.93;0.38
0.18;0.30;-0.24;-0.06;0.93;0.39;0.43;0.12;-0.12;-0.05;0.93;0.39;0.85;-0.30;0.12;-0.05;0.92;0.39;0.24;0.30;-0.49;-0.06;0.93;0.39;0.12;0.12;-0.18;-0.05;0.93;0.39;0.00;-0.12;-0.18;-0.05;0.93;0.39;0.18;0.18;-0.18;-0.05;0.93;0.39;0.37;-0.30;-0.24;-0.05;0.93;0.39
0.24;-0.24;0.00;-0.05;0.93;0.39;0.24;0.00;-0.30;-0.05;0.93;0.40;0.49;-0.55;0.06;-0.05;0.93;0.38;0.30;0.12;-0.18;-0.05;0.93;0.39;-0.12;0.00;-0.24;-0.05;0.92;0.39;0.43;-0.43;-0.24;-0.05;0.93;0.38;0.18;0.24;0.12;-0.06;0.93;0.39;0.24;-0.18;0.00;-0.05;0.93;0.39
0.06;0.00;0.12;-0.05;0.93;0.39;0.37;-0.06;0.06;-0.05;0.93;0.39;0.73;0.18;-0.12;-0.05;0.93;0.40;0.18;-0.18;-0.67;-0.06;0.93;0.39;0.30;0.30;-0.67;-0.05;0.92;0.40;0.61;0.12;-0.06;-0.05;0.92;0.38;-0.49;0.00;-0.30;-0.05;0.92;0.39;-0.43;0.24;-0.49;-0.05;0.93;0.39
-0.12;-0.37;0.12;-0.05;0.94;0.40;0.49;-0.12;-0.18;-0.05;0.92;0.40;0.06;0.37;-0.06;-0.05;0.92;0.40;0.91;-0.12;-0.30;-0.05;0.93;0.39;-0.06;-0.12;-0.30;-0.05;0.93;0.39;0.24;-0.06;-0.37;-0.05;0.92;0.40;0.00;-0.12;-0.37;-0.05;0.93;0.39;0.37;-0.06;0.30;-0.05;0.92;0.39
0.49;0.37;-0.49;-0.05;0.93;0.39;0.24;-0.49;-0.18;-0.06;0.92;0.39;0.37;-0.55;0.06;-0.04;0.92;0.39;0.43;-0.37;-0.18;-0.04;0.93;0.39;0.67;-0.06;-0.12;-0.05;0.93;0.39;0.61;0.18;-0.37;-0.05;0.92;0.39;0.37;-0.12;0.06;-0.05;0.93;0.39;0.79;-0.30;-0.30;-0.06;0.93;0.39
0.30;0.12;-0.30;-0.06;0.93;0.39;0.37;-0.06;0.06;-0.05;0.93;0.39;0.43;-0.49;-1.04;-0.05;0.93;0.39;0.00;-0.18;0.49;-0.05;0.92;0.39;0.30;-0.18;-0.30;-0.04;0.93;0.38;0.24;0.18;-0.06;-0.05;0.93;0.39;0.55;-0.06;-0.24;-0.05;0.93;0.39;0.43;0.12;-0.30;-0.05;0.92;0.39
0.12;0.00;-0.55;-0.05;0.93;0.39;-0.37;-0.24;-0.49;-0.05;0.93;0.39;-0.18;0.37;0.06;-0.05;0.93;0.39;0.43;-0.73;-0.12;-0.05;0.93;0.38;0.43;0.18;-0.55;-0.05;0.93;0.39;0.55;-0.18;-0.18;-0.05;0.93;0.39;0.00;0.24;-0.43;-0.04;0.92;0.39;0.18;0.30;-0.37;-0.05;0.92;0.39
-0.06;0.00;0.18;-0.05;0.93;0.39;0.18;-0.18;-0.30;-0.05;0.92;0.39;0.37;-0.06;-0.30;-0.05;0.93;0.39;0.43;0.37;-0.30;-0.05;0.93;0.39;0.18;-0.61;-0.24;-0.06;0.93;0.39;0.37;0.00;-0.49;-0.05;0.93;0.38;0.12;0.43;-0.49;-0.06;0.93;0.39;0.30;0.30;-0.37;-0.05;0.93;0.39
0.12;0.00;0.18;-0.05;0.92;0.39;0.30;0.30;-0.37;-0.05;0.93;0.39;0.37;-0.06;-0.37;-0.05;0.93;0.39;-0.30;0.18;-0.43;-0.05;0.92;0.40;0.24;0.18;-0.55;-0.05;0.92;0.38;0.18;-0.18;-0.24;-0.05;0.93;0.39;0.43;0.06;-0.12;-0.06;0.92;0.39;0.37;-0.24;0.00;-0.05;0.92;0.39
0.00;-0.18;0.06;-0.05;0.94;0.40;0.61;-0.30;0.00;-0.05;0.93;0.39;0.12;0.73;-0.06;-0.04;0.93;0.39;0.18;-0.18;-0.55;-0.05;0.93;0.40;0.18;-0.06;-0.43;-0.05;0.93;0.39;0.12;-0.06;-0.55;-0.05;0.93;0.40;0.06;0.24;-0.61;-0.04;0.93;0.39;0.61;-0.06;-0.37;-0.05;0.93;0.38
0.43;0.00;-0.24;-0.05;0.93;0.40;0.37;0.43;0.24;-0.04;0.93;0.39;0.00;0.00;-0.30;-0.05;0.93;0.39;0.55;-0.18;-0.30;-0.05;0.93;0.38;0.55;0.00;-0.55;-0.05;0.93;0.38;0.00;0.30;-0.55;-0.06;0.93;0.40;-0.06;-0.06;-0.30;-0.05;0.93;0.38;0.49;0.12;-0.24;-0.05;0.93;0.39
0.24;-0.37;-0.67;-0.05;0.93;0.39;-0.12;0.00;-0.55;-0.05;0.93;0.39;0.00;0.24;-0.24;-0.05;0.92;0.39;-0.12;-0.06;-0.55;-0.05;0.92;0.39;0.24;-0.18;-0.43;-0.05;0.93;0.39;0.30;0.24;0.49;-0.06;0.93;0.39;-0.12;0.06;0.18;-0.05;0.93;0.39;0.55;-0.24;-0.18;-0.05;0.93;0.39
0.06;-0.55;-0.24;-0.05;0.93;0.39;0.37;-0.37;-0.37;-0.05;0.93;0.39;0.91;0.49;-0.73;-0.06;0.93;0.39;0.49;-0.49;-0.61;-0.05;0.92;0.40;0.55;-0.30;-0.12;-0.05;0.93;0.39;-0.06;-0.06;-0.30;-0.05;0.93;0.39;-0.43;-0.24;0.00;-0.05;0.92;0.40;-0.43;-0.37;-0.30;-0.05;0.93;0.40
-0.06;0.06;0.00;-0.05;0.93;0.39;0.06;-0.18;-0.06;-0.05;0.93;0.39;0.67;-0.12;-0.30;-0.05;0.94;0.39;-0.18;0.18;0.67;-0.05;0.93;0.39;0.00;-0.30;-0.18;-0.06;0.92;0.39;0.12;0.06;0.24;-0.05;0.93;0.39;0.24;-0.18;-0.30;-0.05;0.93;0.39;-0.06;0.00;-0.06;-0.05;0.92;0.39
0.30;-0.12;0.12;-0.05;0.93;0.39;-0.43;-0.24;0.00;-0.06;0.93;0.39;0.37;0.30;-0.67;-0.05;0.93;0.40;0.55;0.06;-0.30;-0.05;0.93;0.40;0.30;-0.12;-0.06;-0.05;0.93;0.39;-0.12;-0.37;0.00;-0.05;0.93;0.39;0.85;-0.24;-0.06;-0.05;0.92;0.39;0.06;0.12;-0.30;-0.04;0.93;0.39
