
N5:
-0.49;1.89;2.44;-0.19;-0.02;-0.98;-0.18;1.52;1.40;-0.18;-0.02;-0.97;-0.18;-0.55;0.00;-0.18;-0.01;-0.98;

N5:
-0.37;0.06;0.24;-0.18;-0.01;-0.98;-0.43;-0.12;0.06;-0.18;-0.01;-0.97;-0.30;-0.06;0.18;-0.18;-0.02;-0.98;

N5:
-0.67;0.06;-0.43;-0.19;-0.03;-0.98;0.00;-0.06;0.24;-0.18;-0.01;-0.98;-0.18;0.06;0.00;-0.18;-0.02;-0.98;

N5:
-0.37;0.00;-0.18;-0.18;-0.02;-0.98;-0.24;-0.18;0.18;-0.18;-0.02;-0.98;-1.10;0.12;0.00;-0.17;-0.02;-0.98;

N5:
-0.24;-0.18;-0.12;-0.18;-0.01;-0.98;-0.06;0.37;0.00;-0.17;-0.02;-0.98;-0.18;-0.24;-0.49;-0.18;-0.02;-0.97;

N5:
0.18;-0.12;0.24;-0.18;-0.02;-0.97;-0.30;-0.12;0.18;-0.18;-0.01;-0.98;-0.55;-0.43;0.43;-0.18;-0.02;-0.97;

N5:
-0.43;-0.06;0.12;-0.18;-0.02;-0.98;-0.49;-0.24;-0.24;-0.17;-0.02;-0.98;-0.61;-0.73;0.06;-0.18;-0.02;-0.97;

N5:
-0.43;0.24;-0.18;-0.18;-0.02;-0.98;-0.49;0.00;0.18;-0.18;-0.02;-0.98;-0.49;-0.12;-0.18;-0.19;-0.01;-0.97;

N5:
-0.79;-0.43;0.12;-0.18;-0.01;-0.98;-0.37;-0.06;0.30;-0.18;-0.02;-0.98;0.61;-0.49;0.30;-0.18;-0.02;-0.98;

N5:
-0.37;-0.12;0.30;-0.17;-0.01;-0.98;-0.24;-0.06;0.30;-0.18;-0.02;-0.98;-0.49;-0.12;0.24;-0.18;-0.01;-0.98;

N5:
-0.79;-0.24;-0.06;-0.17;-0.02;-0.97;-0.55;-0.30;0.06;-0.18;-0.02;-0.98;-1.10;-0.06;-0.30;-0.17;-0.01;-0.97;

N5:
-0.30;-0.43;0.24;-0.18;-0.01;-0.99;0.06;-0.12;0.12;-0.18;-0.02;-0.98;-0.55;0.06;0.00;-0.18;-0.02;-0.97;

N5:
0.00;0.43;-0.24;-0.18;-0.02;-0.97;-0.79;-0.18;0.12;-0.18;-0.01;-0.97;-0.12;-0.67;0.12;-0.17;-0.02;-0.97;

N5:
-1.10;-0.30;-0.61;-0.18;-0.02;-0.98;-0.30;-0.73;0.24;-0.17;-0.01;-0.98;-0.30;-0.12;0.24;-0.17;-0.02;-0.98;

N5:
-0.85;-0.67;0.30;-0.18;-0.01;-0.98;0.12;-0.18;-0.06;-0.18;-0.02;-0.98;0.18;-0.30;0.24;-0.18;-0.02;-0.98;

N5:
-12.44;0.67;-16.16;-0.18;-0.01;-0.97;-4.45;1.65;-1.34;-0.20;-0.11;-0.97;4.76;6.83;-0.06;-0.19;-0.01;-0.97;

N5:
-0.43;-0.30;-0.61;-0.19;-0.01;-0.99;0.18;-0.37;-0.12;-0.19;-0.01;-0.96;-0.18;0.00;0.24;-0.19;-0.01;-0.99;

N5:
-0.49;-0.37;0.43;-0.19;-0.01;-0.97;-0.24;-0.06;0.12;-0.20;-0.03;-0.98;0.12;0.00;-0.06;-0.19;-0.01;-0.98;

N5:
0.06;-0.12;0.12;-0.19;-0.02;-0.96;-0.06;-0.37;0.18;-0.19;-0.02;-0.97;-0.37;-0.43;0.18;-0.19;-0.01;-0.98;

N5:
-0.67;-0.12;-0.18;-0.18;-0.01;-0.98;-0.67;0.00;0.06;-0.18;-0.02;-0.98;-0.06;0.06;0.24;-0.19;-0.01;-0.98;

N5:
-0.49;-0.91;-0.06;-0.19;-0.02;-0.98;-0.30;-0.06;0.18;-0.19;-0.02;-0.97;-0.67;0.00;-0.73;-0.19;-0.01;-0.97;

N5:
0.00;-0.06;-0.49;-0.19;-0.01;-0.97;-0.24;-0.55;-0.30;-0.19;-0.02;-0.97;0.00;0.06;0.43;-0.19;-0.02;-0.97;

N5:
-0.18;-0.79;0.06;-0.19;-0.02;-0.97;0.55;-0.24;-0.24;-0.19;-0.02;-0.98;-0.67;-0.55;0.12;-0.19;-0.02;-0.97;

N5:
-0.61;0.06;-0.18;-0.20;-0.02;-0.97;-0.49;-0.24;0.18;-0.19;-0.02;-0.98;0.06;-0.24;-0.30;-0.19;-0.02;-0.98;

N5:
-0.37;-0.24;0.06;-0.18;-0.02;-0.97;-0.18;-0.30;0.67;-0.19;-0.02;-0.97;-0.49;0.00;-0.12;-0.18;-0.01;-0.98;

N5:
-0.30;-0.12;0.00;-0.19;-0.02;-0.98;-0.06;-0.06;0.18;-0.20;-0.02;-0.97;-0.67;0.00;0.18;-0.19;-0.02;-0.98;

N5:
-0.61;-0.24;0.24;-0.19;-0.01;-0.98;-0.30;-0.30;0.30;-0.19;-0.02;-0.98;-0.30;-0.18;0.12;-0.18;-0.01;-0.97;

N5:
-0.06;-0.12;0.12;-0.19;-0.02;-0.99;-0.12;0.37;-0.49;-0.19;-0.02;-0.98;-0.24;-0.12;0.43;-0.19;-0.02;-0.97;

N5:
-0.24;0.37;0.30;-0.20;-0.01;-0.98;-0.37;-0.06;-0.06;-0.19;-0.02;-0.98;-0.43;0.18;0.06;-0.19;-0.02;-0.99;

N5:
-0.49;-0.18;0.37;-0.19;-0.01;-0.98;-0.37;-0.06;-0.18;-0.19;-0.02;-0.98;-0.18;-0.37;-0.06;-0.19;-0.02;-0.98;

N5:
-17.80;-11.22;-71.40;-0.70;-0.38;-0.91;-50.24;5.98;-12.68;0.19;0.31;-1.16;-42.44;26.28;-40.85;0.10;0.18;-1.11;

N5:
-2.93;6.95;-101.83;0.13;0.10;-0.96;-33.35;-9.02;-166.28;-0.39;0.03;-1.19;-48.66;-22.68;-123.96;-0.49;-0.83;-0.97;

N5:
-0.37;-0.49;0.18;-0.19;-0.01;-0.98;-17.74;1.89;-43.17;-0.25;-0.34;-0.96;-4.33;-4.09;21.28;-0.19;-0.07;-1.00;

N5:
10.30;-3.23;-93.11;-0.04;-0.56;-1.13;27.20;-8.23;-42.68;-0.11;-0.69;-0.89;-1.95;1.65;-2.32;-0.14;-0.22;-0.97;

N5:
-14.09;3.66;-25.18;-0.09;0.33;-1.04;-0.91;-14.21;-60.06;-0.31;-0.12;-0.90;-5.91;-1.46;-47.62;-0.21;-0.02;-0.96;

N5:
55.73;4.09;200.06;0.06;0.49;-1.02;14.02;9.88;72.56;-0.26;0.67;-0.95;29.33;36.46;102.07;-0.32;0.26;-0.63;

N5:
137.44;6.59;441.83;-0.01;0.43;-1.03;-3.35;3.54;266.10;-0.08;1.42;-0.92;165.30;5.30;-94.02;-0.01;1.16;-0.52;

N5:
95.91;15.00;260.49;0.12;0.70;-1.22;20.30;14.15;53.23;-0.06;1.24;-0.95;-16.59;12.62;-73.48;-0.05;0.92;-0.97;

N5:
-11.28;25.43;150.79;0.05;1.33;-1.04;3.41;-1.52;-32.13;-0.22;0.76;-0.79;-29.09;-7.62;-260.98;0.28;0.82;-1.05;

N5:
49.02;34.39;203.72;-0.07;1.31;-1.25;-10.12;6.52;-16.52;-0.15;0.57;-0.94;-36.34;-2.80;-72.13;-0.10;0.87;-0.96;

N5:
70.91;20.18;184.21;0.52;1.52;-0.86;-4.57;20.98;-62.56;-0.32;0.75;-0.96;-52.99;5.91;-213.23;0.01;1.09;-1.14;

N5:
-26.40;14.76;-96.28;-0.18;0.66;-0.97;-80.98;23.96;-253.60;-0.00;0.35;-0.86;-48.96;-12.32;-223.17;-0.00;-0.17;-0.94;

N5:
0.18;0.49;0.61;-0.17;-0.01;-0.98;-0.79;0.12;-0.61;-0.18;-0.02;-0.97;-0.18;0.49;-0.06;-0.18;-0.02;-0.99;

N5:
-0.24;-0.30;0.55;-0.17;-0.02;-0.98;0.12;-0.91;-0.30;-0.18;-0.01;-0.97;25.06;25.79;105.24;0.11;0.24;-1.02;

N5:
-12.80;-13.17;-21.34;-0.30;-0.10;-0.59;-11.52;-3.29;2.93;-0.17;-0.01;-1.00;0.06;-0.12;-0.18;-0.17;-0.03;-0.98;

N5:
-30.98;24.45;20.61;-0.03;0.03;-0.70;34.76;19.94;9.21;-0.38;-0.12;-0.93;26.22;12.13;22.56;0.02;-0.00;-0.98;

N5:
-3.48;-1.89;-10.79;-0.19;-0.00;-0.94;0.30;7.80;3.60;-0.25;-0.13;-0.97;13.11;-6.52;26.65;-0.28;-0.32;-0.81;

N5:
-0.37;-0.61;0.55;-0.22;-0.01;-0.97;-0.18;-1.10;-0.18;-0.23;-0.02;-0.97;-0.43;-0.24;-0.12;-0.23;-0.01;-0.97;

N5:
0.24;0.12;0.85;-0.22;-0.01;-0.97;-0.06;-0.43;0.12;-0.22;-0.02;-0.98;-0.06;-0.91;0.12;-0.22;-0.01;-0.97;

N5:
-4.51;3.29;-16.71;-0.18;0.06;-0.96;-0.06;-0.06;0.43;-0.23;-0.01;-0.97;-0.73;0.18;0.61;-0.21;-0.02;-0.97;

N5:
12.38;0.49;-0.91;-0.21;0.04;-0.95;15.55;-2.56;1.10;-0.21;0.04;-0.94;28.60;-5.37;-2.44;-0.22;0.01;-1.01;

N5:
6.89;2.87;-2.44;-0.21;0.01;-0.96;21.65;0.98;-3.05;-0.21;-0.01;-0.96;0.24;1.71;0.49;-0.22;-0.02;-0.97;

N5:
18.11;-0.18;-4.39;-0.21;-0.04;-0.97;24.57;-5.24;-3.23;-0.22;-0.06;-0.97;0.43;-0.43;0.67;-0.21;-0.05;-0.98;

N5:
-0.18;-0.98;0.30;-0.22;-0.05;-0.97;1.40;-3.48;2.87;-0.20;-0.05;-0.95;0.24;-2.99;2.13;-0.23;-0.06;-0.99;

N5:
-0.24;-2.93;-0.43;-0.23;-0.05;-0.96;0.79;-1.16;-1.52;-0.23;-0.05;-0.97;6.40;-1.89;-2.87;-0.22;-0.06;-0.96;

N5:
0.55;-1.10;-0.67;-0.24;-0.05;-0.97;-0.91;-0.79;0.18;-0.23;-0.06;-0.96;2.38;-0.12;-1.16;-0.24;-0.06;-0.97;

N5:
-1.71;-1.34;0.43;-0.24;-0.06;-0.97;-0.98;-3.29;0.61;-0.23;-0.05;-0.96;-0.49;0.06;-0.91;-0.24;-0.05;-0.98;

N5:
11.95;1.40;-3.66;-0.23;-0.06;-0.98;18.66;-3.23;-1.89;-0.24;-0.08;-0.96;10.55;-1.34;-1.89;-0.23;-0.09;-0.96;

N5:
-1.04;-2.44;0.00;-0.24;-0.09;-0.96;-1.59;-2.80;0.37;-0.23;-0.09;-0.96;-6.16;3.05;-0.61;-0.24;-0.09;-0.97;

N5:
0.91;1.52;-0.37;-0.24;-0.10;-0.96;1.10;-2.01;1.77;-0.25;-0.10;-0.96;0.12;-0.55;0.43;-0.23;-0.09;-0.96;

N5:
-0.67;-0.73;-0.24;-0.24;-0.08;-0.96;-0.24;0.12;0.30;-0.24;-0.09;-0.96;0.30;2.13;-0.61;-0.23;-0.09;-0.97;

N5:
-0.18;0.49;0.06;-0.23;-0.09;-0.97;-0.55;0.00;0.24;-0.24;-0.09;-0.96;-0.73;-0.55;0.49;-0.24;-0.09;-0.97;

N5:
-0.43;0.55;-0.49;-0.23;-0.09;-0.96;-0.18;1.34;0.12;-0.24;-0.09;-0.96;0.06;0.61;0.12;-0.23;-0.09;-0.97;

N5:
-11.95;5.73;4.94;-0.24;-0.10;-0.96;-10.06;9.51;2.20;-0.25;-0.09;-1.00;-9.76;1.10;-28.48;-0.16;0.03;-0.90;

N5:
-9.51;-3.41;-0.73;-0.21;-0.24;-0.96;-2.74;0.98;-0.30;-0.21;-0.04;-0.97;9.09;2.07;-2.74;-0.22;-0.05;-0.98;

N5:
-5.79;-1.16;1.28;-0.19;-0.02;-0.97;8.11;2.44;-1.89;-0.19;-0.03;-0.97;-1.28;-0.79;0.85;-0.19;-0.04;-0.97;

N5:
0.12;0.30;-0.06;-0.19;-0.05;-0.98;-0.55;0.61;0.00;-0.20;-0.04;-0.98;0.30;0.12;-0.12;-0.19;-0.04;-0.97;

N5:
0.00;0.12;-0.06;-0.20;-0.05;-0.97;-0.49;-0.85;-0.30;-0.18;-0.05;-0.97;-0.30;-0.18;-0.24;-0.19;-0.04;-0.97;

N5:
-0.37;-0.06;0.00;-0.19;-0.04;-0.98;-0.24;-0.18;0.55;-0.18;-0.04;-0.97;-0.55;0.37;-0.67;-0.19;-0.05;-0.98;

N5:
-0.06;-0.06;-0.37;-0.19;-0.04;-0.97;0.91;-0.18;-0.12;-0.20;-0.05;-0.99;0.98;0.49;0.18;-0.19;-0.05;-0.98;

N5:
7.87;4.70;-2.13;-0.19;-0.04;-1.00;-80.00;-34.21;7.44;-0.14;0.20;-0.82;5.67;-20.06;-17.01;-0.22;0.02;-1.01;

N5:
-0.06;-0.12;0.43;-0.19;-0.02;-0.97;-0.37;0.18;0.00;-0.20;-0.02;-0.98;0.37;-0.12;-0.12;-0.21;-0.02;-0.97;

N5:
-0.55;-0.30;1.04;-0.20;-0.02;-0.98;-0.18;0.06;-0.06;-0.20;-0.01;-0.97;0.06;0.67;0.43;-0.20;-0.02;-0.98;

N5:
0.06;-0.79;0.06;-0.20;-0.02;-0.98;-0.61;0.00;0.00;-0.19;-0.02;-0.96;-0.30;-0.43;-0.06;-0.20;-0.02;-0.98;

N5:
-0.79;0.06;0.43;-0.19;-0.02;-0.98;-0.61;0.30;-0.06;-0.20;-0.02;-0.97;-0.49;0.12;-0.06;-0.21;-0.02;-0.98;

N5:
0.06;-0.12;0.24;-0.20;-0.03;-0.98;-0.43;-0.24;-0.30;-0.20;-0.02;-0.99;-0.37;0.00;0.61;-0.19;-0.02;-0.97;

N5:
-0.30;-0.43;-0.18;-0.19;-0.02;-0.98;0.06;0.18;-0.12;-0.19;-0.02;-0.98;-0.67;-0.12;-0.24;-0.19;-0.02;-0.97;

N5:
-0.43;0.30;0.12;-0.19;-0.03;-0.98;-0.30;-0.67;0.00;-0.19;-0.02;-0.97;-1.04;0.12;-0.06;-0.20;-0.03;-0.98;

N5:
-0.43;-0.12;0.06;-0.20;-0.02;-0.98;-0.06;0.12;0.12;-0.20;-0.01;-0.98;0.06;-0.12;-0.12;-0.19;-0.02;-0.98;

N5:
0.37;-0.37;0.06;-0.19;-0.03;-0.97;-1.22;-0.24;0.12;-0.19;-0.02;-0.97;-1.04;-0.43;0.18;-0.19;-0.03;-0.98;

N5:
-0.24;-0.06;-0.49;-0.20;-0.02;-0.98;0.18;0.37;-0.37;-0.20;-0.03;-0.98;0.18;-0.24;-0.18;-0.19;-0.02;-0.96;

N5:
-0.18;0.00;0.24;-0.19;-0.03;-0.99;0.37;-0.24;0.18;-0.20;-0.02;-0.98;0.37;0.37;0.06;-0.20;-0.02;-0.97;

N5:
-0.49;-0.06;0.24;-0.20;-0.02;-0.98;-0.67;0.30;-0.30;-0.20;-0.03;-0.96;0.00;0.18;0.30;-0.20;-0.02;-0.98;

N5:
-0.43;-0.37;-0.12;-0.20;-0.02;-0.97;-0.37;-0.18;-0.24;-0.20;-0.02;-0.98;-0.30;0.24;-0.12;-0.20;-0.02;-0.98;

N5:
-0.24;-0.18;-0.12;-0.19;-0.03;-0.97;-0.18;0.24;-0.24;-0.19;-0.03;-0.98;-0.37;-0.18;-0.06;-0.20;-0.02;-0.97;

N5:
-0.30;-0.79;-0.24;-0.20;-0.03;-0.97;-0.73;-0.43;-0.18;-0.20;-0.02;-0.98;-0.79;0.12;0.06;-0.20;-0.03;-0.98;

N5:
-0.67;0.00;-0.06;-0.19;-0.03;-0.97;-0.12;0.00;-0.24;-0.19;-0.02;-0.97;-0.55;-0.49;-0.12;-0.19;-0.02;-0.98;

N5:
-0.43;-0.30;-0.43;-0.19;-0.03;-0.98;-0.49;-0.24;-0.12;-0.19;-0.03;-0.97;-0.73;0.30;0.37;-0.20;-0.02;-0.98;

N5:
0.61;0.06;-0.18;-0.19;-0.03;-0.97;-0.30;-0.43;0.12;-0.20;-0.02;-0.98;-0.43;0.06;-0.30;-0.19;-0.02;-0.97;

N5:
-0.43;-0.30;0.43;-0.19;-0.02;-0.98;-0.55;-0.06;0.18;-0.20;-0.03;-0.97;-0.12;-0.24;-0.06;-0.19;-0.03;-0.97;

N5:
0.00;-0.06;-0.30;-0.20;-0.03;-0.97;-0.43;-0.24;0.06;-0.19;-0.03;-0.97;-0.79;-0.55;0.12;-0.20;-0.03;-0.97;

N5:
-0.06;-0.37;0.00;-0.19;-0.02;-0.98;-0.06;0.18;0.12;-0.20;-0.02;-0.97;-0.37;-0.49;0.30;-0.20;-0.02;-0.98;

N5:
-0.37;-0.18;0.43;-0.20;-0.03;-0.98;-0.24;-0.12;-0.24;-0.19;-0.02;-0.97;-0.49;-0.12;0.43;-0.19;-0.02;-0.98;

N5:
-0.12;0.18;-0.12;-0.19;-0.02;-0.98;-0.24;0.00;0.06;-0.20;-0.02;-0.98;0.06;0.12;-0.06;-0.20;-0.02;-0.98;

N5:
-0.37;-0.18;-0.12;-0.20;-0.02;-0.98;-0.73;0.06;0.12;-0.20;-0.03;-0.97;-0.67;-0.06;0.12;-0.20;-0.02;-0.97;

N5:
-0.12;-0.24;-0.12;-0.20;-0.03;-0.97;-0.43;-0.18;0.43;-0.20;-0.01;-0.98;-0.18;0.06;-0.30;-0.20;-0.02;-0.97;

N5:
-0.43;-0.18;-0.24;-0.19;-0.02;-0.98;-0.43;-0.30;0.18;-0.20;-0.02;-0.98;-0.91;0.00;-0.12;-0.20;-0.02;-0.98;

N5:
-0.24;-0.12;0.12;-0.20;-0.03;-0.98;-0.61;0.12;-0.18;-0.20;-0.02;-0.98;-0.67;-0.43;0.37;-0.20;-0.03;-0.97;

N5:
-0.43;0.18;-0.24;-0.19;-0.02;-0.97;-0.49;-0.30;0.37;-0.20;-0.02;-0.97;-0.37;0.18;0.18;-0.20;-0.03;-0.98;

N5:
-0.12;0.06;0.30;-0.19;-0.02;-0.97;-0.43;-0.06;0.43;-0.20;-0.02;-0.97;-0.06;0.18;-0.79;-0.20;-0.02;-0.97;

N5:
-0.18;-0.24;0.12;-0.20;-0.02;-0.98;0.06;-0.55;-0.12;-0.20;-0.03;-0.98;-0.43;-0.61;0.37;-0.20;-0.02;-0.98;

N5:
-0.24;-0.12;0.43;-0.19;-0.02;-0.97;-0.30;-0.12;-0.12;-0.20;-0.03;-0.98;-0.67;0.18;0.18;-0.19;-0.02;-0.99;

N5:
-0.37;-0.55;-0.24;-0.19;-0.03;-0.98;-0.43;-0.73;0.06;-0.19;-0.02;-0.98;-0.06;-0.61;-0.06;-0.20;-0.03;-0.97;

N5:
-0.37;-0.12;0.30;-0.19;-0.03;-0.98;-0.24;0.00;-0.18;-0.19;-0.02;-0.97;-0.43;-0.24;0.12;-0.20;-0.02;-0.97;

N5:
-0.49;-0.06;0.49;-0.20;-0.03;-0.98;-0.55;0.18;0.00;-0.20;-0.02;-0.98;-0.67;-0.06;-0.37;-0.20;-0.03;-0.98;

N5:
0.06;-0.49;-0.37;-0.20;-0.03;-0.98;-0.79;-0.12;0.12;-0.19;-0.03;-0.98;-0.43;0.12;-0.12;-0.19;-0.02;-0.97;

N5:
-0.37;-0.49;0.18;-0.20;-0.02;-0.96;-0.24;-0.55;0.12;-0.19;-0.02;-0.98;-0.49;-0.79;0.06;-0.19;-0.02;-0.99;

N5:
0.12;-0.30;-0.37;-0.19;-0.03;-0.97;-0.43;-0.18;0.00;-0.19;-0.02;-0.98;-0.24;0.49;-0.24;-0.19;-0.02;-0.98;

N5:
-0.30;-0.06;-0.43;-0.19;-0.02;-0.97;0.00;0.12;0.49;-0.20;-0.02;-0.97;0.12;-0.73;-0.06;-0.20;-0.03;-0.97;

N5:
-0.73;-0.06;0.12;-0.20;-0.02;-0.98;-0.24;-0.06;-0.24;-0.20;-0.01;-0.98;-0.06;-0.43;0.00;-0.19;-0.03;-0.99;

N5:
-0.12;-0.06;-0.18;-0.19;-0.02;-0.98;0.24;-0.49;0.06;-0.19;-0.02;-0.98;-0.67;0.06;0.30;-0.19;-0.02;-0.99;

N5:
-0.37;-0.37;0.61;-0.20;-0.03;-0.97;-0.79;0.06;-0.06;-0.19;-0.02;-0.97;-0.67;-0.06;0.00;-0.19;-0.02;-0.97;

N5:
-0.91;0.00;0.12;-0.20;-0.03;-0.97;-0.37;0.12;0.37;-0.19;-0.02;-0.97;-0.18;0.12;0.00;-0.19;-0.03;-0.97;

N5:
-0.85;-0.24;0.18;-0.20;-0.03;-0.97;-0.55;-0.37;-0.06;-0.19;-0.03;-0.98;-0.43;-0.12;0.18;-0.19;-0.02;-0.97;

N5:
-0.43;0.30;0.43;-0.19;-0.02;-0.97;-0.91;-0.06;0.24;-0.20;-0.03;-0.98;-0.67;0.37;0.18;-0.19;-0.02;-0.98;

N5:
-0.30;-0.43;0.06;-0.20;-0.02;-0.97;0.00;-0.37;0.06;-0.20;-0.03;-0.99;-0.30;-0.67;0.61;-0.20;-0.02;-0.97;

N5:
-0.55;-0.30;0.24;-0.19;-0.02;-0.98;-0.43;0.12;0.00;-0.20;-0.02;-0.97;-0.73;-0.18;0.18;-0.19;-0.03;-0.97;

N5:
-0.49;-0.24;-0.06;-0.20;-0.02;-0.98;-0.12;-0.30;0.49;-0.19;-0.03;-0.98;-0.12;-0.30;0.43;-0.19;-0.02;-0.98;

N5:
0.00;-0.37;-0.12;-0.20;-0.02;-0.97;-0.55;0.06;0.30;-0.19;-0.02;-0.97;-0.43;0.85;0.12;-0.20;-0.02;-0.98;

N5:
-0.30;0.00;0.43;-0.20;-0.02;-0.98;-0.12;-0.73;0.18;-0.20;-0.03;-0.98;0.43;-0.43;-0.06;-0.19;-0.02;-0.97;

N5:
-0.06;0.12;0.37;-0.19;-0.02;-0.97;-0.61;0.00;0.18;-0.20;-0.02;-0.98;0.30;-0.24;-0.18;-0.20;-0.03;-0.98;

N5:
-0.73;0.24;0.49;-0.19;-0.03;-0.97;-0.24;-0.30;0.30;-0.20;-0.02;-0.98;-0.30;-0.61;-0.18;-0.20;-0.02;-0.97;

N5:
-0.24;-0.30;-0.43;-0.20;-0.02;-0.97;-0.24;-0.12;-0.12;-0.20;-0.02;-0.97;-0.30;-0.43;-0.18;-0.20;-0.03;-0.98;

N5:
-0.12;-0.24;0.00;-0.19;-0.03;-0.98;-0.18;-0.30;0.18;-0.19;-0.02;-0.98;-0.12;-0.24;0.06;-0.19;-0.02;-0.97;

N5:
-0.37;0.12;0.00;-0.19;-0.03;-0.98;-0.18;-0.18;0.37;-0.19;-0.03;-0.97;-0.49;-0.49;0.06;-0.20;-0.02;-0.98;

N5:
-0.18;0.24;0.55;-0.20;-0.02;-0.97;-0.06;-0.24;0.12;-0.19;-0.03;-0.97;-0.24;-0.06;0.06;-0.20;-0.02;-0.98;

N5:
-0.85;-0.24;0.37;-0.19;-0.03;-0.97;-0.30;0.06;-0.18;-0.19;-0.02;-0.97;-0.24;-0.06;0.30;-0.20;-0.02;-0.98;

N5:
-0.85;0.37;0.18;-0.20;-0.02;-0.97;-0.37;-0.18;-0.12;-0.20;-0.03;-0.98;-0.49;0.18;-0.85;-0.20;-0.03;-0.97;

N5:
-0.06;-0.12;0.18;-0.20;-0.02;-0.98;-0.37;-0.24;0.73;-0.20;-0.02;-0.98;-0.55;-0.67;0.37;-0.20;-0.03;-0.97;

N5:
-0.37;0.18;0.00;-0.20;-0.02;-0.99;-0.12;0.06;0.12;-0.20;-0.03;-0.97;-0.43;-0.49;0.06;-0.20;-0.03;-0.97;

N5:
0.30;0.49;0.06;-0.19;-0.02;-0.97;-0.98;-0.24;-0.18;-0.20;-0.03;-0.98;-0.30;-0.43;0.30;-0.20;-0.02;-0.98;

N5:
0.00;-0.43;0.24;-0.19;-0.02;-0.98;-0.79;0.00;0.06;-0.20;-0.02;-0.98;-0.30;0.24;0.49;-0.20;-0.02;-0.97;

N5:
-0.43;-0.30;-0.06;-0.20;-0.01;-0.97;-0.37;-0.55;-0.43;-0.20;-0.03;-0.98;-0.24;0.12;-0.06;-0.19;-0.02;-0.97;

N5:
-0.30;0.18;-0.37;-0.19;-0.02;-0.97;-0.30;-0.24;0.30;-0.19;-0.02;-0.97;-0.43;-0.91;-0.06;-0.20;-0.02;-1.00;

N5:
0.00;-0.12;0.24;-0.20;-0.02;-0.98;-0.43;-0.30;-0.61;-0.21;-0.03;-0.97;-0.24;-0.24;-0.43;-0.19;-0.02;-0.98;

N5:
0.00;-0.18;-0.12;-0.19;-0.02;-0.98;-0.30;0.06;0.18;-0.20;-0.02;-0.98;0.06;-0.49;0.12;-0.19;-0.02;-0.97;

N5:
-0.37;-0.49;0.00;-0.19;-0.02;-0.98;-0.06;-0.18;0.37;-0.19;-0.02;-0.98;-0.43;-0.24;-0.12;-0.19;-0.03;-0.98;

N5:
-1.10;-0.37;-0.18;-0.20;-0.02;-0.98;-0.06;-0.06;0.12;-0.19;-0.03;-0.97;-0.67;-0.49;-0.06;-0.20;-0.01;-0.97;

N5:
-0.49;-0.12;0.12;-0.20;-0.02;-0.98;-0.24;0.00;-0.18;-0.20;-0.03;-0.97;-0.12;-0.12;-0.06;-0.20;-0.02;-0.97;

N5:
0.00;-0.12;-0.12;-0.20;-0.02;-0.97;-0.55;-0.24;0.18;-0.20;-0.02;-0.97;-0.24;-0.49;0.18;-0.19;-0.02;-0.98;

N5:
-0.37;-0.18;0.30;-0.19;-0.03;-0.98;-0.67;-0.12;-0.06;-0.20;-0.02;-0.97;0.06;0.12;0.18;-0.20;-0.02;-0.97;

N5:
-0.06;-0.06;-0.18;-0.21;-0.03;-0.97;-0.37;-0.61;0.06;-0.20;-0.02;-0.98;-0.49;0.06;0.18;-0.19;-0.02;-0.98;

N5:
-0.49;-0.06;0.55;-0.19;-0.02;-0.98;-0.85;-0.12;0.30;-0.20;-0.02;-0.97;0.12;-0.06;0.12;-0.20;-0.03;-0.98;

N5:
0.00;-0.06;0.49;-0.19;-0.03;-0.97;-0.61;-0.55;0.12;-0.20;-0.02;-0.98;-0.37;-0.06;0.00;-0.20;-0.02;-0.98;
