-0.43;0.18;0.24;-0.44;0.04;-0.89;0.30;0.24;0.24;0.25;-0.40;-0.87;0.49;-0.49;-0.73;0.15;-0.61;0.82;0.06;-0.37;0.18;0.21;0.38;0.90;0.30;-0.06;0.24;-0.02;-0.34;0.98;-0.06;0.30;3.84;-0.39;-0.89;0.41;0.37;0.55;0.49;-0.11;0.12;-0.99;0.24;-0.24;-0.49;0.20;0.68;0.72;
-0.98;-0.37;0.00;-0.44;0.03;-0.88;0.12;0.37;-0.12;0.25;-0.41;-0.86;-0.24;-0.18;-1.28;0.15;-0.60;0.82;0.06;-0.49;0.18;0.22;0.39;0.90;0.18;0.06;0.37;-0.02;-0.33;0.98;1.46;-1.65;3.96;-0.39;-0.90;0.41;0.85;-0.06;-0.30;-0.13;0.13;-0.98;0.67;0.43;-0.43;0.20;0.68;0.73;
-0.85;-0.30;0.30;-0.45;0.03;-0.89;0.67;0.43;0.18;0.25;-0.41;-0.87;0.12;-0.37;-1.04;0.16;-0.60;0.82;-0.06;-0.43;0.00;0.22;0.38;0.90;0.79;0.06;0.24;-0.01;-0.33;0.99;-1.95;0.55;2.50;-0.39;-0.89;0.40;0.00;0.37;-0.06;-0.12;0.13;-0.98;0.30;-0.30;-0.43;0.21;0.67;0.72;
-0.43;-0.18;-0.18;-0.45;0.03;-0.89;0.91;-0.06;0.43;0.25;-0.41;-0.87;-0.12;-0.61;-1.40;0.16;-0.60;0.82;0.37;0.00;0.06;0.22;0.38;0.90;0.30;-0.30;0.18;-0.01;-0.34;0.99;0.43;4.15;3.66;-0.38;-0.88;0.41;0.24;0.18;-0.12;-0.12;0.13;-0.98;0.43;-0.06;-0.43;0.20;0.68;0.73;
-0.55;-0.06;0.06;-0.44;0.04;-0.88;-0.12;0.12;0.24;0.26;-0.41;-0.87;0.18;-0.12;-1.04;0.15;-0.60;0.82;0.37;-0.43;-0.06;0.22;0.38;0.90;-0.61;-0.18;0.12;-0.01;-0.33;0.98;-1.89;0.12;-0.67;-0.39;-0.85;0.38;0.06;-0.18;-0.18;-0.12;0.13;-0.98;0.18;-0.18;-0.12;0.20;0.68;0.73;
-0.79;-0.06;0.43;-0.45;0.03;-0.89;0.61;-0.18;0.00;0.26;-0.41;-0.88;-0.30;-0.67;-0.91;0.15;-0.60;0.82;0.12;-0.67;0.00;0.22;0.37;0.89;0.61;-0.55;0.55;-0.01;-0.33;0.98;5.61;-2.13;5.98;-0.46;-0.86;0.43;0.06;0.12;-0.18;-0.12;0.13;-0.98;-0.43;-0.67;0.24;0.23;0.68;0.73;
-14.45;-16.16;6.95;-0.48;0.07;-0.85;7.01;-210.43;-0.12;0.36;-0.83;-0.71;-0.12;0.55;-0.55;0.16;-0.60;0.83;0.24;-0.24;0.18;0.22;0.39;0.88;0.30;-0.67;0.30;-0.01;-0.33;0.99;2.07;16.65;3.60;-0.31;-0.93;0.49;0.30;0.43;-0.43;-0.12;0.13;-0.98;0.30;0.06;-0.55;0.20;0.67;0.72;
-17.56;-17.50;1.89;-0.38;0.06;-0.92;37.13;21.22;25.67;0.53;-0.98;-0.44;0.12;-0.61;-0.61;0.15;-0.60;0.82;0.49;-0.18;0.61;0.23;0.38;0.89;0.49;-0.18;0.12;-0.01;-0.33;0.99;-17.80;19.09;5.49;-0.43;-0.75;0.37;-0.12;0.00;0.12;-0.12;0.13;-0.98;0.85;0.18;-0.73;0.21;0.67;0.74;
-6.46;2.13;3.11;-0.46;0.11;-0.86;-57.38;-31.83;8.66;0.75;-0.88;-0.16;0.43;-0.85;-0.91;0.16;-0.60;0.82;0.79;-0.37;0.24;0.22;0.38;0.89;0.55;-0.49;0.37;-0.01;-0.33;0.98;9.82;-21.95;-5.79;-0.39;-0.91;0.40;0.61;0.24;0.18;-0.12;0.13;-0.97;0.24;-0.12;0.18;0.20;0.68;0.73;
-0.24;0.12;0.18;-0.48;0.09;-0.86;-0.30;21.10;3.41;0.18;0.78;-1.12;0.67;-0.67;-0.61;0.16;-0.60;0.82;0.37;-0.85;0.12;0.22;0.38;0.89;0.98;-0.43;0.06;-0.01;-0.33;0.99;13.84;12.99;11.71;-0.35;-0.94;0.52;0.24;0.06;0.43;-0.12;0.12;-0.98;0.06;-0.24;-0.24;0.19;0.67;0.73;
0.18;0.12;-0.12;-0.49;0.08;-0.86;5.85;-3.84;-6.16;0.12;0.44;-0.89;-0.18;-0.67;-1.10;0.18;-0.60;0.83;-0.49;-0.43;0.37;0.22;0.38;0.90;0.55;-0.49;0.00;-0.02;-0.33;0.98;-20.49;5.49;-8.11;-0.37;-0.79;0.29;0.37;0.12;0.06;-0.13;0.13;-0.98;0.18;-0.18;-0.55;0.21;0.68;0.72;
-0.12;-0.61;0.06;-0.48;0.08;-0.86;10.12;0.18;1.71;0.08;0.51;-0.83;-0.55;-0.43;-0.98;0.17;-0.58;0.83;0.55;-0.18;-0.12;0.22;0.38;0.89;0.43;-0.37;0.24;-0.03;-0.33;0.99;14.02;-13.48;5.49;-0.44;-0.90;0.49;0.49;0.12;0.30;-0.13;0.13;-0.98;0.85;0.06;-0.43;0.20;0.68;0.72;
2.13;2.99;-2.26;-0.48;0.08;-0.84;290.24;31.34;30.49;0.13;-0.69;-0.71;-0.61;-1.95;-1.46;0.17;-0.59;0.83;0.61;-0.49;-0.30;0.22;0.38;0.90;-0.12;-0.55;0.06;-0.01;-0.33;0.99;6.28;17.13;10.73;-0.39;-0.93;0.42;0.43;-0.24;0.30;-0.12;0.13;-0.99;0.18;-0.24;-0.43;0.20;0.68;0.72;
-4.27;-1.89;0.98;-0.49;0.08;-0.88;222.32;31.95;10.30;-0.20;-0.42;0.85;-0.24;-1.95;-0.06;0.16;-0.59;0.82;-4.33;-0.30;1.52;0.22;0.37;0.91;0.00;-0.18;0.43;-0.01;-0.33;0.99;-17.80;-8.78;-10.24;-0.33;-0.78;0.34;-0.24;0.06;0.00;-0.12;0.13;-0.98;0.00;0.06;-0.37;0.20;0.68;0.72;
-1.22;0.06;-0.24;-0.50;0.09;-0.87;-10.18;-5.55;2.13;-0.07;-0.07;1.06;-0.06;-0.43;-0.85;0.17;-0.59;0.83;0.30;-0.67;0.12;0.22;0.38;0.90;0.55;-0.06;0.30;-0.01;-0.33;0.98;17.99;-5.24;4.27;-0.42;-0.92;0.51;-0.30;0.18;0.43;-0.12;0.13;-0.98;0.55;0.49;-0.73;0.20;0.68;0.73;
-0.30;-0.49;1.22;-0.49;0.10;-0.86;0.37;5.43;-3.11;-0.10;-0.10;1.02;0.12;-0.18;-0.43;0.17;-0.59;0.83;0.30;0.06;0.24;0.23;0.38;0.90;0.67;-0.49;0.24;-0.00;-0.34;0.98;-17.38;17.07;5.98;-0.42;-0.75;0.38;-0.12;-0.06;0.18;-0.12;0.13;-0.98;0.30;-0.30;-0.85;0.19;0.68;0.72;
-2.74;-1.40;1.95;-0.49;0.10;-0.86;-189.21;86.46;-52.74;-0.12;-0.55;0.03;-0.37;-1.16;-1.04;0.17;-0.58;0.83;0.18;-0.55;0.55;0.22;0.38;0.89;0.18;-0.61;0.43;-0.02;-0.33;0.98;-8.41;-15.85;-10.85;-0.34;-0.84;0.35;-0.37;0.18;0.24;-0.13;0.13;-0.97;0.24;-0.37;-0.49;0.20;0.68;0.72;
0.67;-0.85;0.79;-0.49;0.10;-0.88;-2.80;2.26;-0.67;0.22;-0.39;-0.89;-0.55;-0.67;-1.22;0.16;-0.58;0.82;0.24;-0.67;-0.06;0.22;0.38;0.90;0.43;-0.79;0.24;-0.02;-0.33;0.99;11.71;23.05;11.65;-0.37;-0.96;0.48;0.06;0.12;0.30;-0.12;0.13;-0.98;10.12;-1.83;-5.43;0.21;0.62;0.74;
-29.27;8.96;15.00;-0.66;-0.42;-0.95;-6.10;1.04;-0.18;0.24;-0.35;-0.91;-1.16;-9.51;-1.52;0.18;-0.57;0.85;-0.37;-0.43;0.12;0.22;0.37;0.91;0.06;-0.79;0.30;-0.02;-0.34;0.98;-17.80;-10.85;-12.93;-0.32;-0.79;0.32;0.43;0.12;0.30;-0.12;0.14;-0.97;0.24;0.06;-0.30;0.20;0.69;0.72;
197.07;16.22;-91.83;0.14;-0.87;0.56;-1.89;1.10;-0.43;0.23;-0.33;-0.92;0.12;-0.55;-1.52;0.19;-0.55;0.85;-0.12;-0.18;-0.24;0.22;0.38;0.89;0.67;-0.18;0.18;-0.02;-0.34;0.97;0.67;-1.52;1.46;-0.38;-0.87;0.41;0.18;-0.24;0.24;-0.12;0.14;-0.99;0.61;-0.30;-0.37;0.20;0.69;0.72;
37.68;8.84;-3.17;0.36;0.23;0.97;-0.73;0.79;-0.30;0.24;-0.32;-0.91;0.30;-0.30;-1.22;0.20;-0.55;0.85;0.24;-0.49;0.06;0.23;0.38;0.90;0.24;-0.37;0.24;-0.02;-0.33;0.98;-0.61;0.73;1.34;-0.39;-0.87;0.42;0.30;-0.06;0.06;-0.12;0.13;-0.99;0.55;0.30;-0.18;0.20;0.68;0.71;
-504.02;-53.78;260.06;0.34;-0.99;0.69;-0.43;0.06;0.24;0.23;-0.31;-0.91;-0.30;0.06;-0.49;0.20;-0.55;0.85;-0.98;-0.30;1.22;0.23;0.38;0.89;0.06;-0.06;0.06;-0.02;-0.34;0.98;-1.59;0.91;1.71;-0.37;-0.87;0.42;0.37;0.06;0.24;-0.12;0.12;-0.98;0.61;0.06;-0.67;0.19;0.69;0.72;
-130.00;15.67;66.95;-0.29;1.00;-0.29;-0.30;0.24;-0.06;0.24;-0.31;-0.91;0.24;-0.43;-0.79;0.20;-0.55;0.84;0.55;-0.49;0.12;0.23;0.38;0.90;0.30;-0.85;-0.12;-0.03;-0.34;0.98;0.00;1.34;1.28;-0.38;-0.86;0.43;0.24;0.18;-0.18;-0.11;0.13;-0.98;0.18;0.24;-0.49;0.20;0.69;0.72;
144.45;-42.50;99.45;-0.19;0.10;-1.34;-1.59;0.79;-0.12;0.24;-0.31;-0.90;-0.30;-0.49;-1.34;0.21;-0.55;0.84;-0.98;9.33;1.16;0.29;0.31;0.92;-2.26;-0.91;0.30;-0.03;-0.31;0.94;-0.61;1.16;-0.24;-0.38;-0.86;0.41;-0.30;0.24;-0.12;-0.12;0.13;-0.99;0.61;0.06;-0.06;0.19;0.69;0.73;
5.98;-2.93;-2.74;-0.46;0.12;-0.87;0.06;0.24;0.12;0.25;-0.30;-0.91;-0.12;-0.61;-1.16;0.20;-0.55;0.85;1.22;-0.43;-0.12;0.21;0.37;0.90;0.49;-0.18;0.12;-0.02;-0.34;0.98;-4.09;3.35;4.76;-0.37;-0.86;0.41;0.18;0.06;-0.18;-0.12;0.14;-0.99;0.06;0.12;-0.43;0.20;0.69;0.72;
1.83;-0.67;-0.79;-0.46;0.08;-0.88;-0.12;0.12;0.06;0.24;-0.29;-0.92;-0.24;-0.67;-0.91;0.20;-0.54;0.84;0.12;-0.43;-0.06;0.21;0.37;0.90;0.12;-0.55;0.24;-0.02;-0.34;0.98;-0.61;1.28;1.83;-0.38;-0.88;0.40;0.18;0.30;0.06;-0.12;0.13;-0.99;0.49;-0.30;-0.43;0.20;0.69;0.72;
1.16;-0.18;-0.43;-0.46;0.07;-0.88;0.43;0.24;0.18;0.24;-0.30;-0.92;-0.24;-0.79;-0.85;0.19;-0.55;0.84;0.18;-0.55;-0.37;0.22;0.38;0.90;0.00;-0.67;-0.24;-0.01;-0.33;0.98;-1.16;1.16;2.32;-0.38;-0.88;0.41;0.18;0.43;0.12;-0.12;0.14;-0.98;0.24;-0.06;-0.37;0.21;0.68;0.71;
0.37;-0.43;-0.55;-0.47;0.05;-0.88;-0.06;0.12;0.43;0.25;-0.30;-0.92;0.24;-0.30;-1.10;0.20;-0.54;0.86;0.61;-0.67;0.24;0.23;0.38;0.89;0.43;-0.73;0.61;-0.02;-0.34;0.98;0.49;0.55;1.71;-0.37;-0.87;0.41;-0.30;0.18;-0.37;-0.12;0.14;-0.98;0.18;0.12;-0.49;0.20;0.69;0.71;
-0.49;-0.18;-0.12;-0.47;0.05;-0.87;0.55;0.30;0.06;0.24;-0.30;-0.92;0.00;-0.43;-0.37;0.20;-0.55;0.85;0.49;-0.37;0.00;0.22;0.38;0.89;0.00;-0.37;0.30;-0.02;-0.34;1.00;-0.30;0.73;1.77;-0.38;-0.88;0.41;0.67;0.24;0.37;-0.12;0.13;-0.98;0.67;0.30;-0.18;0.20;0.69;0.72;
-0.67;-0.55;-0.12;-0.48;0.04;-0.89;0.37;0.24;0.06;0.24;-0.30;-0.92;-0.12;-0.30;-0.67;0.20;-0.55;0.86;0.18;-0.43;0.06;0.22;0.38;0.90;0.30;-0.49;0.37;-0.01;-0.34;0.98;1.04;0.30;1.77;-0.38;-0.87;0.41;-0.12;0.00;0.00;-0.13;0.13;-0.98;-0.18;-0.18;-0.30;0.20;0.69;0.72;
-0.43;-0.30;-0.18;-0.47;0.04;-0.87;-0.06;0.24;-0.12;0.24;-0.30;-0.92;-0.67;-0.85;-1.16;0.19;-0.55;0.84;0.98;-0.24;0.24;0.21;0.37;0.89;0.61;-0.30;0.06;-0.02;-0.34;0.98;1.22;0.12;1.52;-0.37;-0.87;0.42;0.12;0.00;0.30;-0.13;0.13;-0.99;-0.12;0.06;-0.24;0.20;0.68;0.72;
0.18;-0.12;0.00;-0.47;0.05;-0.87;0.37;0.24;0.12;0.25;-0.29;-0.93;0.49;-0.37;-0.24;0.19;-0.55;0.86;0.91;-0.06;-0.18;0.22;0.38;0.90;0.24;-0.30;0.00;-0.01;-0.34;0.97;0.67;0.24;0.55;-0.37;-0.87;0.41;-0.18;0.43;-0.37;-0.12;0.13;-0.98;0.43;-0.30;-0.24;0.19;0.68;0.73;
-0.37;-0.24;0.06;-0.48;0.05;-0.88;0.24;0.06;0.06;0.25;-0.29;-0.92;-0.12;-0.24;-0.67;0.20;-0.55;0.85;0.67;-1.22;0.18;0.22;0.38;0.90;0.43;-0.18;0.24;-0.02;-0.35;0.98;0.18;0.43;2.26;-0.39;-0.87;0.42;0.55;-0.55;0.12;-0.12;0.13;-0.98;0.49;0.24;-0.12;0.20;0.69;0.72;
1235.67;-232.87;-504.94;1.25;-1.73;-2.00;13.54;-0.06;5.79;0.24;-0.28;-0.94;0.61;-0.85;-1.22;0.21;-0.54;0.85;-0.18;-0.37;0.00;0.22;0.38;0.89;0.12;-0.43;-0.06;-0.02;-0.34;0.98;-2.26;2.07;3.23;-0.37;-0.87;0.42;0.61;-0.49;-0.12;-0.12;0.13;-0.98;-0.06;0.18;-0.49;0.19;0.68;0.72;
24.45;-81.83;-18.66;-0.62;-0.16;-1.58;-1.52;-0.49;-0.30;0.22;-0.26;-0.93;-0.06;-0.91;-1.16;0.18;-0.54;0.86;-0.30;-0.24;0.67;0.23;0.37;0.89;0.00;-0.55;0.18;-0.02;-0.34;0.99;0.98;-0.18;0.43;-0.38;-0.86;0.42;0.18;0.43;0.00;-0.12;0.13;-0.98;0.18;-0.24;0.18;0.20;0.68;0.72;
2.99;54.09;120.00;-0.54;-0.66;-1.01;0.67;0.49;0.06;0.22;-0.26;-0.94;0.24;0.30;-1.71;0.21;-0.54;0.85;-0.98;-0.79;0.18;0.22;0.37;0.90;0.12;-0.61;0.55;-0.02;-0.33;0.98;-1.22;1.22;2.26;-0.38;-0.87;0.42;0.30;0.06;0.37;-0.12;0.13;-0.98;0.67;-0.18;-0.67;0.19;0.69;0.72;
90.61;-452.26;-395.67;0.44;-0.76;-0.72;2.44;1.10;0.73;0.24;-0.25;-0.95;0.18;-1.40;-1.10;0.21;-0.54;0.86;3.96;-1.16;-0.61;0.22;0.37;0.90;0.30;-0.24;-0.12;-0.02;-0.34;0.98;-0.37;-0.24;3.11;-0.37;-0.87;0.42;0.06;0.18;-0.06;-0.12;0.13;-0.98;0.55;0.61;-0.61;0.21;0.69;0.73;
30.24;55.43;22.44;-0.48;-0.33;-0.51;0.67;0.12;0.12;0.23;-0.26;-0.94;-0.18;-0.73;-1.59;0.21;-0.55;0.86;0.67;-0.43;-0.18;0.22;0.37;0.90;0.49;-0.24;0.73;-0.02;-0.34;0.98;0.12;0.49;1.28;-0.38;-0.87;0.41;0.55;0.37;0.12;-0.11;0.13;-0.98;0.43;0.12;-0.49;0.19;0.69;0.71;
-67.93;-122.80;77.38;-0.36;1.04;-0.19;0.37;-0.43;0.00;0.23;-0.25;-0.94;-0.67;-4.45;-1.59;0.19;-0.55;0.86;1.40;-0.37;-0.43;0.23;0.37;0.90;0.55;-0.67;0.18;-0.02;-0.33;0.98;0.24;0.55;0.67;-0.37;-0.87;0.42;-0.06;-0.18;0.06;-0.12;0.13;-0.98;0.43;0.37;0.00;0.19;0.69;0.72;
38.96;29.88;93.90;-0.28;-0.46;-0.93;0.18;0.37;0.12;0.23;-0.25;-0.94;0.30;-0.18;-1.22;0.21;-0.54;0.86;0.06;-0.37;-0.18;0.22;0.37;0.90;-0.30;0.30;-0.06;-0.02;-0.34;0.98;0.61;0.37;0.79;-0.38;-0.87;0.41;0.18;0.24;0.37;-0.12;0.13;-0.98;0.12;-0.12;-0.79;0.20;0.68;0.72;
-378.60;-48.90;-572.99;1.66;-2.00;0.16;0.79;0.24;0.37;0.23;-0.26;-0.94;-0.79;-2.56;-1.22;0.21;-0.55;0.85;-1.40;-0.37;1.04;0.22;0.37;0.89;0.18;-0.30;0.12;-0.03;-0.34;0.99;-1.71;1.89;2.62;-0.38;-0.87;0.41;0.00;0.06;-0.24;-0.12;0.13;-0.99;0.06;-0.24;-0.73;0.19;0.69;0.72;
-18.48;-72.44;-12.01;-0.21;-0.74;-0.79;0.43;0.12;-0.12;0.22;-0.25;-0.94;0.12;-0.37;-0.98;0.20;-0.55;0.84;0.18;-0.37;-0.12;0.22;0.37;0.90;0.55;-0.30;0.18;-0.03;-0.34;0.98;-0.49;0.43;1.10;-0.38;-0.87;0.41;0.24;0.24;0.30;-0.12;0.13;-0.98;0.43;-0.06;-0.18;0.19;0.68;0.71;
-22.99;-123.48;-101.95;-0.32;-1.57;-1.00;0.30;0.43;0.06;0.22;-0.25;-0.95;0.00;-0.55;-1.65;0.20;-0.55;0.85;0.43;-0.30;0.12;0.21;0.38;0.90;0.55;-0.12;0.30;-0.02;-0.34;0.99;0.85;0.49;1.65;-0.37;-0.88;0.41;0.06;0.00;-0.30;-0.12;0.13;-0.97;0.37;-0.18;-0.18;0.20;0.68;0.72;
7.01;22.07;-40.91;-0.50;-0.53;-0.90;0.24;0.30;0.12;0.23;-0.25;-0.93;0.37;-1.59;-1.34;0.20;-0.55;0.85;0.43;-0.12;0.30;0.23;0.38;0.90;0.43;-0.12;0.55;-0.02;-0.34;0.98;4.21;8.48;4.70;-0.41;-0.84;0.41;-0.43;-0.12;0.06;-0.12;0.13;-0.98;0.49;0.30;-0.43;0.19;0.68;0.71;
-91.40;38.17;-217.44;-0.66;0.96;-0.94;-0.12;0.12;0.06;0.23;-0.26;-0.94;-0.30;-1.22;-0.79;0.21;-0.55;0.84;-0.18;-0.06;-0.12;0.23;0.38;0.89;0.18;-0.43;0.43;-0.02;-0.33;0.97;-7.56;-7.99;2.93;-0.44;-0.88;0.41;0.12;0.30;-0.24;-0.12;0.13;-0.98;0.18;-0.24;-0.12;0.20;0.69;0.73;
77.68;431.46;277.87;-0.54;0.40;-1.61;25.55;-1.46;8.23;0.14;-0.33;-0.92;-1.16;-1.52;-0.12;0.19;-0.58;0.86;1.40;0.55;-0.73;0.20;0.37;0.91;0.91;-0.12;0.61;-0.02;-0.33;0.98;5.30;22.01;11.77;-0.43;-0.88;0.48;-0.12;-0.18;-0.06;-0.13;0.13;-0.98;0.43;-0.37;-0.43;0.20;0.69;0.73;
3.05;-1.40;0.43;-0.42;0.02;-0.89;0.49;0.37;-0.06;0.24;-0.23;-0.93;-0.61;-0.43;-0.85;0.20;-0.55;0.85;0.30;-0.91;0.55;0.23;0.38;0.91;0.37;-0.18;0.37;-0.02;-0.33;0.98;-15.18;-25.85;-27.93;-0.28;-0.74;0.32;0.06;0.24;0.61;-0.12;0.13;-0.98;-0.24;0.06;0.00;0.20;0.68;0.73;
-0.37;0.55;-0.30;-0.40;0.01;-0.90;0.49;0.06;0.18;0.23;-0.23;-0.94;0.18;0.00;-1.40;0.20;-0.55;0.85;0.37;-0.73;0.24;0.22;0.38;0.90;0.55;-0.61;0.98;-0.02;-0.34;0.99;42.20;32.26;39.45;-0.43;-1.11;0.61;0.12;0.37;-0.18;-0.12;0.14;-0.98;0.30;0.00;-0.55;0.19;0.68;0.73;
-0.61;0.24;0.00;-0.41;0.02;-0.91;0.49;0.18;-0.18;0.24;-0.23;-0.94;0.00;-0.18;-0.73;0.19;-0.55;0.85;0.37;0.00;-0.67;0.21;0.37;0.90;0.30;-0.30;0.12;-0.03;-0.33;0.98;17.20;-51.59;-24.94;-0.35;-0.90;0.31;0.43;0.18;0.55;-0.12;0.14;-0.99;-0.12;-0.18;-0.37;0.20;0.69;0.72;
-0.12;-0.06;0.55;-0.40;0.00;-0.90;0.12;0.55;0.00;0.24;-0.23;-0.93;-0.37;-0.12;-0.73;0.20;-0.55;0.86;0.12;-0.06;0.18;0.22;0.37;0.90;0.12;-0.37;0.43;-0.02;-0.34;0.97;-7.62;11.10;2.01;-0.38;-0.85;0.40;-0.18;0.06;-0.30;-0.12;0.13;-0.98;0.06;0.12;-0.79;0.20;0.69;0.72;
0.24;0.18;0.24;-0.41;0.00;-0.90;0.43;0.24;-0.18;0.24;-0.23;-0.95;-0.18;0.00;-0.61;0.20;-0.55;0.85;0.12;-0.67;0.30;0.22;0.38;0.90;-0.18;-0.43;-0.24;-0.02;-0.34;0.98;0.00;1.40;1.71;-0.38;-0.86;0.42;-0.06;-0.12;0.30;-0.12;0.13;-0.98;0.06;0.12;-0.43;0.20;0.69;0.72;
0.37;0.00;0.06;-0.40;0.00;-0.91;0.67;-0.12;0.12;0.24;-0.23;-0.94;-0.61;-0.24;-0.79;0.20;-0.55;0.84;0.61;-0.49;-0.43;0.22;0.37;0.90;0.49;-0.55;0.61;-0.02;-0.34;0.98;-1.83;2.07;2.62;-0.38;-0.87;0.41;0.18;0.18;0.12;-0.12;0.13;-0.98;-0.12;0.43;-0.67;0.21;0.68;0.72;
-0.24;-0.12;-0.24;-0.40;0.01;-0.91;0.30;0.30;-0.49;0.24;-0.23;-0.95;0.61;-0.43;-0.55;0.20;-0.55;0.84;0.61;-0.24;-0.37;0.22;0.37;0.90;0.49;-0.12;0.00;-0.03;-0.34;0.98;1.71;-2.74;1.22;-0.37;-0.88;0.39;-0.06;0.06;1.04;-0.13;0.14;-0.99;0.12;0.24;0.00;0.19;0.68;0.72;
-0.24;0.00;0.06;-0.41;0.01;-0.91;0.30;0.12;-0.12;0.23;-0.23;-0.93;0.30;-0.24;-0.79;0.20;-0.55;0.84;0.67;-0.24;-0.43;0.21;0.38;0.90;0.00;-0.30;0.37;-0.02;-0.33;0.98;2.99;-3.90;4.21;-0.38;-0.87;0.40;-0.55;0.12;0.12;-0.13;0.13;-0.99;0.06;-0.43;-0.12;0.20;0.69;0.72;
-0.30;-0.24;0.18;-0.40;0.00;-0.91;0.12;0.98;0.06;0.23;-0.23;-0.94;0.37;-0.24;-1.28;0.20;-0.55;0.85;0.30;-0.06;0.06;0.23;0.37;0.90;0.37;-0.06;0.67;-0.02;-0.33;0.98;-0.61;-0.55;3.05;-0.38;-0.89;0.39;-0.12;-0.12;0.12;-0.13;0.14;-0.98;0.30;0.00;-1.04;0.20;0.68;0.71;
-0.79;0.06;-0.12;-0.41;0.00;-0.91;0.18;0.55;0.30;0.23;-0.22;-0.94;-0.06;0.12;-1.52;0.19;-0.56;0.84;0.06;-0.49;0.06;0.22;0.37;0.90;0.18;-0.24;0.18;-0.02;-0.34;0.98;-4.15;1.28;1.40;-0.37;-0.88;0.41;0.49;0.18;0.37;-0.12;0.13;-0.98;0.37;-0.30;-0.67;0.19;0.69;0.72;
-0.24;-0.43;0.30;-0.40;-0.00;-0.90;-0.18;0.55;0.43;0.23;-0.23;-0.96;-0.06;-0.43;-0.79;0.20;-0.55;0.84;0.18;-0.43;-0.06;0.22;0.38;0.89;0.37;-0.43;0.30;-0.03;-0.33;0.98;2.32;-3.54;2.68;-0.36;-0.89;0.39;0.18;0.49;0.61;-0.12;0.13;-0.99;0.43;-0.12;-0.43;0.20;0.68;0.72;
0.00;-0.49;-0.06;-0.40;-0.00;-0.91;0.06;0.18;0.49;0.24;-0.23;-0.94;0.12;-0.73;-0.79;0.20;-0.55;0.85;0.24;-0.67;0.06;0.22;0.37;0.90;0.18;-0.49;0.49;-0.01;-0.34;0.98;2.26;-3.17;2.68;-0.39;-0.87;0.41;0.00;0.18;-0.06;-0.12;0.14;-0.98;0.06;-0.30;-0.49;0.20;0.69;0.71;
-0.18;-0.37;0.67;-0.41;0.00;-0.90;0.37;0.00;-0.24;0.24;-0.23;-0.94;0.30;-0.06;-1.10;0.20;-0.55;0.84;-0.06;-0.24;0.00;0.23;0.38;0.90;-0.06;-0.06;0.37;-0.02;-0.34;0.98;1.04;3.17;-1.77;-0.39;-0.81;0.37;0.18;0.18;0.00;-0.12;0.13;-0.98;0.06;-0.06;-0.49;0.20;0.68;0.72;
0.24;-0.24;-0.06;-0.41;0.00;-0.90;-0.06;0.37;0.06;0.22;-0.23;-0.94;-0.18;-0.73;-0.73;0.20;-0.56;0.84;0.85;-0.55;0.43;0.22;0.37;0.90;0.30;0.12;0.37;-0.02;-0.35;0.98;11.46;-15.37;12.44;-0.50;-0.92;0.46;0.55;0.24;-0.55;-0.12;0.13;-0.99;0.37;0.55;-0.49;0.20;0.69;0.73;
-0.18;-0.30;-0.18;-0.40;0.00;-0.91;-0.12;0.12;-0.12;0.24;-0.23;-0.95;0.37;-0.43;-1.28;0.20;-0.55;0.85;0.55;-0.24;0.06;0.23;0.38;0.90;0.67;-0.30;0.79;-0.02;-0.32;0.99;6.40;29.27;16.59;-0.44;-0.84;0.46;0.18;0.55;-0.06;-0.13;0.13;-0.98;0.06;-0.24;-0.61;0.19;0.69;0.72;
0.24;-0.37;0.37;-0.40;0.01;-0.91;1.22;0.18;0.43;0.23;-0.23;-0.93;0.00;-0.06;-1.04;0.20;-0.55;0.84;0.00;-0.49;0.43;0.21;0.38;0.90;0.30;-0.43;0.37;-0.02;-0.33;0.98;13.78;-63.48;-10.24;-0.46;-1.03;0.36;0.18;0.06;0.12;-0.12;0.14;-0.99;-0.18;0.12;-0.18;0.20;0.69;0.72;
-0.43;-0.43;-0.55;-0.41;0.00;-0.91;0.61;0.30;0.00;0.23;-0.24;-0.94;0.00;-0.61;-0.91;0.20;-0.54;0.85;0.43;-0.55;0.06;0.22;0.38;0.90;-0.18;-0.49;0.24;-0.02;-0.33;0.99;-69.09;69.57;9.94;-0.44;-0.51;0.26;0.12;0.30;0.24;-0.12;0.13;-0.98;0.55;0.24;-0.24;0.19;0.69;0.72;
-0.18;-0.24;0.18;-0.41;0.00;-0.91;0.49;0.24;0.18;0.22;-0.24;-0.93;0.37;-0.73;-1.40;0.20;-0.55;0.85;1.22;-1.04;0.43;0.23;0.37;0.90;0.18;-0.55;0.06;-0.02;-0.35;0.98;51.83;-18.11;8.11;-0.44;-1.02;0.94;0.30;0.24;-0.06;-0.13;0.12;-0.98;0.43;0.06;-0.37;0.20;0.68;0.72;
-0.49;-0.18;0.24;-0.41;-0.01;-0.91;0.43;0.24;-0.12;0.23;-0.23;-0.94;-0.30;-0.37;-1.22;0.21;-0.56;0.84;-0.55;-0.73;0.06;0.23;0.38;0.90;-0.06;-0.37;0.00;-0.02;-0.35;0.99;-59.70;17.74;-22.26;-0.33;-0.67;0.09;-0.18;0.24;0.61;-0.13;0.13;-0.98;0.24;0.30;-0.49;0.20;0.69;0.71;
0.00;-0.43;0.37;-0.41;-0.01;-0.91;0.55;0.24;-0.06;0.23;-0.23;-0.95;0.37;-0.55;-0.73;0.20;-0.55;0.85;-0.55;0.00;0.18;0.22;0.37;0.90;-0.06;-0.43;0.43;-0.02;-0.34;0.99;41.83;7.20;9.51;-0.30;-0.90;0.81;1.22;0.24;0.00;-0.13;0.13;-0.99;0.12;0.06;-0.43;0.19;0.69;0.72;
0.12;-0.12;0.00;-0.41;-0.00;-0.91;0.12;0.24;0.06;0.24;-0.24;-0.95;0.18;-0.91;-0.79;0.21;-0.55;0.85;-0.06;0.00;0.43;0.22;0.38;0.89;0.30;-0.43;0.37;-0.02;-0.34;0.98;-60.12;-0.85;-24.02;-0.27;-0.60;0.13;0.24;0.18;0.00;-0.13;0.13;-0.98;0.30;0.06;-0.55;0.19;0.69;0.73;
-0.79;-0.49;0.55;-0.40;0.00;-0.92;0.30;0.18;0.12;0.24;-0.22;-0.95;0.00;-0.73;-1.40;0.20;-0.55;0.85;0.18;-0.49;0.37;0.22;0.37;0.89;0.49;-0.61;0.18;-0.02;-0.33;0.99;32.13;39.09;44.63;-0.41;-1.05;0.62;0.61;0.18;-0.06;-0.12;0.13;-0.98;0.06;0.30;-0.37;0.20;0.69;0.73;
-0.06;0.00;-0.24;-0.40;-0.01;-0.91;0.73;0.12;0.85;0.24;-0.23;-0.95;0.18;-0.18;-0.91;0.19;-0.55;0.85;1.28;-0.24;-0.06;0.23;0.38;0.91;0.43;-0.37;0.24;-0.02;-0.33;0.98;-13.05;-30.18;-28.29;-0.28;-0.81;0.27;0.12;0.00;0.79;-0.12;0.13;-0.98;0.55;-0.18;-0.06;0.19;0.69;0.72;
-0.24;0.06;0.24;-0.39;0.00;-0.91;0.12;0.00;-0.06;0.24;-0.23;-0.94;-0.49;-0.49;-1.10;0.20;-0.55;0.84;0.30;-0.06;-0.18;0.22;0.38;0.90;0.43;-0.37;0.73;-0.02;-0.33;0.97;-1.52;4.63;2.01;-0.36;-0.87;0.39;0.43;-0.30;-0.30;-0.11;0.13;-0.98;0.55;-0.24;-0.55;0.20;0.68;0.71;
-0.30;0.00;0.12;-0.41;-0.00;-0.91;0.67;0.00;0.37;0.24;-0.23;-0.94;0.12;-0.67;-1.77;0.20;-0.55;0.83;0.43;-0.67;0.06;0.22;0.38;0.90;0.24;-1.28;0.67;-0.03;-0.34;0.98;1.77;-0.18;1.83;-0.38;-0.88;0.42;0.00;0.00;0.24;-0.13;0.13;-0.98;-0.18;0.00;-0.55;0.20;0.69;0.72;
0.00;-0.55;0.06;-0.40;-0.00;-0.91;0.61;-0.06;0.12;0.24;-0.22;-0.95;-0.43;-0.55;-1.40;0.20;-0.55;0.85;0.18;-0.85;0.49;0.23;0.38;0.89;-0.18;-0.73;0.43;-0.03;-0.34;0.99;-0.24;1.10;1.77;-0.38;-0.87;0.41;0.49;-0.06;0.06;-0.12;0.12;-0.99;0.67;0.00;-0.98;0.20;0.69;0.72;
-0.12;-0.06;0.12;-0.40;0.00;-0.92;0.49;0.37;0.30;0.24;-0.23;-0.95;0.30;-0.24;-1.04;0.20;-0.55;0.85;0.30;-0.61;-0.18;0.22;0.38;0.90;0.37;-0.30;0.06;-0.02;-0.34;0.98;0.24;-0.73;1.71;-0.38;-0.87;0.42;0.06;-0.12;0.06;-0.13;0.12;-0.98;0.00;0.06;-0.43;0.20;0.68;0.72;
-0.55;0.00;-0.12;-0.40;-0.00;-0.91;0.24;0.00;0.00;0.24;-0.23;-0.95;0.24;-0.49;-0.98;0.20;-0.56;0.84;0.43;-0.67;0.18;0.21;0.38;0.90;0.30;0.30;0.24;-0.01;-0.34;0.99;0.61;-0.06;1.28;-0.38;-0.87;0.41;0.00;0.24;0.12;-0.12;0.14;-0.98;0.24;-0.12;-0.37;0.20;0.69;0.72;
-0.18;-0.06;-0.12;-0.41;0.00;-0.90;0.61;-0.12;0.12;0.23;-0.23;-0.94;0.12;-0.49;-1.28;0.19;-0.55;0.85;0.30;-0.12;0.61;0.22;0.38;0.90;0.55;-0.43;0.43;-0.02;-0.34;0.98;-1.46;0.85;1.28;-0.37;-0.87;0.42;0.91;0.37;-0.37;-0.12;0.13;-0.99;0.24;0.18;-0.55;0.21;0.68;0.72;
-0.06;-0.73;-0.18;-0.41;-0.00;-0.91;0.37;0.43;0.24;0.24;-0.23;-0.95;-0.06;-0.43;-0.61;0.19;-0.56;0.84;0.18;-0.91;0.61;0.21;0.38;0.90;0.30;-0.30;0.12;-0.01;-0.34;0.98;0.55;1.71;2.26;-0.38;-0.89;0.42;0.00;0.06;-0.37;-0.12;0.12;-0.98;0.12;0.18;0.18;0.19;0.69;0.72;
-0.73;-0.43;0.30;-0.40;-0.00;-0.92;0.18;0.49;0.24;0.23;-0.23;-0.95;-0.18;-0.43;-0.91;0.20;-0.55;0.84;0.37;-0.43;0.00;0.23;0.38;0.90;0.55;-0.06;0.43;-0.02;-0.34;0.98;10.12;5.98;7.62;-0.43;-0.90;0.44;0.37;0.12;0.49;-0.12;0.13;-0.99;0.55;0.18;-0.85;0.20;0.69;0.72;
-0.37;-0.37;0.24;-0.41;-0.00;-0.90;0.12;0.49;-0.12;0.24;-0.23;-0.94;0.30;-0.06;-1.04;0.20;-0.55;0.85;0.43;-0.37;-0.18;0.22;0.37;0.90;0.30;-0.43;0.55;-0.02;-0.33;0.98;-15.06;2.62;-12.74;-0.31;-0.70;0.30;0.24;0.24;0.79;-0.12;0.14;-0.99;0.30;-0.12;-0.18;0.20;0.68;0.72;
0.06;-0.30;-0.30;-0.40;0.00;-0.91;0.55;-0.06;-0.12;0.24;-0.23;-0.94;-0.24;-0.67;-1.10;0.20;-0.56;0.85;0.67;-0.49;-0.12;0.22;0.37;0.90;-0.12;-0.49;-0.06;-0.02;-0.34;0.98;44.76;-49.63;1.04;-0.51;-1.08;0.55;0.49;-0.18;-0.06;-0.12;0.13;-0.99;0.49;0.06;-0.24;0.20;0.69;0.72;
-0.30;-0.06;0.12;-0.40;-0.00;-0.91;-0.12;0.61;0.49;0.23;-0.24;-0.94;-0.37;-0.91;-1.34;0.20;-0.55;0.85;0.12;-0.67;0.18;0.23;0.38;0.91;-0.18;0.12;0.18;-0.02;-0.34;0.98;-54.09;19.27;-16.65;-0.38;-0.71;0.10;-0.06;-0.12;-0.18;-0.12;0.13;-0.98;-0.06;0.61;0.30;0.20;0.69;0.72;
-0.49;-0.37;0.18;-0.40;-0.02;-0.92;0.43;0.18;0.18;0.24;-0.23;-0.93;0.30;-0.30;-0.49;0.21;-0.55;0.84;0.00;-0.24;-0.18;0.22;0.38;0.90;-0.06;-0.61;0.61;-0.02;-0.34;0.98;34.27;12.80;21.95;-0.31;-0.99;0.88;0.73;0.00;0.18;-0.13;0.12;-0.98;0.18;-0.12;-0.49;0.19;0.69;0.71;
-0.43;0.30;0.18;-0.40;-0.01;-0.91;0.79;-0.18;-0.06;0.24;-0.22;-0.93;0.24;-0.67;-1.22;0.20;-0.56;0.85;0.24;-0.49;-0.12;0.21;0.37;0.91;0.37;-0.30;0.55;-0.02;-0.34;0.98;-39.09;-31.28;-47.87;-0.13;-0.61;0.10;-0.18;0.18;0.30;-0.13;0.13;-0.98;0.24;0.24;-0.24;0.19;0.69;0.72;
-0.24;-0.12;0.06;-0.40;-0.00;-0.91;0.18;0.24;0.61;0.24;-0.22;-0.95;0.24;-0.55;-1.10;0.19;-0.55;0.85;-0.12;-0.49;0.18;0.21;0.37;0.91;0.55;-0.18;0.12;-0.02;-0.33;0.99;28.11;49.57;55.85;-0.50;-0.99;0.58;0.30;0.18;0.06;-0.11;0.14;-0.98;0.43;0.24;-0.24;0.20;0.69;0.72;
-0.30;-0.06;0.30;-0.40;0.00;-0.92;1.16;0.49;0.37;0.23;-0.22;-0.94;0.06;-0.24;-1.16;0.20;-0.55;0.86;0.79;-0.30;-0.18;0.22;0.37;0.91;0.37;-0.49;0.30;-0.02;-0.34;0.98;20.06;-73.29;-16.16;-0.42;-1.05;0.29;-0.24;-0.06;0.18;-0.12;0.13;-0.98;0.06;-0.12;0.00;0.21;0.68;0.72;
-0.30;0.06;0.00;-0.40;0.01;-0.91;0.43;0.06;0.24;0.23;-0.23;-0.93;0.06;-0.79;-0.91;0.19;-0.55;0.85;1.34;-0.06;0.12;0.22;0.39;0.90;0.55;-0.43;0.49;-0.03;-0.34;0.99;-61.10;69.63;6.71;-0.48;-0.47;0.25;-0.06;0.00;-0.37;-0.12;0.13;-0.98;0.55;-0.06;-0.49;0.20;0.68;0.72;
-1.83;-0.18;0.79;-0.41;0.01;-0.90;-0.12;-0.12;0.00;0.23;-0.23;-0.95;-0.24;-0.30;-0.98;0.19;-0.55;0.85;0.85;-0.49;0.12;0.22;0.37;0.90;-0.43;-0.67;0.30;-0.02;-0.34;0.97;54.27;-33.96;1.65;-0.46;-1.07;0.86;-0.06;0.00;0.37;-0.13;0.13;-0.98;0.43;0.43;-0.73;0.21;0.68;0.73;
-0.06;-0.12;0.37;-0.40;-0.01;-0.91;0.24;0.12;-0.06;0.24;-0.23;-0.94;0.06;-1.04;-1.46;0.21;-0.55;0.85;-0.73;-0.24;0.18;0.22;0.38;0.91;-0.18;-0.55;0.18;-0.02;-0.35;0.98;-62.93;19.09;-22.50;-0.28;-0.69;0.10;0.00;-0.06;-0.30;-0.13;0.12;-0.99;0.55;-0.12;-0.98;0.20;0.69;0.72;
0.61;0.06;0.00;-0.41;-0.00;-0.91;1.10;0.12;0.30;0.23;-0.23;-0.94;0.67;-0.55;-1.34;0.20;-0.56;0.84;-0.98;-0.24;0.00;0.23;0.37;0.90;0.55;-0.30;0.91;-0.02;-0.35;0.98;27.32;12.93;16.83;-0.33;-0.91;0.84;-0.06;-0.12;0.06;-0.13;0.12;-0.98;0.61;0.24;-0.43;0.20;0.69;0.72;
-0.24;0.24;0.24;-0.40;-0.00;-0.91;0.06;0.12;0.12;0.24;-0.22;-0.95;0.55;0.24;-0.85;0.19;-0.55;0.84;0.55;-0.49;0.55;0.22;0.37;0.91;0.49;-0.43;0.43;-0.01;-0.33;0.99;8.11;-54.57;-44.51;-0.30;-0.90;0.24;0.06;0.18;0.37;-0.12;0.14;-0.98;0.30;0.12;-0.30;0.20;0.68;0.72;
-0.43;0.12;-0.12;-0.40;-0.00;-0.91;0.18;0.06;0.55;0.24;-0.22;-0.95;-0.12;-0.61;-0.79;0.20;-0.55;0.84;0.61;-0.12;-0.06;0.22;0.37;0.90;1.46;-0.12;0.49;-0.02;-0.32;0.99;7.56;60.98;50.00;-0.49;-0.85;0.52;0.49;0.12;0.49;-0.11;0.13;-0.98;0.61;-0.24;-0.12;0.20;0.69;0.72;
-0.12;-0.06;0.00;-0.40;0.01;-0.91;0.43;0.30;0.43;0.24;-0.23;-0.94;-0.61;-0.37;-1.34;0.19;-0.55;0.86;1.04;-0.55;-0.24;0.22;0.38;0.91;0.79;0.06;0.18;-0.02;-0.33;0.98;23.84;-65.55;-22.01;-0.39;-1.02;0.35;0.43;0.24;-0.12;-0.11;0.13;-0.99;0.37;0.00;0.00;0.20;0.69;0.72;
-0.61;-0.06;-0.12;-0.40;0.00;-0.91;0.98;-0.12;0.12;0.23;-0.23;-0.95;0.12;-0.49;-0.98;0.20;-0.55;0.85;1.04;-0.37;-0.24;0.22;0.38;0.89;0.00;-0.18;0.49;-0.02;-0.33;0.98;-12.32;67.44;28.78;-0.47;-0.62;0.46;0.37;-0.18;0.12;-0.12;0.13;-0.97;0.30;-0.18;0.12;0.20;0.68;0.73;
0.00;-0.24;-0.24;-0.40;0.01;-0.91;0.00;0.00;0.49;0.23;-0.23;-0.93;0.00;-0.18;-0.73;0.20;-0.56;0.85;0.37;-0.06;-0.18;0.23;0.38;0.90;0.24;-0.30;0.37;-0.02;-0.34;0.98;50.67;-70.67;-4.15;-0.53;-1.08;0.53;0.00;0.00;0.18;-0.13;0.13;-0.98;0.18;0.12;0.00;0.21;0.68;0.72;
-0.24;-0.49;0.00;-0.40;0.00;-0.91;0.43;0.12;0.43;0.23;-0.23;-0.94;-0.18;-1.28;-1.10;0.20;-0.55;0.85;1.10;0.37;0.12;0.23;0.38;0.89;-0.12;-0.24;0.24;-0.02;-0.33;0.98;-60.43;46.77;-5.67;-0.44;-0.57;0.17;0.12;0.30;-0.79;-0.12;0.13;-0.98;0.61;0.00;0.06;0.19;0.68;0.72;
-0.61;-0.24;0.00;-0.40;-0.00;-0.91;0.49;0.67;0.24;0.23;-0.23;-0.94;0.37;-0.30;-0.98;0.20;-0.55;0.85;0.55;-0.37;0.49;0.22;0.38;0.90;-0.12;-0.49;0.06;-0.01;-0.34;0.98;1.34;-3.78;3.90;-0.39;-0.87;0.45;0.43;-0.12;-0.06;-0.13;0.13;-0.98;0.73;0.18;-0.55;0.20;0.68;0.73;
-0.30;-0.30;-0.18;-0.40;-0.00;-0.91;0.67;0.18;0.30;0.24;-0.24;-0.95;0.85;-0.49;-0.73;0.20;-0.55;0.85;0.06;-0.06;0.18;0.22;0.37;0.90;0.43;-0.49;0.55;-0.02;-0.34;0.98;-3.90;-2.62;0.37;-0.36;-0.88;0.41;0.55;0.24;0.49;-0.12;0.12;-0.99;0.43;0.18;-0.37;0.20;0.69;0.72;
0.24;-0.43;0.06;-0.40;0.00;-0.91;0.49;0.49;0.18;0.23;-0.24;-0.94;-0.24;-0.61;-1.22;0.19;-0.55;0.85;0.67;-0.18;0.12;0.23;0.38;0.89;0.55;0.06;0.61;-0.03;-0.34;0.98;0.73;0.24;1.71;-0.37;-0.89;0.40;0.06;0.24;0.12;-0.12;0.13;-0.98;0.37;-0.18;-0.30;0.20;0.68;0.72;
0.30;-0.06;0.00;-0.40;0.00;-0.90;1.10;0.00;0.24;0.23;-0.22;-0.95;0.18;-0.49;-1.16;0.20;-0.55;0.84;0.37;-0.73;-0.06;0.22;0.38;0.89;0.30;-0.37;0.37;-0.03;-0.34;0.98;0.98;4.57;4.51;-0.39;-0.88;0.36;0.49;-0.30;-0.18;-0.13;0.13;-0.99;0.55;-0.12;-0.37;0.19;0.69;0.71;
-0.73;0.37;0.37;-0.40;-0.00;-0.91;-0.06;0.00;0.37;0.24;-0.23;-0.95;0.43;-0.49;-1.34;0.20;-0.55;0.84;0.18;-0.98;0.06;0.22;0.37;0.90;0.00;-0.18;0.06;-0.02;-0.34;0.99;4.09;2.74;1.52;-0.37;-0.85;0.38;0.24;-0.06;-0.12;-0.12;0.13;-0.99;0.18;0.06;-0.49;0.20;0.68;0.73;
-0.55;-0.55;-0.12;-0.40;-0.01;-0.92;0.43;0.18;0.43;0.23;-0.23;-0.94;0.67;-0.37;-0.37;0.20;-0.54;0.85;0.37;-1.46;0.24;0.23;0.38;0.89;0.37;-0.98;0.12;-0.01;-0.34;0.98;22.87;14.57;12.74;-0.37;-0.97;0.52;0.43;0.06;0.30;-0.12;0.13;-0.98;0.12;0.12;0.12;0.20;0.69;0.72;
-0.24;0.00;0.06;-0.40;-0.01;-0.90;0.67;0.18;0.55;0.24;-0.22;-0.95;-0.37;-0.55;-0.85;0.19;-0.55;0.85;0.43;-0.61;0.24;0.23;0.38;0.90;0.06;-0.43;0.06;-0.02;-0.34;0.98;-35.37;-18.78;-34.76;-0.22;-0.65;0.27;-0.06;0.24;0.12;-0.12;0.14;-0.98;0.61;-0.06;-0.30;0.19;0.69;0.72;
-0.49;-0.24;0.55;-0.41;-0.00;-0.90;0.61;0.00;0.24;0.24;-0.22;-0.93;0.12;-0.49;-1.04;0.20;-0.55;0.84;-0.18;-0.37;0.43;0.22;0.37;0.89;0.00;0.24;0.73;-0.02;-0.34;0.98;65.85;17.87;54.09;-0.39;-1.19;0.69;-0.30;0.06;-0.24;-0.12;0.13;-0.98;0.06;-0.12;-0.61;0.20;0.69;0.72;
-0.12;-0.18;0.00;-0.41;-0.02;-0.91;0.43;0.49;0.30;0.24;-0.22;-0.95;0.37;0.06;-0.85;0.20;-0.55;0.85;0.55;-0.55;-0.12;0.23;0.38;0.89;0.24;-0.49;0.43;-0.02;-0.33;0.98;-6.59;-50.12;-56.22;-0.26;-0.81;0.18;0.30;0.18;0.06;-0.11;0.13;-0.98;0.06;0.30;-0.24;0.19;0.68;0.72;
0.30;-0.12;0.18;-0.40;-0.00;-0.91;0.37;0.43;0.00;0.24;-0.22;-0.94;0.24;-0.37;-0.98;0.20;-0.54;0.85;0.61;-0.24;0.30;0.21;0.37;0.90;0.37;-0.61;-0.06;-0.02;-0.33;0.99;33.41;49.70;55.37;-0.49;-0.94;0.56;0.55;0.00;0.18;-0.12;0.13;-0.99;0.67;0.73;-0.61;0.19;0.69;0.72;
-0.55;0.00;-0.43;-0.40;-0.00;-0.92;0.73;-0.18;0.49;0.24;-0.22;-0.94;0.24;-0.43;-1.22;0.20;-0.55;0.85;0.67;-0.67;-0.18;0.22;0.38;0.89;-0.06;-0.43;0.43;-0.02;-0.34;0.99;14.33;-57.07;-25.43;-0.36;-0.99;0.30;-0.55;-0.30;0.37;-0.12;0.12;-0.98;0.30;-0.43;-0.06;0.20;0.69;0.72;
-0.55;0.18;-0.06;-0.39;-0.00;-0.91;0.30;0.18;0.12;0.24;-0.22;-0.94;-0.12;-0.67;-1.59;0.20;-0.55;0.85;0.79;-0.24;0.30;0.22;0.37;0.90;0.73;-0.37;0.30;-0.02;-0.33;0.99;0.43;58.90;38.23;-0.51;-0.73;0.45;0.55;0.06;0.79;-0.12;0.13;-0.98;0.43;-0.24;-0.49;0.19;0.69;0.72;
-0.30;-0.30;0.18;-0.41;0.01;-0.91;0.79;0.12;0.18;0.24;-0.22;-0.94;-0.06;-0.67;-0.67;0.19;-0.55;0.84;0.49;-0.12;0.12;0.22;0.37;0.90;-0.79;-0.91;0.30;-0.02;-0.34;0.99;18.84;-62.68;-23.11;-0.38;-1.01;0.35;0.55;0.12;-0.49;-0.11;0.13;-0.98;0.06;0.30;-0.06;0.20;0.68;0.72;
-0.67;0.24;0.18;-0.40;-0.00;-0.92;-0.18;-0.30;0.24;0.23;-0.22;-0.94;-0.30;0.06;-0.91;0.19;-0.54;0.84;0.43;-0.49;0.43;0.22;0.38;0.89;0.43;-0.30;0.55;-0.03;-0.34;0.98;-12.50;64.82;33.84;-0.50;-0.66;0.43;0.00;-0.06;0.06;-0.12;0.13;-0.99;0.12;0.00;-0.24;0.19;0.68;0.72;
-1.40;-0.12;0.43;-0.40;0.00;-0.91;1.34;0.06;0.67;0.24;-0.23;-0.93;-0.18;-0.18;-1.16;0.20;-0.55;0.85;0.49;-0.79;0.30;0.23;0.37;0.90;0.61;-0.24;0.00;-0.02;-0.33;0.98;23.29;-66.46;-13.66;-0.41;-1.05;0.33;-0.06;0.00;0.00;-0.13;0.13;-0.98;0.67;-0.43;0.37;0.20;0.68;0.72;
0.18;-0.85;0.12;-0.40;0.00;-0.90;0.06;0.85;0.49;0.23;-0.23;-0.94;-0.24;-0.24;-0.79;0.20;-0.55;0.85;0.43;-0.18;0.12;0.23;0.38;0.90;-0.12;0.06;0.24;-0.01;-0.33;0.98;-15.00;27.07;5.91;-0.38;-0.86;0.40;0.43;0.24;0.24;-0.13;0.13;-0.98;0.30;0.18;-0.24;0.19;0.69;0.72;
-0.24;-0.18;0.06;-0.41;0.00;-0.91;0.30;-0.24;0.37;0.24;-0.23;-0.94;0.00;-0.43;-1.22;0.20;-0.55;0.85;0.55;-0.49;-0.06;0.22;0.37;0.90;0.12;-0.43;0.12;-0.02;-0.35;0.98;-4.57;2.87;2.44;-0.38;-0.88;0.40;0.30;0.06;0.00;-0.13;0.13;-0.97;0.61;-0.43;-0.37;0.20;0.68;0.71;
0.06;0.49;-0.37;-0.40;-0.01;-0.90;0.55;0.30;0.30;0.24;-0.23;-0.93;0.49;-0.67;-1.34;0.20;-0.54;0.85;0.37;-0.61;0.00;0.22;0.37;0.90;0.49;-0.43;0.24;-0.02;-0.34;0.98;-2.44;1.04;1.59;-0.37;-0.89;0.38;-0.12;0.06;-0.79;-0.12;0.13;-0.98;-0.06;0.06;-0.24;0.19;0.68;0.72;
-0.61;-0.12;-0.49;-0.40;0.00;-0.91;0.24;0.43;0.24;0.24;-0.23;-0.95;0.43;-0.37;-0.91;0.20;-0.55;0.84;0.73;-0.37;0.37;0.21;0.38;0.90;0.06;-0.37;0.55;-0.02;-0.34;0.99;-1.16;0.61;1.52;-0.37;-0.88;0.39;0.12;0.18;0.12;-0.12;0.13;-0.98;0.06;0.67;-0.85;0.19;0.69;0.71;
-0.30;-0.06;0.85;-0.41;-0.01;-0.91;0.06;-0.73;-0.12;0.23;-0.22;-0.94;-0.43;0.00;-0.91;0.20;-0.55;0.85;0.24;-0.49;0.06;0.21;0.37;0.90;0.55;-0.12;0.06;-0.03;-0.34;0.98;30.00;35.98;-2.26;-0.37;-0.92;0.40;-0.12;0.24;0.06;-0.12;0.13;-0.98;0.43;0.00;-0.67;0.20;0.69;0.73;
0.30;0.00;-0.18;-0.40;-0.01;-0.91;-0.06;0.61;0.00;0.23;-0.22;-0.95;-0.85;-0.37;-0.85;0.20;-0.55;0.84;0.37;-0.18;0.06;0.23;0.38;0.90;0.00;-0.24;0.49;-0.02;-0.33;0.98;-38.48;4.45;95.06;-0.81;-0.56;0.77;2.38;-0.43;-0.30;-0.12;0.14;-0.98;-1.22;-0.85;0.12;0.20;0.68;0.72;
-0.49;0.12;0.37;-0.40;-0.01;-0.91;-0.91;0.73;0.06;0.23;-0.23;-0.94;0.06;-1.10;-1.22;0.20;-0.56;0.84;1.04;-0.49;0.00;0.22;0.38;0.90;0.55;0.30;0.30;-0.02;-0.34;0.99;42.20;-87.56;-27.56;-0.07;-0.29;1.26;-0.73;0.49;0.43;-0.12;0.13;-0.99;0.91;0.18;-0.91;0.20;0.68;0.71;
-0.18;0.18;0.18;-0.40;-0.01;-0.91;0.18;0.24;-0.06;0.24;-0.22;-0.94;-0.18;-0.06;-1.04;0.20;-0.55;0.84;1.28;-0.61;0.37;0.23;0.37;0.89;0.55;-0.06;0.24;-0.02;-0.33;0.98;-200.06;-14.57;-27.38;-0.10;0.26;0.51;-0.06;0.43;-0.37;-0.13;0.12;-0.98;0.30;-0.12;-0.43;0.20;0.69;0.73;
-0.98;-0.43;0.49;-0.41;-0.01;-0.91;0.49;0.30;0.06;0.23;-0.24;-0.95;0.49;-0.49;-0.85;0.20;-0.55;0.84;1.34;-0.73;0.24;0.23;0.39;0.89;0.18;-0.12;-0.06;-0.02;-0.34;0.97;-394.76;-333.23;-239.76;1.12;-0.84;0.59;0.24;-0.30;0.18;-0.12;0.13;-0.98;0.55;0.30;-0.73;0.20;0.68;0.72;
-0.55;0.00;-0.12;-0.40;-0.00;-0.90;-0.73;0.30;0.49;0.23;-0.22;-0.94;0.30;-0.12;-1.10;0.19;-0.56;0.85;0.43;-0.67;0.06;0.22;0.37;0.90;0.61;-0.18;0.12;-0.01;-0.34;0.97;29.45;-24.63;15.55;0.68;-0.51;0.61;0.00;0.00;-0.24;-0.12;0.13;-0.98;0.55;0.30;-0.55;0.19;0.69;0.72;
0.12;-0.43;-0.24;-0.40;-0.01;-0.92;0.30;0.24;-0.06;0.24;-0.21;-0.94;-0.43;0.18;-0.67;0.21;-0.55;0.84;-0.06;-0.55;0.18;0.21;0.37;0.90;0.18;-0.37;0.73;-0.02;-0.34;0.98;3.11;4.33;-2.13;0.72;-0.54;0.59;1.34;0.30;-0.61;-0.12;0.13;-0.97;0.12;-0.18;-0.61;0.21;0.69;0.72;
-0.49;0.18;0.55;-0.40;-0.00;-0.92;1.89;-1.59;0.24;0.23;-0.23;-0.93;0.12;-1.16;-1.10;0.20;-0.55;0.85;0.73;-0.18;-0.06;0.22;0.38;0.90;0.06;-0.12;-0.18;-0.03;-0.34;0.98;-11.95;7.62;-4.27;0.70;-0.52;0.56;0.12;0.18;0.06;-0.13;0.13;-0.98;0.30;0.06;-0.24;0.20;0.69;0.73;
-0.12;0.00;0.24;-0.40;-0.00;-0.90;0.30;0.37;0.43;0.24;-0.23;-0.94;-0.24;-0.37;-0.85;0.20;-0.55;0.85;0.18;-0.43;-0.06;0.22;0.38;0.90;0.24;-0.49;0.43;-0.01;-0.34;0.98;-0.24;1.89;1.71;0.70;-0.52;0.55;0.00;1.04;0.18;-0.13;0.13;-0.97;0.24;-0.18;-0.55;0.20;0.68;0.72;
-0.43;-0.12;-0.18;-0.41;-0.01;-0.91;0.49;0.55;0.12;0.25;-0.22;-0.93;-0.67;-0.18;-1.10;0.20;-0.55;0.84;0.12;-0.67;0.00;0.23;0.38;0.89;0.12;-0.18;0.37;-0.01;-0.34;0.99;1.59;1.89;2.13;0.70;-0.53;0.57;-0.06;0.18;0.00;-0.12;0.13;-0.98;0.43;0.06;-0.43;0.20;0.69;0.73;
-0.43;-0.49;0.37;-0.41;-0.00;-0.91;0.18;0.30;-0.24;0.23;-0.23;-0.95;0.43;-0.24;-1.10;0.20;-0.56;0.84;0.55;-0.12;0.06;0.22;0.38;0.90;0.06;-0.06;0.61;-0.02;-0.33;0.98;0.30;0.37;1.34;0.69;-0.52;0.56;0.43;-0.12;-0.06;-0.12;0.13;-0.97;0.18;-0.06;-0.73;0.20;0.69;0.72;
-0.43;-0.24;0.12;-0.41;-0.01;-0.91;0.00;0.24;0.00;0.24;-0.23;-0.95;0.12;-0.55;-0.67;0.21;-0.55;0.85;0.00;-0.12;0.06;0.22;0.38;0.90;0.12;-0.43;0.37;-0.02;-0.34;0.99;-2.62;1.65;0.43;0.68;-0.53;0.56;-0.06;0.06;-0.24;-0.12;0.13;-0.98;0.18;0.24;-0.55;0.19;0.69;0.72;
-0.67;-0.37;-0.24;-0.40;-0.00;-0.91;0.61;0.24;-0.24;0.24;-0.23;-0.95;-0.37;-0.18;-0.73;0.20;-0.54;0.85;0.61;-0.30;0.30;0.23;0.38;0.89;0.00;-0.24;0.18;-0.01;-0.34;0.99;-2.13;2.20;0.67;0.69;-0.53;0.55;-0.18;0.00;-0.18;-0.12;0.14;-0.98;0.43;-0.30;-0.61;0.20;0.68;0.72;
-0.67;-0.12;-0.12;-0.40;-0.01;-0.91;0.61;0.43;0.37;0.24;-0.22;-0.95;-0.30;-0.73;-1.52;0.19;-0.55;0.84;0.49;-0.37;0.18;0.22;0.38;0.90;0.85;-0.61;-0.18;-0.02;-0.33;0.98;-0.55;0.61;1.83;0.70;-0.54;0.56;0.67;-0.18;0.06;-0.12;0.13;-0.98;0.37;-0.18;-0.91;0.19;0.69;0.73;
-0.18;-0.12;0.24;-0.39;-0.01;-0.91;0.37;0.43;0.18;0.23;-0.23;-0.94;0.24;-0.55;-1.04;0.20;-0.54;0.84;0.37;-0.49;-0.24;0.23;0.38;0.91;0.12;-0.12;0.30;-0.02;-0.34;0.97;-3.35;3.23;0.12;0.69;-0.53;0.57;0.61;-0.12;0.43;-0.12;0.13;-0.97;0.37;-0.12;-0.43;0.20;0.69;0.72;
0.00;-0.12;0.18;-0.40;-0.01;-0.92;0.18;0.30;0.30;0.23;-0.22;-0.94;0.18;-0.24;-0.49;0.20;-0.55;0.85;0.73;-0.24;0.55;0.22;0.38;0.90;0.18;0.06;0.24;-0.02;-0.33;0.99;-0.85;1.59;1.34;0.69;-0.53;0.57;0.73;0.00;0.37;-0.12;0.13;-0.98;0.37;0.24;-0.18;0.20;0.68;0.72;
-0.30;-0.30;-0.12;-0.40;-0.01;-0.91;0.79;0.18;-0.12;0.23;-0.23;-0.94;0.30;-0.55;-1.04;0.19;-0.55;0.84;0.30;-0.37;0.12;0.22;0.37;0.90;0.12;-0.43;1.04;-0.02;-0.34;0.98;-1.71;1.34;0.61;0.67;-0.53;0.56;-0.12;0.24;-0.30;-0.12;0.13;-0.98;0.43;0.37;-0.06;0.20;0.68;0.72;
-0.55;0.00;-0.55;-0.39;0.00;-0.91;0.43;0.00;0.37;0.23;-0.23;-0.94;-0.06;-0.85;-1.52;0.20;-0.55;0.85;0.30;-0.55;0.30;0.22;0.38;0.90;0.18;-0.12;0.49;-0.02;-0.34;0.98;-0.98;0.37;1.34;0.69;-0.54;0.57;0.30;-0.18;0.18;-0.12;0.13;-0.99;0.00;-0.18;-0.24;0.20;0.69;0.72;
-0.18;-0.06;0.00;-0.40;-0.01;-0.91;0.24;0.12;0.43;0.24;-0.22;-0.94;0.12;0.18;-1.04;0.21;-0.56;0.85;0.06;-0.30;-0.06;0.23;0.38;0.89;0.30;-0.43;0.61;-0.02;-0.33;0.98;-3.60;1.89;0.49;0.68;-0.54;0.57;0.37;0.00;-0.06;-0.12;0.13;-0.98;0.18;-0.18;-0.18;0.19;0.69;0.71;
-0.06;-0.30;0.37;-0.41;-0.01;-0.92;0.55;0.37;0.61;0.23;-0.22;-0.94;-0.06;0.12;-1.04;0.20;-0.55;0.85;0.30;-0.55;-0.37;0.22;0.38;0.90;0.12;-0.24;0.06;-0.01;-0.34;0.99;-1.04;1.71;0.91;0.68;-0.53;0.57;0.30;0.12;0.24;-0.12;0.12;-0.98;0.55;0.00;-0.43;0.20;0.69;0.73;
0.30;-0.06;-0.18;-0.40;-0.01;-0.89;0.37;0.37;0.61;0.24;-0.22;-0.94;0.12;-0.79;-1.40;0.20;-0.55;0.85;0.61;-0.55;0.06;0.23;0.38;0.89;0.67;0.30;0.30;-0.01;-0.34;0.98;5.55;0.24;10.37;0.68;-0.55;0.57;0.12;0.43;-0.06;-0.12;0.13;-0.98;0.79;0.00;-0.73;0.20;0.68;0.72;
-0.43;-0.37;0.24;-0.41;-0.01;-0.90;0.37;0.18;0.06;0.24;-0.23;-0.93;-0.30;-0.43;-1.65;0.20;-0.54;0.84;0.91;-0.06;0.37;0.21;0.38;0.91;0.37;-0.49;0.06;-0.02;-0.34;0.99;7.50;-1.04;5.43;0.66;-0.58;0.56;-0.30;-0.12;-0.12;-0.12;0.13;-0.98;-0.12;0.24;-0.12;0.19;0.69;0.72;
0.37;-0.24;0.00;-0.40;-0.01;-0.90;0.06;0.30;0.18;0.24;-0.23;-0.94;0.30;0.00;-1.04;0.21;-0.55;0.85;0.43;-0.91;0.24;0.22;0.38;0.89;0.24;0.12;0.24;-0.02;-0.34;0.98;-18.78;11.22;-14.63;0.66;-0.56;0.56;0.73;0.18;-0.30;-0.12;0.14;-0.98;0.37;-0.06;-0.67;0.19;0.68;0.73;
-0.67;-0.12;0.24;-0.40;-0.00;-0.91;0.49;0.37;0.12;0.23;-0.23;-0.94;0.06;-0.91;-0.43;0.20;-0.55;0.86;0.43;-0.43;0.00;0.23;0.38;0.89;0.12;-0.91;0.49;-0.02;-0.33;0.99;-5.91;-1.52;-0.91;0.67;-0.55;0.55;0.79;-0.12;0.43;-0.12;0.14;-0.98;0.18;-0.49;-0.43;0.19;0.69;0.71;
-0.06;0.18;-0.24;-0.41;-0.01;-0.90;-0.30;0.12;-0.06;0.24;-0.24;-0.94;-0.55;-0.24;-0.79;0.20;-0.55;0.85;0.55;-0.30;0.00;0.22;0.38;0.90;0.61;-0.43;0.37;-0.02;-0.34;0.98;-3.29;4.27;-4.33;0.68;-0.55;0.55;0.00;-0.06;0.30;-0.12;0.13;-0.99;0.61;0.00;-0.43;0.20;0.69;0.72;
0.12;0.06;-0.06;-0.40;-0.01;-0.91;0.67;0.12;-0.06;0.23;-0.22;-0.94;0.12;-0.98;-1.34;0.20;-0.55;0.84;2.20;0.30;-0.12;0.22;0.36;0.90;1.59;0.49;0.24;-0.03;-0.34;0.98;-4.51;5.79;-0.67;0.69;-0.54;0.56;0.30;0.37;0.24;-0.13;0.13;-0.98;0.30;-0.18;-0.61;0.19;0.69;0.72;
1.95;0.73;-0.55;-0.40;-0.00;-0.91;1.71;-0.55;0.43;0.24;-0.23;-0.93;0.67;0.12;-1.10;0.20;-0.55;0.84;1.16;-0.43;-0.67;0.23;0.38;0.89;0.43;-0.49;0.12;-0.02;-0.34;0.98;-3.60;2.26;-0.91;0.68;-0.55;0.57;0.12;-0.06;-0.30;-0.12;0.13;-0.98;0.12;0.00;-0.24;0.20;0.68;0.72;
0.24;-0.43;0.00;-0.40;-0.01;-0.91;0.55;0.30;0.43;0.23;-0.23;-0.95;0.12;-0.30;-1.52;0.21;-0.55;0.85;0.67;-0.79;-0.18;0.23;0.38;0.89;0.12;-0.79;0.12;-0.02;-0.34;0.98;-1.65;1.46;0.24;0.68;-0.54;0.57;0.61;0.12;-0.06;-0.12;0.12;-0.97;0.30;-0.37;-0.37;0.19;0.69;0.72;
-0.37;-0.12;-0.06;-0.40;-0.01;-0.91;0.73;0.12;0.43;0.24;-0.23;-0.94;0.24;0.06;-0.91;0.20;-0.55;0.85;1.83;-0.91;0.18;0.23;0.38;0.89;-0.12;-0.24;0.37;-0.02;-0.34;0.98;1.77;-0.85;2.68;0.68;-0.54;0.56;0.12;0.12;0.43;-0.12;0.13;-0.98;0.43;0.06;-0.30;0.20;0.68;0.72;
-0.24;0.06;0.00;-0.41;-0.01;-0.91;1.22;0.18;0.49;0.24;-0.23;-0.95;-0.24;0.37;-1.16;0.20;-0.55;0.84;3.66;0.61;-0.24;0.22;0.37;0.89;1.22;1.04;0.73;-0.01;-0.34;1.00;1.28;-3.60;2.50;0.69;-0.54;0.55;0.91;0.24;0.18;-0.12;0.13;-0.99;0.06;-0.06;-0.18;0.19;0.67;0.71;
-0.06;0.06;0.49;-0.41;-0.01;-0.91;0.18;0.18;0.06;0.23;-0.22;-0.95;0.24;-0.49;-0.79;0.19;-0.55;0.84;0.55;-0.12;-0.49;0.22;0.37;0.90;-0.55;-0.91;0.30;-0.02;-0.35;0.98;-4.63;2.99;-1.77;0.71;-0.54;0.55;0.00;0.12;-0.43;-0.12;0.13;-0.98;0.30;0.18;-0.43;0.19;0.69;0.73;
-0.37;0.06;0.73;-0.40;-0.00;-0.91;0.55;0.49;0.30;0.23;-0.23;-0.95;-0.37;-0.37;-1.65;0.20;-0.55;0.84;0.37;-0.30;0.18;0.21;0.38;0.89;0.00;-0.30;0.37;-0.02;-0.34;0.98;3.72;-0.91;3.48;0.68;-0.55;0.55;0.18;-0.18;-0.37;-0.13;0.12;-0.97;0.24;0.30;-0.67;0.20;0.69;0.71;
-0.67;-0.37;-0.24;-0.41;-0.02;-0.90;0.85;0.43;0.49;0.24;-0.23;-0.94;0.12;-0.24;-0.85;0.20;-0.55;0.85;0.06;-0.55;0.18;0.22;0.37;0.88;0.00;-0.30;0.24;-0.01;-0.33;0.99;1.52;0.30;2.07;0.67;-0.55;0.56;-0.12;0.55;-0.18;-0.13;0.13;-0.99;0.61;-0.43;-0.37;0.19;0.69;0.72;
0.00;0.00;0.06;-0.41;-0.01;-0.90;-0.12;0.55;0.37;0.23;-0.23;-0.94;0.37;-0.61;-0.67;0.20;-0.55;0.85;0.49;-0.61;0.18;0.22;0.37;0.90;0.00;-0.24;0.30;-0.02;-0.34;0.98;3.54;-1.34;2.99;0.68;-0.56;0.55;0.12;0.18;-0.06;-0.12;0.13;-0.98;0.55;0.30;-0.37;0.20;0.69;0.72;
-0.55;-0.18;0.30;-0.40;-0.01;-0.90;0.00;0.61;0.18;0.24;-0.23;-0.94;-0.06;-0.18;-1.71;0.20;-0.55;0.84;0.55;0.06;0.06;0.22;0.38;0.90;0.18;-0.37;0.43;-0.02;-0.34;0.99;2.87;-1.52;2.26;0.67;-0.55;0.56;0.00;-0.18;0.30;-0.11;0.13;-0.98;0.67;0.00;-0.55;0.19;0.68;0.73;
0.06;-0.06;0.30;-0.40;-0.01;-0.91;0.24;0.12;0.24;0.24;-0.22;-0.94;0.00;-0.55;-1.40;0.20;-0.55;0.84;0.37;-0.24;0.37;0.23;0.38;0.90;0.12;-0.43;0.37;-0.02;-0.34;0.98;-0.98;1.77;1.34;0.67;-0.55;0.56;0.24;0.06;-0.30;-0.12;0.13;-0.99;0.49;0.30;-0.30;0.19;0.68;0.73;
-0.30;-0.24;-0.06;-0.40;-0.00;-0.91;0.73;0.00;0.12;0.23;-0.22;-0.94;0.43;-0.73;-0.61;0.20;-0.54;0.85;0.00;-0.43;0.30;0.23;0.38;0.90;0.43;-0.55;0.18;-0.02;-0.34;0.99;2.01;-0.18;1.95;0.67;-0.55;0.57;0.37;0.12;0.12;-0.12;0.13;-0.98;0.79;-0.06;-0.49;0.20;0.69;0.72;
-0.37;-0.24;-0.37;-0.41;-0.01;-0.91;0.67;0.12;0.06;0.24;-0.23;-0.95;-0.06;-0.43;-0.85;0.20;-0.55;0.85;0.85;-0.43;-0.06;0.22;0.37;0.90;0.24;0.06;0.06;-0.01;-0.34;0.98;-0.98;-0.30;1.46;0.68;-0.56;0.57;0.00;-0.18;-0.06;-0.12;0.13;-0.98;0.55;-0.12;-0.12;0.21;0.69;0.72;
-1.65;-0.18;0.67;-0.39;-0.00;-0.90;0.30;0.24;0.00;0.24;-0.23;-0.95;0.00;-0.67;-0.91;0.20;-0.54;0.85;0.73;0.18;-0.12;0.22;0.38;0.89;0.12;-0.30;0.18;-0.02;-0.34;0.97;-0.98;1.22;0.73;0.68;-0.55;0.57;-0.12;0.30;-0.30;-0.12;0.13;-0.98;0.30;0.30;-0.43;0.20;0.68;0.71;
-0.24;0.06;-0.30;-0.40;-0.01;-0.91;0.55;0.00;0.12;0.23;-0.22;-0.94;-0.30;-0.43;-0.98;0.20;-0.55;0.85;0.91;-0.43;0.00;0.23;0.38;0.90;0.06;0.24;0.24;-0.02;-0.35;0.97;0.18;0.98;1.16;0.67;-0.56;0.56;0.12;0.00;-0.06;-0.12;0.13;-0.98;0.37;-0.24;-0.79;0.20;0.69;0.72;
-0.24;0.00;0.00;-0.40;0.00;-0.91;0.79;0.24;0.49;0.24;-0.23;-0.95;0.12;-0.73;-1.10;0.20;-0.55;0.84;0.61;-0.67;0.43;0.22;0.38;0.90;0.61;-0.30;0.37;-0.02;-0.35;0.98;-0.37;1.34;1.65;0.68;-0.55;0.56;0.30;-0.43;0.30;-0.12;0.13;-0.98;-0.18;0.18;-1.10;0.19;0.69;0.72;
0.43;0.12;0.06;-0.40;-0.02;-0.91;1.04;0.37;-0.18;0.23;-0.22;-0.95;0.24;-0.30;-1.65;0.19;-0.55;0.85;-0.06;-1.10;0.61;0.22;0.38;0.89;0.55;-0.73;0.55;-0.02;-0.34;0.98;-0.49;-0.18;1.22;0.67;-0.55;0.57;-0.12;-0.12;0.30;-0.12;0.13;-0.99;0.85;-0.06;-0.98;0.20;0.69;0.72;
0.24;-0.30;0.00;-0.40;-0.01;-0.90;0.18;0.24;-0.18;0.23;-0.22;-0.94;-0.12;-0.67;-1.10;0.20;-0.55;0.85;0.18;-0.55;0.00;0.22;0.37;0.89;0.67;-0.43;-0.06;-0.01;-0.34;0.99;2.93;3.90;1.89;0.66;-0.55;0.56;0.37;0.06;-0.18;-0.12;0.13;-0.98;0.30;0.06;-0.18;0.20;0.68;0.72;
-0.43;0.55;0.61;-0.40;-0.01;-0.91;-0.24;0.30;0.24;0.24;-0.23;-0.93;-0.06;-0.49;-1.10;0.20;-0.56;0.84;0.24;0.30;-0.12;0.22;0.38;0.89;0.37;-0.18;0.67;-0.02;-0.34;0.99;-2.80;-6.59;0.85;0.61;-0.56;0.55;0.43;-0.12;-0.24;-0.13;0.13;-0.97;0.18;0.12;-0.37;0.19;0.69;0.71;
-1.04;-0.12;0.24;-0.41;-0.00;-0.90;0.00;0.67;0.18;0.23;-0.22;-0.94;0.18;-0.30;-0.55;0.20;-0.55;0.85;0.49;-0.30;-0.18;0.22;0.37;0.90;0.37;-0.18;0.43;-0.02;-0.34;0.97;4.45;0.98;3.54;0.77;-0.61;0.69;0.49;-0.24;0.06;-0.12;0.13;-0.98;0.67;-0.12;-0.49;0.21;0.68;0.72;
-0.18;-0.18;-0.12;-0.40;-0.01;-0.90;0.18;0.12;0.24;0.24;-0.22;-0.95;-0.18;-0.30;-1.40;0.19;-0.54;0.84;0.55;-0.91;-0.24;0.23;0.37;0.90;0.24;-0.49;0.37;-0.02;-0.34;0.98;-3.29;0.18;0.91;0.61;-0.51;0.52;0.37;-0.06;-0.37;-0.12;0.13;-0.98;0.37;-0.12;-0.06;0.19;0.68;0.72;
-1.34;0.12;-0.37;-0.40;-0.00;-0.91;-1.34;0.18;-0.06;0.24;-0.23;-0.95;0.18;-0.61;-1.22;0.19;-0.54;0.84;0.67;0.06;0.43;0.22;0.37;0.90;-0.06;0.00;0.06;-0.03;-0.34;0.98;5.43;2.13;5.91;0.75;-0.52;0.59;-0.06;0.18;-0.06;-0.13;0.14;-0.98;0.43;0.00;-0.55;0.21;0.68;0.73;
-0.30;-0.30;0.37;-0.40;-0.00;-0.91;0.24;0.85;0.18;0.23;-0.22;-0.94;-0.37;-0.43;-0.98;0.20;-0.55;0.85;0.79;-0.85;-0.18;0.21;0.38;0.89;0.37;-0.61;0.06;-0.02;-0.34;0.98;8.41;-4.09;5.12;0.67;-0.56;0.55;0.30;-0.24;0.24;-0.12;0.13;-0.98;1.28;0.00;-0.61;0.20;0.68;0.72;
-0.55;-0.30;0.30;-0.40;-0.01;-0.91;0.49;0.30;0.30;0.24;-0.22;-0.95;0.37;-0.37;-1.04;0.20;-0.55;0.84;-0.06;-0.43;-0.43;0.22;0.38;0.89;0.30;-0.30;0.55;-0.02;-0.34;0.98;2.44;-0.30;2.20;0.67;-0.55;0.56;0.12;-0.37;0.24;-0.12;0.13;-0.97;-0.06;-0.49;-0.30;0.19;0.69;0.73;
-0.43;-0.18;-0.12;-0.40;-0.01;-0.90;0.61;0.00;0.18;0.24;-0.23;-0.94;0.24;-0.55;-0.85;0.20;-0.55;0.85;0.18;-0.49;0.18;0.22;0.37;0.90;0.18;0.43;-0.06;-0.01;-0.34;0.99;1.59;-0.55;2.50;0.66;-0.56;0.55;-0.06;-0.12;-0.06;-0.12;0.13;-0.98;0.18;0.30;-0.37;0.21;0.69;0.71;
-0.55;-0.43;0.37;-0.41;-0.00;-0.91;0.61;0.43;0.24;0.23;-0.23;-0.93;0.30;-0.37;-0.67;0.20;-0.55;0.84;0.37;0.06;-0.24;0.22;0.38;0.91;-0.24;-0.30;0.00;-0.02;-0.34;0.98;-0.61;2.01;1.22;0.68;-0.56;0.57;0.00;0.18;0.55;-0.12;0.12;-0.98;0.61;0.06;-0.79;0.20;0.68;0.72;
-0.06;-0.12;0.00;-0.40;-0.01;-0.91;1.04;0.67;0.12;0.23;-0.22;-0.93;0.30;0.18;-1.16;0.20;-0.55;0.84;-0.24;-0.12;0.00;0.22;0.38;0.89;-0.06;-0.18;0.12;-0.02;-0.34;0.98;0.67;-2.07;1.40;0.67;-0.55;0.55;0.37;0.00;-0.30;-0.12;0.13;-0.98;0.67;0.37;-0.18;0.20;0.70;0.73;
-0.79;0.18;0.61;-0.40;-0.01;-0.90;0.30;-0.06;0.55;0.24;-0.22;-0.94;-0.49;-0.67;-0.91;0.20;-0.55;0.84;1.04;-0.37;0.24;0.22;0.38;0.90;0.37;-0.79;0.12;-0.02;-0.33;0.99;-4.45;2.74;-0.73;0.67;-0.56;0.56;0.24;0.18;0.55;-0.12;0.13;-0.98;0.06;-0.06;-0.55;0.20;0.69;0.73;
-1.34;-0.12;0.37;-0.41;-0.00;-0.91;-2.13;1.65;0.43;0.24;-0.24;-0.96;-0.67;-1.71;-0.85;0.20;-0.55;0.84;0.55;-0.49;-0.06;0.22;0.37;0.91;0.24;-0.06;0.12;-0.02;-0.33;0.98;1.95;-1.28;1.77;0.67;-0.56;0.56;-0.06;0.24;0.00;-0.13;0.13;-0.98;0.30;-0.12;-0.43;0.20;0.69;0.72;
-0.06;-0.12;-0.12;-0.40;-0.00;-0.91;0.37;0.37;0.00;0.24;-0.22;-0.93;-0.55;-0.49;-1.40;0.20;-0.56;0.84;0.79;0.06;-0.37;0.22;0.37;0.89;0.06;-0.43;0.18;-0.01;-0.34;0.98;0.00;0.06;1.65;0.68;-0.56;0.56;0.12;-0.37;-0.18;-0.12;0.13;-0.98;0.43;-0.12;-0.37;0.19;0.68;0.71;
-0.06;-0.49;-0.37;-0.40;-0.02;-0.90;0.06;0.06;0.12;0.24;-0.23;-0.94;0.18;-0.12;-0.49;0.20;-0.54;0.85;0.30;-0.49;0.24;0.22;0.38;0.90;0.55;-0.43;0.18;-0.01;-0.33;0.98;-0.61;0.73;1.77;0.68;-0.56;0.55;0.06;0.06;0.06;-0.12;0.13;-0.98;-0.18;0.37;-0.55;0.19;0.69;0.73;
-0.30;-0.06;0.30;-0.40;-0.01;-0.90;0.18;0.24;0.18;0.23;-0.22;-0.95;0.12;-0.06;-0.98;0.21;-0.55;0.84;0.67;-0.24;0.06;0.23;0.38;0.90;0.06;-0.43;0.61;-0.02;-0.34;0.98;-0.12;0.85;1.89;0.67;-0.56;0.56;0.61;-0.30;0.37;-0.13;0.13;-0.98;0.43;0.30;-0.30;0.20;0.68;0.72;
-0.43;0.43;-0.24;-0.40;-0.01;-0.91;0.30;0.06;-0.12;0.24;-0.22;-0.95;-0.43;-0.30;-0.85;0.20;-0.55;0.85;0.24;-0.30;-0.06;0.22;0.37;0.90;0.24;-0.67;0.43;-0.02;-0.35;0.99;0.37;0.79;1.40;0.67;-0.56;0.56;-0.06;0.06;0.12;-0.12;0.12;-0.98;0.18;-0.30;-0.55;0.20;0.69;0.71;
-1.16;-0.49;-0.06;-0.40;-0.01;-0.91;0.37;0.12;0.43;0.23;-0.23;-0.94;0.43;-0.18;-0.37;0.20;-0.54;0.85;0.37;-0.85;-0.06;0.22;0.38;0.90;0.24;-0.06;0.37;-0.02;-0.34;0.98;-0.98;0.55;1.10;0.67;-0.55;0.56;0.30;-0.18;-0.18;-0.12;0.13;-0.98;0.73;0.12;-0.55;0.19;0.69;0.73;
0.06;0.24;0.00;-0.40;-0.01;-0.91;0.37;-0.06;0.30;0.24;-0.22;-0.94;-0.12;-0.43;-0.85;0.20;-0.55;0.85;0.73;-0.37;0.18;0.21;0.37;0.90;0.85;-0.37;0.12;-0.03;-0.34;0.98;0.55;0.67;1.83;0.67;-0.55;0.56;0.12;0.12;-0.12;-0.13;0.13;-0.98;0.67;-0.43;-0.18;0.20;0.69;0.72;
-0.61;-0.37;0.73;-0.40;-0.00;-0.90;0.91;0.18;0.49;0.24;-0.23;-0.94;-0.30;-0.67;-1.16;0.20;-0.55;0.84;0.61;-0.43;0.06;0.21;0.38;0.90;-0.06;0.00;-0.06;-0.02;-0.35;0.98;1.22;0.18;1.46;0.67;-0.56;0.56;0.67;0.24;-0.18;-0.12;0.13;-0.98;0.49;0.18;-0.24;0.20;0.68;0.72;
-0.24;-0.30;-0.18;-0.40;-0.01;-0.90;-1.04;0.98;-0.30;0.23;-0.22;-0.95;-0.06;-0.06;-0.55;0.19;-0.55;0.85;1.04;-0.18;0.06;0.22;0.37;0.89;0.24;-0.24;0.30;-0.03;-0.34;0.98;1.40;0.37;1.83;0.66;-0.56;0.56;0.30;0.49;-0.18;-0.13;0.14;-0.98;0.18;0.00;-0.18;0.20;0.68;0.71;
-0.12;-0.06;0.00;-0.41;-0.01;-0.90;0.55;0.00;0.37;0.24;-0.22;-0.94;-0.06;-0.06;-0.61;0.20;-0.55;0.85;0.91;-0.61;0.18;0.22;0.38;0.89;0.30;-0.49;0.43;-0.02;-0.34;0.97;-0.37;0.67;1.65;0.68;-0.56;0.56;0.24;0.24;-0.24;-0.12;0.13;-0.99;0.37;0.12;-0.61;0.19;0.69;0.71;
-0.24;-0.30;-0.06;-0.40;-0.00;-0.92;0.49;0.18;0.00;0.23;-0.23;-0.94;-0.24;-0.49;-0.98;0.20;-0.55;0.85;0.00;-1.22;0.43;0.21;0.38;0.89;0.12;-0.18;0.24;-0.02;-0.34;0.98;-0.12;0.85;2.44;0.66;-0.57;0.56;0.37;0.37;-0.43;-0.12;0.13;-0.98;0.18;-0.24;-0.37;0.20;0.69;0.72;
-0.67;-0.06;0.06;-0.40;-0.00;-0.90;0.43;0.06;0.24;0.24;-0.22;-0.94;0.24;-0.61;-0.79;0.20;-0.55;0.84;1.10;-0.49;-0.12;0.23;0.37;0.90;0.00;-0.37;0.30;-0.02;-0.33;0.98;-1.52;1.59;0.24;0.67;-0.55;0.56;0.24;0.49;0.43;-0.12;0.13;-0.98;0.55;-0.06;-0.49;0.20;0.68;0.71;
0.30;-0.12;0.18;-0.39;-0.02;-0.90;0.18;0.00;0.12;0.24;-0.23;-0.94;-0.30;-1.16;-0.98;0.20;-0.55;0.85;0.12;-0.49;-0.12;0.21;0.38;0.90;0.73;-0.12;0.06;-0.01;-0.34;0.98;-0.98;1.16;1.10;0.67;-0.56;0.55;0.43;0.12;0.49;-0.12;0.13;-0.98;-0.06;-0.30;-0.24;0.19;0.69;0.71;
-0.06;0.06;-0.12;-0.40;-0.01;-0.91;0.12;0.37;0.12;0.23;-0.23;-0.95;0.55;-0.85;-1.46;0.20;-0.55;0.85;-0.12;-0.79;0.18;0.22;0.38;0.90;0.24;-0.43;0.24;-0.02;-0.34;0.99;-0.91;1.22;1.16;0.66;-0.56;0.56;-0.06;0.18;-0.30;-0.12;0.14;-0.98;0.30;-0.30;-0.49;0.19;0.69;0.72;
-0.30;-0.18;0.06;-0.40;-0.01;-0.90;0.73;0.55;0.12;0.24;-0.22;-0.94;-0.24;-0.24;-0.79;0.20;-0.55;0.85;0.24;-0.91;-0.12;0.22;0.37;0.90;0.37;-0.18;0.30;-0.02;-0.34;0.98;-1.52;1.59;-0.73;0.67;-0.57;0.56;0.43;0.43;0.06;-0.12;0.13;-0.99;0.49;0.49;-0.30;0.20;0.68;0.72;
-0.43;-0.37;-0.18;-0.40;-0.01;-0.92;0.18;0.37;0.30;0.24;-0.22;-0.94;0.43;-0.30;-0.43;0.19;-0.55;0.84;0.79;-0.12;0.12;0.23;0.38;0.89;0.43;-0.06;0.37;-0.02;-0.33;0.98;-3.11;5.49;0.67;0.68;-0.56;0.55;-0.06;0.06;-0.30;-0.13;0.13;-0.98;-0.12;0.00;-0.67;0.20;0.68;0.71;
-0.49;-0.24;-0.30;-0.42;-0.01;-0.91;0.18;0.55;-0.18;0.23;-0.22;-0.94;-0.06;-0.61;-0.79;0.21;-0.55;0.86;0.73;-0.73;-0.06;0.22;0.38;0.89;0.00;-0.18;0.55;-0.02;-0.34;1.00;5.00;2.62;0.43;0.69;-0.55;0.55;0.06;0.00;0.00;-0.12;0.13;-0.98;0.30;-0.30;-0.30;0.21;0.69;0.72;
-0.37;-0.24;-0.49;-0.40;-0.01;-0.91;0.43;0.30;0.49;0.24;-0.22;-0.94;0.12;-0.98;-1.46;0.20;-0.56;0.84;1.04;-0.06;-0.06;0.22;0.37;0.90;0.12;-0.49;0.24;-0.01;-0.34;0.99;3.29;-0.18;3.41;0.69;-0.55;0.55;-0.24;-0.18;0.00;-0.12;0.13;-0.98;0.43;-0.30;0.00;0.20;0.69;0.73;
-0.18;-0.12;-0.06;-0.41;-0.01;-0.91;0.79;0.18;0.24;0.24;-0.22;-0.93;0.24;0.18;-1.04;0.20;-0.55;0.84;0.12;-0.37;-0.12;0.21;0.38;0.90;0.55;-0.55;0.49;-0.02;-0.34;0.99;0.73;0.43;1.83;0.69;-0.55;0.55;0.43;0.24;-0.06;-0.13;0.13;-0.98;0.30;-0.37;-1.04;0.20;0.69;0.72;
-0.79;0.24;-0.24;-0.40;0.00;-0.90;0.67;0.30;0.18;0.24;-0.22;-0.95;-0.18;-0.61;-1.16;0.20;-0.55;0.85;0.73;0.00;-0.37;0.22;0.37;0.90;-0.06;-0.37;0.06;-0.01;-0.34;0.98;-4.33;2.74;-0.61;0.69;-0.55;0.54;0.24;-0.37;0.06;-0.12;0.13;-0.99;0.06;-0.12;-0.12;0.20;0.69;0.72;
-0.55;-0.43;0.30;-0.40;-0.01;-0.91;0.06;0.37;0.55;0.24;-0.22;-0.95;0.61;-0.18;-0.67;0.21;-0.56;0.84;-0.06;-0.61;-0.18;0.22;0.37;0.89;-0.06;-0.18;0.55;-0.03;-0.34;0.99;-1.89;2.32;0.67;0.69;-0.55;0.54;0.12;0.18;-0.06;-0.13;0.13;-0.98;0.49;0.18;-0.43;0.19;0.69;0.72;
-1.28;0.24;-0.06;-0.41;-0.01;-0.90;0.24;0.00;0.49;0.23;-0.23;-0.94;0.24;-0.37;-0.49;0.20;-0.55;0.85;0.24;-0.24;-0.06;0.22;0.37;0.89;0.24;0.12;0.00;-0.02;-0.33;0.99;-2.80;2.93;0.91;0.68;-0.55;0.54;0.67;0.43;0.24;-0.13;0.13;-0.98;0.49;-0.12;-0.30;0.20;0.68;0.71;
-0.37;-0.12;0.37;-0.40;-0.01;-0.91;1.10;0.18;0.12;0.24;-0.23;-0.95;0.12;-0.61;-1.22;0.20;-0.55;0.85;0.24;-0.55;-0.18;0.22;0.38;0.90;0.49;-0.55;-0.12;-0.02;-0.34;0.99;-2.07;0.00;-1.22;0.69;-0.57;0.56;-0.12;0.43;-0.18;-0.12;0.13;-0.98;0.18;0.06;-0.30;0.19;0.68;0.72;
-0.18;-0.12;0.18;-0.40;-0.01;-0.91;0.85;0.18;0.12;0.23;-0.23;-0.93;-0.37;-0.61;-0.79;0.20;-0.55;0.85;0.12;-0.37;-0.06;0.22;0.38;0.90;0.43;-0.37;0.24;-0.02;-0.34;0.98;-13.23;8.60;-5.55;0.68;-0.55;0.55;-0.06;-0.67;0.18;-0.13;0.14;-0.98;0.18;0.18;-0.43;0.20;0.69;0.71;
-0.85;-0.12;0.18;-0.41;-0.01;-0.91;0.67;0.43;-0.67;0.24;-0.23;-0.95;0.24;-0.73;-0.73;0.20;-0.54;0.85;0.79;-0.85;0.00;0.22;0.38;0.90;0.49;-0.37;0.12;-0.02;-0.34;0.98;-5.55;4.94;-1.65;0.68;-0.55;0.56;0.18;-0.06;0.18;-0.12;0.14;-0.99;1.04;-0.06;-0.24;0.19;0.69;0.72;
-0.43;-0.30;0.24;-0.40;-0.01;-0.91;0.49;0.18;0.30;0.24;-0.22;-0.93;0.24;-0.18;-1.52;0.20;-0.55;0.85;0.73;-0.61;0.12;0.22;0.38;0.89;0.55;0.06;0.18;-0.02;-0.34;0.98;1.89;-0.55;2.01;0.68;-0.55;0.56;0.37;0.12;0.06;-0.13;0.13;-0.98;0.24;0.06;-0.06;0.19;0.69;0.72;
-0.18;-0.37;0.30;-0.40;-0.01;-0.91;0.43;0.12;0.18;0.24;-0.23;-0.94;0.00;-0.73;-0.91;0.20;-0.55;0.85;0.37;-0.24;0.24;0.22;0.37;0.90;0.37;-0.67;0.30;-0.02;-0.34;0.98;0.73;-0.06;2.32;0.68;-0.55;0.55;0.98;-0.18;-0.12;-0.12;0.13;-0.98;0.18;-0.12;-0.18;0.20;0.69;0.71;
0.00;-0.43;0.18;-0.40;-0.01;-0.90;0.30;0.61;0.24;0.24;-0.23;-0.94;-0.24;-0.49;-1.34;0.20;-0.55;0.84;0.61;-0.49;0.12;0.22;0.38;0.90;0.12;-0.24;0.24;-0.02;-0.33;0.97;2.32;-0.85;2.80;0.68;-0.55;0.56;-0.06;0.37;0.12;-0.12;0.13;-0.97;0.24;0.06;-0.30;0.20;0.69;0.71;
-0.30;-0.18;-0.18;-0.40;-0.01;-0.91;0.30;0.12;0.06;0.24;-0.22;-0.94;0.00;-0.12;-0.85;0.19;-0.55;0.83;-0.24;-0.30;0.30;0.22;0.37;0.89;0.18;-0.06;0.55;-0.02;-0.34;0.98;0.12;0.12;1.77;0.68;-0.55;0.55;0.24;0.12;-0.06;-0.11;0.12;-0.97;0.30;-0.06;-0.12;0.20;0.69;0.72;
-0.61;-0.37;0.00;-0.40;-0.01;-0.90;0.49;0.06;-0.12;0.24;-0.23;-0.93;0.06;-0.49;-0.55;0.20;-0.55;0.84;0.30;-0.73;-0.30;0.22;0.37;0.90;-0.37;-0.43;0.37;-0.02;-0.34;0.98;-0.49;1.28;1.34;0.68;-0.56;0.55;-0.12;-0.37;-0.55;-0.12;0.13;-0.98;0.12;-0.37;-0.18;0.20;0.69;0.71;
-0.55;-0.24;0.18;-0.41;-0.01;-0.92;0.30;-0.06;0.37;0.24;-0.22;-0.94;0.06;0.49;-1.52;0.20;-0.55;0.85;-0.06;-0.49;0.61;0.22;0.37;0.90;0.43;-0.30;0.43;-0.01;-0.34;0.98;-0.12;0.24;1.59;0.68;-0.54;0.55;0.37;0.49;0.30;-0.12;0.14;-0.98;0.67;-0.24;-0.37;0.20;0.68;0.72;
-0.91;0.00;0.30;-0.40;-0.01;-0.90;0.43;-0.12;0.30;0.24;-0.23;-0.94;-0.43;-0.79;-1.10;0.20;-0.55;0.84;0.30;-0.30;-0.61;0.22;0.37;0.89;-0.12;-0.55;0.24;-0.03;-0.34;0.98;-0.30;0.12;1.22;0.69;-0.55;0.55;0.37;0.12;-0.18;-0.12;0.13;-1.00;0.00;-0.24;-0.43;0.19;0.69;0.72;
-0.18;0.12;-0.24;-0.40;-0.01;-0.91;0.37;0.43;0.73;0.24;-0.23;-0.94;-0.18;-0.18;-1.10;0.20;-0.55;0.85;0.43;-0.91;0.55;0.22;0.38;0.89;-0.06;-0.12;0.37;-0.02;-0.34;0.98;-0.06;0.00;1.77;0.68;-0.56;0.55;0.43;0.06;-0.12;-0.13;0.14;-0.98;0.30;-0.12;-0.73;0.20;0.69;0.72;
-0.12;-0.06;0.06;-0.40;-0.01;-0.91;0.61;0.12;0.30;0.23;-0.23;-0.94;0.18;-0.18;-0.61;0.19;-0.55;0.85;0.43;-0.43;-0.18;0.23;0.37;0.90;-0.24;-0.37;0.37;-0.02;-0.33;0.97;-2.32;2.50;0.55;0.69;-0.55;0.55;0.30;-0.18;0.37;-0.12;0.12;-0.99;0.37;-0.06;-0.79;0.20;0.69;0.73;
0.06;0.06;0.24;-0.41;-0.02;-0.91;0.37;0.24;0.61;0.23;-0.22;-0.95;0.06;0.00;-0.73;0.20;-0.55;0.85;0.73;-0.12;-0.37;0.22;0.38;0.89;0.18;-0.43;0.43;-0.02;-0.34;0.98;-1.89;0.91;-0.85;0.68;-0.54;0.55;0.30;-0.12;0.06;-0.12;0.13;-0.98;0.43;-0.18;-0.18;0.20;0.69;0.72;
-0.18;0.43;0.18;-0.41;-0.00;-0.90;0.18;0.18;0.67;0.24;-0.22;-0.94;0.24;-0.30;-1.22;0.20;-0.55;0.85;0.55;-0.49;0.00;0.22;0.38;0.90;0.18;-0.37;0.43;-0.02;-0.35;0.97;3.78;2.99;5.91;0.67;-0.50;0.53;0.12;0.06;-0.30;-0.12;0.13;-0.98;0.49;-0.06;-0.37;0.20;0.69;0.71;
-0.18;0.55;0.06;-0.40;-0.01;-0.92;0.49;0.37;-0.06;0.23;-0.23;-0.93;-0.12;-0.55;-1.04;0.20;-0.55;0.85;0.49;-0.30;0.06;0.22;0.38;0.89;0.30;-0.24;0.37;-0.02;-0.34;0.97;0.00;4.02;5.00;0.71;-0.62;0.60;0.12;0.06;-0.06;-0.12;0.13;-0.98;0.00;0.37;-0.24;0.20;0.69;0.73;
