1.10;0.00;1.59;1.00;-0.15;-0.07;-0.12;0.73;-0.85;0.08;0.83;-0.50;-2.26;-5.55;-3.41;-0.37;-0.73;-0.43;1.04;0.18;0.18;0.47;-0.55;0.70;0.24;-0.24;0.73;0.20;-0.23;1.01;1.28;2.32;0.18;0.61;0.65;0.43;0.12;0.06;-0.30;-0.11;0.20;-0.97;
0.85;0.37;0.06;1.01;-0.16;-0.08;0.73;0.24;0.67;0.08;0.84;-0.50;0.91;-1.04;-1.04;-0.41;-0.74;-0.50;0.24;-0.24;0.79;0.48;-0.54;0.72;0.73;-0.06;0.43;0.20;-0.23;0.99;-0.06;-0.06;2.32;0.62;0.65;0.44;0.49;0.00;-0.06;-0.11;0.20;-0.98;
1.10;2.99;1.71;1.01;-0.16;-0.08;0.79;0.85;0.12;0.08;0.83;-0.51;-0.18;-0.37;-0.18;-0.40;-0.72;-0.49;-0.06;0.98;0.30;0.47;-0.55;0.70;0.00;-0.49;0.49;0.20;-0.23;0.99;1.28;0.06;2.56;0.62;0.64;0.44;-0.06;0.00;-0.06;-0.11;0.21;-0.96;0.55;-0.37;-0.37;0.27;0.43;0.88;
-0.30;2.01;-0.18;1.01;-0.16;-0.12;0.00;0.85;-0.24;0.06;0.84;-0.51;4.76;-0.49;0.67;-0.39;-0.74;-0.49;1.77;-1.65;-0.73;0.46;-0.55;0.73;-0.12;-0.24;0.37;0.21;-0.22;1.00;-0.30;-0.12;0.30;0.62;0.65;0.43;0.43;0.30;0.06;-0.11;0.21;-0.97;0.00;0.18;-0.18;0.26;0.43;0.88;
0.79;-0.12;3.11;0.99;-0.16;-0.10;-0.18;0.12;0.55;0.07;0.83;-0.50;0.73;-1.10;-1.16;-0.40;-0.72;-0.51;2.32;0.24;-0.24;0.45;-0.53;0.72;0.24;-0.06;0.06;0.20;-0.23;0.99;0.85;1.16;0.55;0.62;0.64;0.44;-0.06;0.06;0.18;-0.11;0.21;-0.97;0.24;-0.18;-0.18;0.26;0.43;0.88;
-4.15;-7.38;0.55;1.00;-0.18;-0.11;0.24;0.37;1.22;0.06;0.84;-0.51;2.13;-1.95;-0.67;-0.39;-0.71;-0.49;-2.07;-1.16;0.79;0.47;-0.54;0.72;0.18;-0.30;0.18;0.20;-0.23;1.00;-0.67;0.18;1.77;0.62;0.65;0.43;
1.04;0.73;-0.18;1.01;-0.18;-0.11;-0.06;0.12;0.30;0.06;0.84;-0.50;-0.73;-0.85;-1.65;-0.40;-0.74;-0.49;-0.12;-1.16;0.12;0.47;-0.54;0.72;0.37;-0.12;0.18;0.20;-0.24;0.98;-0.06;0.61;1.77;0.61;0.64;0.44;
-1.28;2.62;-2.26;1.00;-0.16;-0.11;0.73;-0.37;1.22;0.07;0.84;-0.50;1.77;-0.61;-1.04;-0.39;-0.74;-0.48;-1.46;-0.43;0.12;0.48;-0.54;0.72;-0.18;-0.55;0.67;0.19;-0.22;1.00;-0.73;-0.61;-0.30;0.62;0.64;0.43;
-2.68;-0.61;-6.89;1.01;-0.12;-0.08;0.55;-2.38;2.68;0.07;0.84;-0.51;2.68;3.96;0.37;-0.39;-0.75;-0.50;-4.63;1.46;-2.07;0.46;-0.57;0.70;0.49;-0.49;0.30;0.20;-0.23;1.00;-2.13;-2.38;0.43;0.62;0.65;0.43;
1.89;-1.77;1.77;1.01;-0.07;-0.09;-1.04;1.16;-1.04;0.07;0.83;-0.52;0.43;-2.74;-0.43;-0.38;-0.74;-0.49;2.99;0.55;0.24;0.48;-0.55;0.71;0.49;-0.43;-0.49;0.21;-0.22;1.00;1.04;1.89;3.66;0.62;0.65;0.43;-0.12;0.06;-0.37;-0.11;0.20;-0.97;
0.06;0.24;-0.06;1.01;-0.08;-0.12;0.49;-0.12;-0.24;0.07;0.84;-0.52;0.12;-0.67;-0.73;-0.40;-0.75;-0.49;0.30;0.49;0.79;0.46;-0.55;0.71;0.67;-0.37;0.49;0.20;-0.23;1.00;0.43;1.40;1.34;0.62;0.64;0.43;0.18;0.24;-0.30;-0.11;0.20;-0.97;
-1.04;1.77;1.59;1.02;-0.10;-0.10;0.30;0.49;0.67;0.08;0.84;-0.51;-2.44;0.37;-2.01;-0.40;-0.76;-0.49;-1.59;-1.89;0.49;0.47;-0.55;0.72;0.67;-0.24;0.18;0.19;-0.24;1.00;0.49;0.43;1.40;0.62;0.64;0.43;-0.24;0.55;-0.85;0.27;0.44;0.87;
-0.91;1.34;1.04;1.02;-0.11;-0.08;0.79;0.61;0.49;0.08;0.83;-0.50;0.37;-0.24;-1.10;-0.39;-0.75;-0.49;-1.52;-1.71;0.30;0.47;-0.56;0.71;-0.61;-0.49;0.55;0.20;-0.24;1.00;-1.71;0.79;1.95;0.62;0.64;0.43;
-0.18;-1.59;4.45;1.02;-0.11;-0.07;0.67;1.52;-1.95;0.07;0.82;-0.51;-0.49;-3.96;-0.37;-0.42;-0.73;-0.53;-18.90;-0.18;4.15;0.48;-0.59;0.70;0.30;-0.12;0.12;0.20;-0.23;1.00;-0.73;1.04;5.18;0.62;0.62;0.42;0.24;-0.06;0.67;-0.12;0.21;-0.97;-0.24;-0.06;-0.18;0.27;0.43;0.89;
0.85;-0.18;0.30;1.00;-0.11;-0.10;-0.55;-0.67;0.43;0.04;0.85;-0.48;12.26;-1.71;-0.85;-0.43;-0.74;-0.45;6.89;1.71;-2.20;0.40;-0.68;0.64;0.24;-0.30;0.55;0.21;-0.24;1.00;-1.04;3.96;-2.07;0.65;0.61;0.45;0.49;-0.30;-0.30;-0.11;0.21;-0.98;0.12;0.18;-0.61;0.27;0.43;0.88;
-2.01;-1.95;1.04;1.00;-0.12;-0.13;-0.67;-0.43;-0.91;0.04;0.84;-0.50;-0.91;1.22;-2.32;-0.43;-0.75;-0.45;5.30;0.30;-0.85;0.43;-0.63;0.68;-0.43;-0.30;0.24;0.20;-0.23;1.00;-1.40;1.46;0.98;0.63;0.62;0.43;
-2.68;2.44;3.29;1.00;-0.12;-0.13;-0.06;-0.18;0.85;0.04;0.84;-0.50;12.74;-9.88;-2.56;-0.43;-0.79;-0.43;-2.68;-0.55;0.18;0.42;-0.63;0.68;0.18;-0.30;0.30;0.20;-0.23;1.00;-3.17;-0.37;0.61;0.65;0.63;0.45;
1.16;0.18;0.24;1.00;-0.13;-0.13;0.91;0.49;0.12;0.04;0.84;-0.49;-0.37;-0.55;-1.04;-0.42;-0.75;-0.44;-0.18;-1.95;0.37;0.44;-0.64;0.67;0.24;-0.61;0.24;0.20;-0.23;0.99;-0.43;1.16;2.20;0.63;0.62;0.44;0.30;0.06;0.12;-0.10;0.20;-0.96;
0.18;0.98;-0.61;1.01;-0.14;-0.10;1.04;0.12;1.22;0.05;0.84;-0.51;3.05;-1.28;-2.38;-0.42;-0.76;-0.45;-1.40;-1.95;1.34;0.43;-0.64;0.65;0.24;-0.18;-0.18;0.21;-0.23;0.99;0.18;4.94;0.98;0.61;0.63;0.44;0.24;0.49;-0.06;-0.11;0.20;-0.97;
-2.13;-3.17;0.61;1.00;-0.14;-0.11;0.30;-0.98;0.43;0.04;0.84;-0.50;-3.05;0.91;-1.16;-0.41;-0.74;-0.45;6.77;1.89;-1.22;0.45;-0.63;0.65;0.30;0.00;0.49;0.20;-0.24;1.00;0.61;1.04;2.80;0.63;0.63;0.44;0.24;0.12;-0.30;0.26;0.44;0.88;
-1.52;-2.01;0.49;1.01;-0.14;-0.14;0.30;0.24;-0.49;0.04;0.83;-0.51;0.37;-0.49;-0.61;-0.42;-0.76;-0.45;2.38;0.61;0.43;0.44;-0.62;0.67;0.43;-0.37;0.24;0.20;-0.23;1.00;0.73;1.28;1.59;0.63;0.63;0.44;0.12;0.12;-0.61;0.27;0.43;0.88;
0.79;3.66;0.55;1.01;-0.14;-0.13;0.67;0.00;0.91;0.04;0.83;-0.51;-2.56;0.00;-1.59;-0.42;-0.74;-0.46;-1.28;-1.83;0.55;0.43;-0.63;0.68;0.24;0.18;-0.43;0.20;-0.23;1.00;-1.59;-0.18;2.32;0.64;0.63;0.44;0.00;0.12;0.06;-0.11;0.20;-0.97;0.79;-0.43;-0.98;0.27;0.43;0.88;
-1.16;2.01;-0.98;1.02;-0.14;-0.13;0.30;0.37;0.79;0.05;0.84;-0.50;1.22;-1.22;-0.91;-0.41;-0.75;-0.44;-1.22;-1.16;1.10;0.44;-0.64;0.65;-0.30;-0.37;0.49;0.20;-0.23;0.99;-0.06;0.73;0.67;0.64;0.62;0.44;
0.61;1.28;0.18;1.00;-0.14;-0.09;0.79;0.24;1.22;0.04;0.84;-0.51;-0.73;-0.24;-0.91;-0.42;-0.75;-0.46;0.00;-1.22;0.37;0.44;-0.66;0.64;0.55;-0.06;0.49;0.21;-0.24;0.99;0.00;0.85;1.59;0.64;0.63;0.43;0.61;0.43;-0.12;-0.12;0.20;-0.96;
1.16;-2.50;0.43;0.99;-0.15;-0.11;0.55;0.06;-0.12;0.05;0.84;-0.50;2.01;-0.43;-2.32;-0.41;-0.74;-0.45;2.93;2.50;-0.61;0.43;-0.65;0.66;0.18;-0.61;0.24;0.21;-0.24;0.99;-0.24;1.04;0.30;0.63;0.63;0.45;-0.30;0.18;0.18;-0.12;0.20;-0.97;0.30;-0.18;-0.43;0.26;0.43;0.88;
-2.68;-0.49;-1.10;1.01;-0.14;-0.13;0.30;-0.49;0.06;0.04;0.83;-0.51;-2.32;0.12;-1.16;-0.41;-0.75;-0.44;0.49;-1.22;0.37;0.43;-0.63;0.66;0.30;-0.24;0.37;0.19;-0.23;1.00;0.43;0.43;0.91;0.64;0.63;0.44;
1.46;2.68;1.22;1.02;-0.14;-0.11;0.06;0.49;0.73;0.06;0.84;-0.51;2.99;-1.77;-2.13;-0.42;-0.76;-0.45;-2.20;-0.98;0.61;0.42;-0.64;0.66;0.24;-0.24;0.37;0.21;-0.23;1.00;-0.06;0.55;1.28;0.63;0.63;0.44;-0.37;0.55;-0.06;-0.11;0.21;-0.97;
-1.59;-0.73;0.30;1.01;-0.15;-0.10;0.98;0.24;0.67;0.05;0.83;-0.52;-0.79;0.79;-0.55;-0.41;-0.76;-0.44;-1.04;-1.46;0.30;0.44;-0.65;0.65;0.12;-0.37;0.43;0.20;-0.24;1.00;-0.67;0.43;2.56;0.64;0.62;0.44;
-0.61;0.18;0.24;1.01;-0.13;-0.10;0.43;-0.55;0.67;0.05;0.83;-0.51;3.41;-1.34;-1.46;-0.42;-0.75;-0.45;3.23;0.67;-0.43;0.44;-0.67;0.63;0.43;-0.55;0.18;0.20;-0.23;0.99;0.79;0.55;1.52;0.64;0.62;0.44;-0.06;0.49;-0.12;-0.11;0.19;-0.97;0.61;0.06;-0.24;0.26;0.43;0.87;
-0.91;-3.96;-0.37;1.00;-0.14;-0.11;-0.30;0.00;-0.49;0.05;0.83;-0.50;0.24;-2.62;-0.98;-0.41;-0.75;-0.43;2.32;1.16;0.55;0.43;-0.64;0.66;0.24;-0.37;-0.12;0.19;-0.23;1.00;-0.43;1.16;1.52;0.63;0.62;0.43;-0.06;0.12;0.00;-0.11;0.21;-0.97;
-1.16;-1.10;-0.12;1.00;-0.14;-0.12;0.12;0.00;0.43;0.04;0.83;-0.52;-4.76;0.85;-0.49;-0.41;-0.77;-0.44;0.37;-2.62;-0.61;0.42;-0.65;0.66;-0.24;-0.30;0.37;0.20;-0.23;0.99;-0.37;0.79;1.71;0.64;0.62;0.46;0.00;0.00;0.18;-0.12;0.21;-0.97;0.18;-0.24;-0.61;0.27;0.43;0.87;
-1.52;2.62;-0.06;1.01;-0.14;-0.12;1.28;0.67;1.46;0.05;0.84;-0.52;-1.89;0.43;-1.16;-0.41;-0.76;-0.46;-1.71;-1.89;0.18;0.43;-0.64;0.65;0.24;-0.30;0.12;0.21;-0.23;0.99;-0.61;0.79;2.20;0.64;0.62;0.45;
2.68;4.27;1.34;1.01;-0.15;-0.10;1.10;1.10;1.52;0.06;0.83;-0.50;-1.95;2.38;-2.07;-0.42;-0.72;-0.47;4.94;-3.72;0.24;0.45;-0.67;0.64;0.49;-0.18;0.24;0.21;-0.23;1.00;0.85;0.73;2.87;0.64;0.60;0.42;-0.12;0.06;0.06;-0.11;0.21;-0.97;
1.89;2.32;1.52;1.00;-0.17;-0.08;0.79;0.24;1.04;0.08;0.83;-0.50;4.39;-1.95;-3.96;-0.41;-0.73;-0.48;7.80;2.13;-1.83;0.45;-0.62;0.67;0.18;-0.30;0.12;0.20;-0.22;0.99;2.68;-1.77;-2.32;0.64;0.68;0.42;-0.18;0.06;0.06;-0.12;0.20;-0.97;0.24;0.24;-0.43;0.27;0.43;0.87;
-1.65;-0.73;-0.18;1.02;-0.17;-0.11;-0.73;0.79;0.12;0.07;0.84;-0.52;7.07;-0.91;-2.99;-0.41;-0.75;-0.47;0.30;1.16;0.30;0.46;-0.59;0.69;0.18;0.06;0.24;0.20;-0.24;1.00;0.43;1.16;0.18;0.63;0.64;0.41;
0.49;3.11;0.06;1.00;-0.17;-0.10;0.55;-0.18;1.46;0.07;0.83;-0.52;0.73;0.00;-1.10;-0.41;-0.76;-0.45;-1.34;-1.52;0.12;0.46;-0.59;0.69;0.30;-0.79;0.43;0.20;-0.23;1.00;-1.34;-0.55;0.24;0.65;0.65;0.41;0.49;0.49;0.12;-0.11;0.20;-0.97;
-1.34;0.30;-1.40;1.01;-0.16;-0.08;0.18;-0.06;-0.55;0.06;0.83;-0.52;-0.73;1.10;1.04;-0.41;-0.75;-0.46;-2.56;-1.77;-0.43;0.46;-0.62;0.67;0.49;-0.30;0.30;0.20;-0.23;0.99;-4.57;-1.52;-0.55;0.66;0.66;0.45;
-8.35;0.30;-12.50;1.04;-0.04;-0.09;0.73;-3.29;2.50;0.08;0.83;-0.51;3.66;0.00;4.15;-0.40;-0.78;-0.50;-1.71;1.65;-2.32;0.46;-0.60;0.67;0.18;-0.55;0.30;0.21;-0.23;1.00;-4.63;-1.95;-0.61;0.62;0.64;0.42;
4.63;-5.00;6.77;1.02;-0.03;-0.08;2.07;1.71;-1.28;0.07;0.81;-0.53;1.28;-5.98;-1.10;-0.38;-0.74;-0.46;6.22;0.37;1.77;0.46;-0.61;0.67;-0.06;-0.24;0.55;0.20;-0.23;0.99;4.27;2.32;2.13;0.64;0.63;0.40;0.79;0.12;0.12;-0.12;0.19;-0.97;
-0.73;-10.12;8.11;1.03;-0.08;-0.15;5.00;1.52;-7.07;0.09;0.81;-0.53;-2.26;-2.99;1.40;-0.42;-0.73;-0.47;-3.66;-2.13;2.50;0.46;-0.61;0.68;0.18;-0.55;0.61;0.20;-0.23;1.00;-3.66;3.84;1.83;0.66;0.69;0.40;
-4.82;10.61;-0.98;1.00;-0.11;-0.10;-4.82;-3.11;2.20;0.07;0.89;-0.54;0.24;0.12;-7.50;-0.38;-0.80;-0.48;3.48;-2.44;-4.70;0.47;-0.58;0.74;0.00;-0.24;0.43;0.19;-0.23;1.00;12.87;1.46;2.50;0.60;0.61;0.25;0.06;0.12;-0.18;-0.11;0.21;-0.96;0.18;0.12;-0.43;0.26;0.44;0.87;
8.41;6.89;7.99;1.01;-0.07;-0.11;-5.55;0.49;-0.37;0.11;0.86;-0.49;3.72;-4.33;-1.52;-0.41;-0.75;-0.44;6.83;3.41;-4.45;0.46;-0.59;0.67;0.37;-0.49;0.85;0.20;-0.23;1.00;-0.49;-1.77;8.84;0.59;0.66;0.46;0.12;-0.06;-0.24;-0.12;0.21;-0.96;0.12;-0.06;-0.37;0.26;0.43;0.88;
-2.01;-1.77;-4.82;1.03;-0.04;-0.09;0.00;0.85;-0.49;0.05;0.83;-0.50;0.85;-1.10;-1.40;-0.38;-0.75;-0.51;-1.10;-1.22;0.49;0.47;-0.58;0.68;0.67;-0.61;0.43;0.20;-0.23;0.99;-0.49;0.85;1.04;0.62;0.64;0.43;
1.10;3.11;-0.55;1.02;-0.05;-0.05;-2.44;0.06;1.52;0.06;0.84;-0.51;-4.15;0.91;-0.85;-0.37;-0.73;-0.51;0.18;-2.44;0.37;0.49;-0.59;0.67;0.30;-0.24;0.24;0.20;-0.22;1.01;-0.18;0.91;1.28;0.62;0.64;0.42;
-2.32;2.01;2.13;1.01;-0.04;-0.03;0.79;1.04;1.40;0.08;0.84;-0.51;-7.07;1.40;1.10;-0.39;-0.71;-0.54;-6.89;-4.45;2.62;0.49;-0.60;0.66;0.43;0.37;0.00;0.21;-0.24;1.00;-0.37;0.67;1.04;0.63;0.64;0.42;0.43;0.24;-0.24;-0.11;0.21;-0.97;
-2.38;-3.60;-0.37;1.02;-0.05;-0.03;2.80;0.06;-2.01;0.07;0.82;-0.53;4.27;-0.24;0.49;-0.37;-0.67;-0.55;8.54;7.99;-1.46;0.47;-0.62;0.64;0.37;-0.12;0.06;0.19;-0.23;0.99;1.04;0.12;0.43;0.62;0.64;0.41;
-3.29;-2.38;-2.56;1.03;-0.04;-0.10;-1.22;-0.79;0.24;0.06;0.83;-0.50;-1.95;1.59;-2.50;-0.37;-0.73;-0.51;-1.10;-0.43;-0.12;0.46;-0.59;0.68;0.12;-0.73;-0.12;0.21;-0.23;1.00;-0.91;1.28;0.73;0.62;0.66;0.44;0.00;0.06;0.37;-0.12;0.21;-0.97;
1.10;3.60;1.34;1.02;-0.02;-0.11;-1.22;0.00;1.52;0.06;0.83;-0.51;-2.26;-0.98;-2.99;-0.37;-0.73;-0.51;1.16;-1.34;-0.49;0.48;-0.59;0.67;-0.30;-0.85;0.37;0.20;-0.23;1.00;0.24;0.49;1.34;0.61;0.65;0.42;0.43;0.55;-0.06;-0.11;0.20;-0.97;0.12;0.30;-0.37;0.28;0.43;0.88;
2.87;-0.73;2.13;1.02;-0.05;-0.08;2.62;1.34;-0.18;0.07;0.83;-0.51;3.48;0.06;0.43;-0.37;-0.71;-0.56;0.00;-0.37;1.52;0.47;-0.58;0.69;0.24;0.18;0.00;0.20;-0.23;0.99;0.55;0.37;0.98;0.62;0.65;0.42;0.18;0.24;-0.18;-0.11;0.20;-0.97;
-1.52;-3.54;1.28;1.02;-0.05;-0.07;-1.28;0.61;-0.55;0.06;0.83;-0.52;2.87;-0.55;-1.10;-0.38;-0.73;-0.52;1.22;0.06;0.55;0.46;-0.58;0.69;0.12;-0.06;0.12;0.20;-0.24;1.00;-0.12;0.18;1.16;0.62;0.65;0.42;
0.30;-3.17;0.73;1.01;-0.07;-0.11;-0.37;0.30;-0.49;0.06;0.83;-0.51;0.85;-0.55;-0.30;-0.38;-0.75;-0.51;1.71;1.40;0.37;0.45;-0.57;0.70;-0.30;-0.30;-0.12;0.20;-0.24;1.00;-0.37;0.37;2.07;0.62;0.64;0.41;
-0.61;-1.04;0.06;1.02;-0.06;-0.12;0.24;0.24;0.00;0.05;0.84;-0.51;0.37;-0.61;-1.34;-0.38;-0.74;-0.48;0.98;-0.43;0.67;0.44;-0.57;0.72;0.06;-0.43;0.55;0.20;-0.22;1.00;0.12;0.30;1.40;0.63;0.64;0.42;0.37;0.24;-0.67;0.27;0.44;0.87;
-1.28;-1.16;1.46;1.02;-0.08;-0.12;0.85;-0.24;-0.06;0.06;0.84;-0.50;-1.28;-0.30;-1.10;-0.38;-0.75;-0.49;0.91;-0.49;-0.24;0.44;-0.56;0.71;0.12;-0.06;0.43;0.20;-0.24;1.00;0.12;0.79;1.28;0.63;0.65;0.42;0.00;0.00;-0.43;-0.11;0.21;-0.97;0.67;0.00;-0.24;0.26;0.43;0.88;
-0.37;0.37;0.55;1.02;-0.07;-0.12;0.24;0.79;0.49;0.06;0.83;-0.50;0.37;-0.85;0.06;-0.38;-0.74;-0.49;-0.43;-0.85;0.67;0.44;-0.56;0.71;0.18;0.67;0.12;0.20;-0.24;1.00;0.00;0.18;1.46;0.64;0.65;0.41;0.24;0.37;-0.12;-0.12;0.20;-0.97;
-0.61;-0.85;0.73;1.00;-0.07;-0.12;0.06;-0.12;0.06;0.06;0.84;-0.51;1.71;-1.46;-1.22;-0.39;-0.76;-0.48;0.85;0.55;0.30;0.43;-0.56;0.72;-0.18;-0.61;0.30;0.20;-0.24;1.00;-0.55;1.22;1.22;0.63;0.64;0.42;
-0.55;-1.77;0.24;1.00;-0.08;-0.10;0.18;0.61;-0.49;0.06;0.84;-0.52;-0.12;-0.49;-0.73;-0.40;-0.75;-0.49;0.73;-0.67;-0.61;0.45;-0.57;0.71;0.00;-0.37;0.43;0.20;-0.23;1.01;-0.91;-0.24;3.05;0.63;0.65;0.41;0.12;0.12;-0.24;-0.11;0.20;-0.97;0.49;0.30;-0.55;0.26;0.43;0.88;
-1.83;-0.30;-0.55;1.02;-0.08;-0.13;1.28;0.00;0.49;0.05;0.83;-0.51;-1.65;-0.61;-0.49;-0.39;-0.75;-0.48;-0.79;-0.85;0.37;0.44;-0.57;0.71;0.37;-0.43;0.12;0.20;-0.23;1.00;0.18;0.00;1.34;0.63;0.64;0.42;
-0.24;0.12;0.43;1.00;-0.08;-0.11;0.24;0.06;0.73;0.07;0.83;-0.51;0.37;-0.18;-0.43;-0.40;-0.76;-0.48;-1.59;-1.46;-0.12;0.44;-0.59;0.72;0.18;-0.61;0.43;0.20;-0.23;0.99;-1.34;0.30;1.65;0.63;0.64;0.42;
-0.55;-1.22;1.95;1.01;-0.08;-0.12;0.18;0.55;-0.06;0.07;0.84;-0.51;-1.83;-0.55;0.12;-0.40;-0.73;-0.50;-3.35;-4.39;-1.34;0.42;-0.60;0.70;0.24;-0.43;0.00;0.20;-0.24;1.00;0.91;-0.98;-1.46;0.65;0.66;0.44;
-3.48;-0.73;-1.46;1.01;-0.09;-0.10;1.40;-0.18;-0.18;0.07;0.83;-0.51;-1.16;0.49;-0.18;-0.39;-0.75;-0.47;2.62;0.24;-0.49;0.46;-0.59;0.70;0.30;-0.18;-0.06;0.21;-0.23;0.99;0.24;0.61;0.85;0.63;0.64;0.42;0.00;-0.24;0.30;-0.10;0.20;-0.98;
0.18;-2.93;0.37;1.01;-0.09;-0.11;1.04;0.61;-0.98;0.07;0.83;-0.52;3.66;-0.55;-1.10;-0.40;-0.74;-0.47;0.30;1.16;-0.12;0.45;-0.59;0.71;0.24;-0.55;0.43;0.20;-0.23;1.00;0.73;1.04;-0.49;0.62;0.64;0.43;0.12;0.30;-0.43;-0.12;0.20;-0.97;0.37;-0.06;0.00;0.26;0.43;0.88;
2.93;1.04;2.01;1.03;-0.08;-0.12;-0.18;0.00;1.40;0.07;0.84;-0.51;2.80;-1.77;-1.95;-0.41;-0.74;-0.47;-2.07;-1.46;0.30;0.43;-0.58;0.71;0.06;-0.49;-0.12;0.20;-0.24;1.00;0.43;0.43;0.37;0.63;0.66;0.41;0.06;-0.06;0.37;-0.11;0.19;-0.97;
1.65;2.07;0.67;1.02;-0.09;-0.12;1.04;0.49;0.85;0.07;0.84;-0.51;-1.04;-1.10;-2.13;-0.40;-0.75;-0.47;-2.20;-2.87;0.00;0.44;-0.59;0.72;0.49;-0.18;0.43;0.20;-0.23;1.00;-0.67;0.85;0.85;0.63;0.64;0.42;0.24;0.12;-0.49;0.26;0.44;0.87;
2.56;0.61;1.22;1.01;-0.09;-0.10;0.43;0.73;1.10;0.06;0.83;-0.51;-6.22;0.24;0.00;-0.40;-0.75;-0.47;-4.51;-4.39;1.77;0.46;-0.61;0.68;0.24;-0.43;0.12;0.20;-0.24;0.99;-0.91;0.43;2.20;0.63;0.64;0.43;0.37;0.06;0.30;-0.11;0.20;-0.97;
-1.16;-2.68;0.37;1.00;-0.09;-0.09;-1.22;-0.43;0.55;0.07;0.83;-0.51;-1.22;0.91;-0.49;-0.39;-0.74;-0.49;3.05;1.52;-0.12;0.46;-0.60;0.71;0.18;-0.55;0.55;0.20;-0.23;0.99;0.12;-0.12;1.28;0.63;0.64;0.41;
2.68;-11.77;12.87;0.99;-0.06;-0.10;-3.35;2.68;-6.16;0.05;0.81;-0.53;11.46;-1.34;6.89;-0.41;-0.72;-0.43;-23.17;8.84;10.61;0.41;-0.61;0.71;0.12;-0.55;0.00;0.20;-0.23;1.00;-4.88;-0.73;3.41;0.64;0.63;0.42;0.98;-0.12;0.06;-0.12;0.20;-0.98;-0.37;-0.24;-0.24;0.26;0.43;0.89;
16.16;-5.85;-2.07;1.04;-0.14;-0.19;-6.71;12.99;-6.95;-0.03;0.84;-0.47;-2.62;-0.73;-2.38;-0.44;-0.76;-0.44;2.50;-11.46;2.07;0.37;-0.67;0.73;0.43;0.00;0.49;0.20;-0.23;0.99;1.95;7.32;10.24;0.68;0.66;0.38;-0.37;0.24;0.43;-0.11;0.20;-0.97;
-3.66;-6.40;-7.56;1.04;-0.02;-0.12;-9.94;2.20;5.85;0.07;0.89;-0.44;-3.48;15.79;4.57;-0.37;-0.72;-0.55;3.05;-0.85;-0.91;0.46;-0.65;0.67;0.49;-1.16;0.24;0.20;-0.24;0.99;18.96;0.85;1.59;0.60;0.61;0.49;0.91;0.37;0.30;-0.11;0.20;-0.97;0.12;-0.06;-0.49;0.26;0.43;0.88;
-4.94;12.50;-2.01;1.01;-0.07;-0.11;-4.94;-7.07;5.06;0.04;0.90;-0.47;-6.10;2.32;-12.87;-0.38;-0.86;-0.42;28.17;-12.01;-13.11;0.41;-0.57;0.67;0.37;-0.30;0.55;0.19;-0.24;1.00;-52.50;22.99;12.38;0.46;0.57;0.48;
3.54;-1.34;22.01;0.98;-0.23;-0.10;0.30;6.89;-1.22;0.06;0.85;-0.49;-14.70;-1.59;-0.43;-0.39;-0.73;-0.49;-1.04;-9.39;2.26;0.48;-0.59;0.68;-0.06;-0.43;-0.37;0.20;-0.23;0.99;3.17;5.06;9.02;0.63;0.62;0.44;
-9.63;1.16;-17.32;1.00;-0.36;-0.10;-5.85;-3.29;0.79;0.06;0.89;-0.42;2.38;2.93;-3.90;-0.40;-0.74;-0.46;-8.35;2.56;-0.18;0.47;-0.61;0.68;0.85;-0.30;0.30;0.21;-0.23;0.99;2.50;-5.00;-9.63;0.63;0.63;0.46;
-4.27;-2.07;-25.49;1.05;-0.14;-0.18;-1.46;0.55;-6.10;0.06;0.93;-0.39;7.32;1.40;-4.94;-0.37;-0.82;-0.43;-6.46;3.54;-0.30;0.48;-0.57;0.68;0.18;-0.24;0.06;0.20;-0.23;0.99;14.76;-2.26;5.06;0.62;0.60;0.40;
-8.05;0.73;4.70;1.01;-0.08;-0.12;13.23;-4.27;-2.68;0.07;0.90;-0.39;4.70;-4.02;4.27;-0.41;-0.69;-0.51;-2.44;2.99;-1.77;0.43;-0.67;0.67;0.37;-0.37;0.49;0.20;-0.23;0.99;-5.91;-2.99;5.37;0.63;0.61;0.49;
1.16;0.00;8.48;1.02;-0.13;-0.11;1.95;1.40;2.38;0.06;0.86;-0.44;5.37;-1.95;-0.06;-0.41;-0.73;-0.47;-1.83;1.10;0.73;0.43;-0.61;0.66;0.12;-0.24;0.49;0.20;-0.23;1.00;2.62;3.35;-4.09;0.60;0.63;0.46;0.12;0.12;-0.12;-0.11;0.20;-0.98;0.24;-0.06;-0.55;0.27;0.43;0.88;
0.18;0.49;4.39;1.03;-0.12;-0.09;0.37;0.85;0.61;0.05;0.86;-0.46;-0.67;-0.79;-1.83;-0.41;-0.74;-0.50;2.62;-1.16;-0.73;0.46;-0.60;0.67;0.30;-0.55;0.73;0.20;-0.24;1.00;-0.49;-1.52;0.67;0.64;0.60;0.50;0.12;0.00;-0.06;-0.11;0.20;-0.97;0.37;0.24;-0.73;0.26;0.43;0.87;
-0.61;-2.99;1.22;1.04;-0.14;-0.09;-0.12;0.73;1.40;0.05;0.88;-0.47;2.26;-0.55;-4.27;-0.39;-0.74;-0.49;0.55;0.24;-1.34;0.44;-0.60;0.69;0.18;-0.24;0.12;0.20;-0.23;0.99;1.65;3.05;-1.83;0.63;0.60;0.47;0.49;0.37;0.30;-0.12;0.20;-0.97;0.43;0.49;-0.30;0.27;0.43;0.87;
1.95;1.46;-0.49;1.01;-0.11;-0.10;0.00;0.18;0.67;0.05;0.86;-0.45;-0.79;-0.06;-0.06;-0.39;-0.75;-0.49;1.71;0.18;0.37;0.46;-0.58;0.70;0.43;0.00;0.37;0.20;-0.24;1.01;-1.52;-0.37;1.10;0.61;0.60;0.48;0.55;0.18;0.00;-0.11;0.20;-0.97;
0.49;0.91;-0.12;1.01;-0.11;-0.09;0.73;0.00;0.18;0.05;0.87;-0.45;1.89;-1.40;-1.28;-0.38;-0.75;-0.49;-0.67;-0.43;0.91;0.46;-0.58;0.69;0.00;-0.37;0.49;0.20;-0.23;0.99;-1.52;0.67;1.40;0.63;0.61;0.47;0.12;0.06;-0.85;0.26;0.43;0.88;
-1.71;-2.38;-0.06;1.01;-0.13;-0.10;1.10;-0.61;0.67;0.05;0.86;-0.44;1.16;-0.61;-0.12;-0.39;-0.74;-0.49;-0.67;-0.79;0.49;0.46;-0.61;0.66;0.24;-0.49;0.30;0.20;-0.23;0.99;0.00;1.28;1.89;0.62;0.61;0.47;
-0.67;-0.06;0.18;1.01;-0.12;-0.09;0.43;-0.06;0.18;0.06;0.86;-0.45;0.98;-0.49;-1.16;-0.40;-0.74;-0.49;0.37;0.98;0.55;0.44;-0.61;0.68;0.00;-0.12;0.24;0.20;-0.24;0.99;0.98;1.89;-0.49;0.62;0.61;0.46;0.55;0.30;-0.18;-0.12;0.20;-0.97;
-1.40;0.67;-3.35;1.00;-0.13;-0.08;-1.46;0.37;-0.73;0.06;0.86;-0.45;1.28;1.34;-0.91;-0.39;-0.74;-0.50;1.77;0.43;-0.91;0.45;-0.58;0.70;0.24;-0.06;0.24;0.20;-0.23;0.99;0.49;0.24;0.12;0.62;0.62;0.46;
-0.85;-0.24;0.61;1.01;-0.12;-0.12;0.98;-0.18;-0.37;0.04;0.87;-0.45;-1.40;-0.37;-1.04;-0.39;-0.75;-0.49;-0.67;-0.61;0.12;0.45;-0.57;0.70;0.24;-0.06;-0.06;0.20;-0.23;0.99;-1.04;0.30;1.71;0.62;0.61;0.47;0.12;0.24;0.12;-0.11;0.20;-0.97;
0.55;1.52;-0.24;1.01;-0.13;-0.09;0.49;0.12;1.16;0.06;0.86;-0.46;-0.67;-1.16;-1.34;-0.38;-0.74;-0.50;-1.71;-1.83;0.12;0.46;-0.58;0.69;0.24;-0.43;0.91;0.20;-0.23;1.00;0.49;1.65;0.67;0.62;0.62;0.46;
-0.79;-1.28;-0.12;1.01;-0.12;-0.09;0.91;-0.18;0.49;0.05;0.86;-0.46;-0.18;-0.67;-1.40;-0.39;-0.74;-0.49;-1.46;-1.10;0.43;0.46;-0.59;0.69;0.67;0.18;0.73;0.20;-0.23;1.00;-0.37;0.37;0.79;0.62;0.61;0.47;
-0.67;-0.98;1.22;1.01;-0.13;-0.08;-0.12;-0.06;-0.18;0.05;0.86;-0.47;-0.85;0.49;-0.49;-0.39;-0.74;-0.50;2.13;0.73;-0.12;0.45;-0.60;0.67;0.18;-0.37;0.30;0.20;-0.24;1.00;0.37;0.43;2.26;0.62;0.61;0.47;
-0.98;-1.46;-0.18;1.02;-0.14;-0.10;0.43;0.43;-0.24;0.05;0.87;-0.47;0.55;-0.85;-1.40;-0.39;-0.74;-0.50;0.12;-0.12;0.67;0.46;-0.60;0.70;0.67;-0.43;0.00;0.21;-0.24;0.99;-0.12;0.79;1.77;0.63;0.62;0.46;
-1.40;0.06;0.43;1.02;-0.12;-0.10;0.67;-0.37;0.61;0.06;0.86;-0.47;2.01;-0.98;-1.34;-0.39;-0.74;-0.48;2.01;-1.04;0.24;0.45;-0.59;0.67;0.12;-0.43;0.43;0.21;-0.24;0.99;-1.52;0.43;2.26;0.63;0.62;0.46;
-0.30;2.44;-0.06;1.02;-0.12;-0.08;0.37;0.43;0.24;0.06;0.86;-0.45;-0.24;-0.30;-0.85;-0.39;-0.74;-0.49;0.30;-0.67;0.12;0.46;-0.59;0.68;0.37;-0.18;0.18;0.19;-0.23;0.99;0.06;0.61;1.89;0.64;0.61;0.47;
-0.12;0.91;-0.37;1.01;-0.14;-0.07;0.30;0.18;0.37;0.06;0.86;-0.46;-1.16;-1.16;-1.34;-0.39;-0.74;-0.50;-0.61;-0.98;0.73;0.47;-0.61;0.67;0.06;-0.55;0.06;0.20;-0.23;0.99;-0.61;0.61;2.07;0.63;0.61;0.48;
-0.73;-0.49;-0.18;1.01;-0.13;-0.07;0.49;-0.06;0.12;0.06;0.87;-0.45;0.06;-0.37;-1.10;-0.38;-0.73;-0.49;2.74;1.40;-0.49;0.47;-0.60;0.68;0.43;-0.24;0.43;0.21;-0.23;1.00;0.73;0.98;1.04;0.62;0.61;0.46;
-0.43;-0.73;-0.98;1.01;-0.13;-0.08;0.61;0.49;0.79;0.06;0.86;-0.46;0.18;-0.24;-1.10;-0.39;-0.74;-0.50;-0.18;-0.30;0.30;0.45;-0.60;0.70;0.30;-0.24;0.37;0.20;-0.24;1.00;-0.06;0.49;1.28;0.62;0.61;0.46;
-0.49;1.89;-0.43;1.02;-0.14;-0.09;0.37;0.43;0.55;0.05;0.86;-0.46;0.00;-0.49;-1.16;-0.39;-0.74;-0.49;0.18;-0.98;0.18;0.46;-0.60;0.68;-0.12;0.00;0.24;0.19;-0.24;1.00;-0.30;0.79;1.89;0.63;0.62;0.46;-0.37;0.12;0.12;-0.11;0.21;-0.97;
-0.85;0.91;-0.43;1.01;-0.13;-0.07;0.00;0.24;-0.24;0.06;0.85;-0.46;-2.13;0.61;0.18;-0.38;-0.74;-0.49;-2.01;-1.10;-0.06;0.46;-0.61;0.66;0.18;-0.43;0.43;0.21;-0.23;0.99;-0.49;1.16;2.68;0.63;0.60;0.47;
-1.83;-2.99;0.30;1.01;-0.15;-0.07;2.07;0.61;0.24;0.06;0.87;-0.47;3.72;-3.60;-2.93;-0.40;-0.75;-0.49;-1.46;1.04;1.34;0.46;-0.61;0.65;0.37;-0.24;0.67;0.20;-0.23;0.99;-0.79;-0.18;1.22;0.63;0.61;0.46;-0.30;-0.06;0.00;-0.12;0.20;-0.96;0.43;-0.24;-0.67;0.26;0.43;0.87;
-0.61;-1.16;-1.16;1.02;-0.14;-0.06;0.98;0.30;0.24;0.05;0.86;-0.47;-3.66;1.28;-0.43;-0.39;-0.74;-0.51;3.41;-0.06;-0.18;0.46;-0.61;0.68;0.12;-0.30;0.43;0.20;-0.23;1.00;0.79;1.40;2.07;0.64;0.61;0.47;0.73;0.24;-0.18;-0.11;0.20;-0.97;0.73;-0.73;-0.55;0.27;0.43;0.88;
-3.72;-3.17;-2.50;1.02;-0.13;-0.09;1.34;0.18;-0.55;0.05;0.86;-0.46;1.40;-0.49;-0.91;-0.39;-0.73;-0.51;-0.43;-0.37;0.61;0.46;-0.59;0.68;0.55;-0.37;0.12;0.21;-0.23;0.99;-0.24;0.91;1.59;0.63;0.62;0.46;
-1.59;-0.61;-0.37;1.02;-0.13;-0.10;0.98;0.73;-0.12;0.06;0.86;-0.47;-0.73;-0.12;-1.22;-0.40;-0.74;-0.48;-0.37;-1.71;0.43;0.46;-0.60;0.69;0.67;0.12;0.24;0.21;-0.23;0.99;-0.24;0.85;1.34;0.62;0.62;0.47;
0.61;0.06;-1.40;1.02;-0.13;-0.10;0.61;0.12;0.73;0.05;0.87;-0.47;-1.40;-0.43;-1.65;-0.39;-0.74;-0.49;0.00;-1.10;0.24;0.46;-0.59;0.67;0.43;-0.85;0.37;0.20;-0.23;1.00;0.18;1.10;1.28;0.61;0.62;0.46;0.43;-0.30;-0.24;0.27;0.43;0.87;
-2.38;0.24;-0.73;1.00;-0.12;-0.10;-0.06;0.06;0.12;0.05;0.86;-0.45;-0.79;-0.49;-0.98;-0.38;-0.74;-0.49;0.55;-0.98;0.67;0.47;-0.60;0.68;0.12;-0.18;-0.12;0.20;-0.23;0.99;0.49;1.04;1.40;0.62;0.63;0.46;0.12;0.18;0.18;-0.12;0.20;-0.98;
0.37;-3.90;0.85;1.01;-0.12;-0.12;1.59;0.12;-0.67;0.05;0.86;-0.47;-0.18;-2.13;-1.28;-0.39;-0.75;-0.49;2.93;2.87;-0.18;0.47;-0.60;0.69;0.55;-0.55;0.67;0.20;-0.23;0.99;-0.49;0.61;2.44;0.62;0.61;0.47;0.43;0.00;-0.24;-0.11;0.19;-0.98;0.55;-0.06;-0.30;0.27;0.43;0.88;
0.00;0.12;-0.43;1.01;-0.13;-0.14;-0.49;0.24;0.00;0.05;0.86;-0.44;1.10;-0.49;-2.13;-0.39;-0.75;-0.48;-0.06;-0.49;0.06;0.45;-0.58;0.71;0.06;-0.12;0.12;0.20;-0.24;1.00;-0.43;0.98;1.28;0.62;0.61;0.46;
1.10;1.46;0.85;1.01;-0.14;-0.12;1.16;-0.30;1.59;0.05;0.87;-0.45;4.94;-1.40;-1.16;-0.40;-0.74;-0.48;-3.41;0.00;1.28;0.45;-0.59;0.70;-0.18;-0.12;0.18;0.21;-0.23;1.00;-0.49;1.34;0.98;0.63;0.62;0.47;0.12;0.12;-0.12;-0.12;0.21;-0.96;0.18;-0.18;-0.49;0.28;0.43;0.88;
1.04;3.23;-0.43;1.02;-0.13;-0.09;0.43;0.30;0.85;0.07;0.86;-0.46;-1.04;0.91;-0.18;-0.40;-0.73;-0.49;-1.89;-1.40;0.49;0.45;-0.61;0.67;0.24;-0.24;0.55;0.20;-0.23;0.99;0.61;0.91;1.71;0.63;0.61;0.46;-0.37;0.00;0.00;-0.12;0.20;-0.97;
-0.43;0.18;0.06;1.02;-0.14;-0.06;0.37;0.18;0.18;0.07;0.86;-0.46;-0.85;-0.73;-0.37;-0.39;-0.73;-0.50;-0.06;-0.91;0.06;0.47;-0.62;0.66;0.37;-0.24;0.43;0.20;-0.24;0.99;-0.30;0.85;1.28;0.63;0.61;0.46;
-1.16;-1.71;0.30;1.01;-0.15;-0.06;-0.06;-0.06;-0.49;0.05;0.86;-0.46;1.71;-0.61;-0.85;-0.40;-0.74;-0.50;1.71;1.59;-0.24;0.46;-0.61;0.68;0.30;-0.30;0.00;0.21;-0.23;0.99;0.18;0.79;0.79;0.63;0.62;0.47;
-1.40;-2.13;-1.71;1.02;-0.14;-0.07;0.67;0.79;-0.85;0.05;0.86;-0.46;0.98;0.18;-1.59;-0.39;-0.75;-0.47;-1.59;-0.49;0.49;0.46;-0.60;0.68;0.37;0.06;0.18;0.20;-0.24;1.00;-0.06;0.49;2.07;0.62;0.62;0.46;
0.67;0.79;1.04;1.01;-0.15;-0.09;0.67;0.43;0.61;0.07;0.86;-0.47;0.12;-0.18;-0.73;-0.40;-0.74;-0.48;-1.10;-1.77;0.18;0.46;-0.61;0.67;0.43;-0.73;0.37;0.20;-0.23;0.99;0.12;0.55;1.40;0.62;0.61;0.48;0.12;0.24;0.30;-0.11;0.19;-0.97;
0.43;1.65;1.04;1.01;-0.14;-0.06;-0.12;0.12;1.22;0.07;0.86;-0.46;-0.85;0.91;-1.71;-0.40;-0.74;-0.48;-3.05;-1.65;-0.79;0.46;-0.62;0.66;-0.12;-0.12;0.37;0.20;-0.24;0.99;0.00;0.85;0.06;0.62;0.61;0.47;
0.30;0.67;0.12;1.01;-0.13;-0.06;-0.49;0.24;0.37;0.06;0.86;-0.46;0.12;0.18;-0.12;-0.39;-0.73;-0.50;-1.16;-0.24;0.24;0.47;-0.63;0.64;-0.12;-0.18;0.43;0.20;-0.23;1.00;-1.46;0.12;2.07;0.62;0.62;0.47;0.12;0.06;0.00;0.26;0.43;0.87;
-0.18;-2.62;0.85;1.01;-0.14;-0.08;1.28;0.79;-0.30;0.06;0.87;-0.46;3.48;-1.71;-2.68;-0.40;-0.74;-0.49;2.74;0.12;0.91;0.46;-0.63;0.67;0.37;-0.12;0.43;0.20;-0.23;0.99;-0.06;0.43;2.26;0.62;0.62;0.46;
0.49;0.18;-2.87;1.02;-0.14;-0.06;-0.30;-0.37;0.00;0.05;0.85;-0.46;-1.83;2.07;-0.79;-0.39;-0.75;-0.47;-4.33;2.13;-0.55;0.45;-0.60;0.63;0.43;-0.12;0.43;0.21;-0.24;0.99;-2.93;-1.16;1.83;0.64;0.61;0.47;
1.28;4.45;0.00;1.01;-0.12;-0.05;-0.91;-0.49;0.24;0.06;0.85;-0.44;-4.82;2.07;1.46;-0.40;-0.75;-0.48;-0.24;-4.21;-0.43;0.48;-0.66;0.66;0.06;-0.18;0.67;0.21;-0.23;1.00;-2.44;1.95;4.02;0.63;0.61;0.48;
2.01;0.55;5.43;1.03;-0.15;-0.06;4.27;2.07;1.10;0.08;0.90;-0.46;-5.18;0.55;-4.88;-0.41;-0.76;-0.47;-3.41;0.85;4.82;0.46;-0.62;0.67;0.18;-0.18;-0.06;0.20;-0.23;1.00;1.52;1.59;0.79;0.61;0.61;0.43;0.30;-0.30;0.12;-0.11;0.21;-0.97;0.12;-0.30;-0.43;0.27;0.42;0.87;
-2.26;-5.24;-7.13;1.01;-0.14;-0.05;-0.73;-1.89;0.06;0.06;0.85;-0.47;1.83;0.61;-0.79;-0.36;-0.72;-0.49;4.57;-0.12;-1.65;0.49;-0.61;0.64;0.24;-0.37;0.43;0.20;-0.23;1.00;0.12;-0.18;1.77;0.65;0.60;0.48;-0.43;0.12;0.06;-0.11;0.20;-0.97;0.67;-0.24;-0.49;0.26;0.43;0.87;
1.04;-0.61;0.98;1.02;-0.12;-0.07;0.67;1.52;-0.85;0.06;0.86;-0.45;1.16;-2.74;-1.16;-0.39;-0.75;-0.48;1.71;-0.30;0.37;0.46;-0.62;0.67;-0.30;-0.06;-0.06;0.20;-0.24;1.00;-1.83;0.30;2.87;0.63;0.62;0.47;
0.43;0.98;0.73;1.03;-0.14;-0.06;0.85;-0.24;0.18;0.07;0.86;-0.46;-1.10;-0.67;-0.12;-0.39;-0.74;-0.48;0.98;-0.91;-0.24;0.47;-0.62;0.67;0.24;-0.37;0.43;0.20;-0.24;0.99;-2.01;0.61;1.52;0.64;0.61;0.47;0.12;-0.18;0.12;-0.12;0.20;-0.97;0.43;-0.30;-0.30;0.25;0.43;0.89;
-0.55;0.98;-0.37;1.01;-0.15;-0.07;0.30;0.49;0.18;0.05;0.86;-0.45;-0.73;2.32;-0.85;-0.39;-0.74;-0.47;-0.98;-1.28;0.18;0.47;-0.62;0.66;-0.06;-0.55;0.37;0.20;-0.23;1.00;-0.91;0.79;1.89;0.62;0.61;0.47;
0.43;0.98;0.06;1.03;-0.15;-0.05;0.06;0.18;0.18;0.07;0.86;-0.46;-0.73;-0.12;-1.28;-0.39;-0.74;-0.49;-0.85;-1.22;0.37;0.47;-0.63;0.66;0.43;-0.24;0.30;0.20;-0.23;1.00;-0.61;1.04;1.22;0.63;0.61;0.48;0.12;-0.43;-0.37;0.26;0.42;0.88;
-0.67;-1.34;0.61;1.01;-0.15;-0.05;0.24;-0.37;0.18;0.07;0.86;-0.47;-0.79;-1.46;-2.93;-0.40;-0.74;-0.50;1.22;-1.40;-0.37;0.47;-0.62;0.65;-0.06;-0.24;0.37;0.20;-0.23;1.00;-0.37;0.91;1.46;0.63;0.60;0.46;0.79;0.06;0.37;-0.11;0.20;-0.97;0.61;0.30;0.12;0.26;0.43;0.87;
0.67;-2.74;1.52;1.01;-0.15;-0.06;0.61;0.61;-0.24;0.07;0.86;-0.46;1.16;-1.77;-1.71;-0.39;-0.74;-0.47;-4.76;2.56;-0.12;0.47;-0.63;0.65;0.00;0.00;0.37;0.20;-0.23;1.00;-1.22;-0.98;0.79;0.63;0.61;0.47;
-1.77;2.87;-3.60;1.01;-0.11;-0.05;-2.44;-2.07;-2.93;0.07;0.87;-0.45;-3.41;2.32;0.37;-0.39;-0.72;-0.48;6.46;0.73;-3.72;0.48;-0.63;0.63;0.24;-0.30;0.43;0.20;-0.24;1.00;0.43;2.56;1.04;0.65;0.63;0.48;
-4.70;2.26;-2.38;1.02;-0.10;-0.06;-0.18;-1.10;0.79;0.02;0.89;-0.44;-6.10;0.18;-3.72;-0.39;-0.76;-0.53;2.99;-5.55;1.28;0.48;-0.63;0.71;0.12;-0.24;0.49;0.21;-0.23;1.00;-1.83;1.22;-0.61;0.63;0.63;0.47;
-1.71;4.51;-4.82;1.02;-0.04;-0.03;-5.61;-0.55;1.83;0.05;0.87;-0.45;-8.96;1.65;-0.79;-0.37;-0.76;-0.50;-0.43;0.73;1.10;0.48;-0.57;0.65;0.73;-0.12;0.61;0.20;-0.23;1.00;1.22;0.06;1.89;0.61;0.63;0.45;0.30;-0.06;0.73;-0.12;0.20;-0.98;0.00;0.24;-0.37;0.27;0.43;0.88;
0.67;-7.56;4.33;1.01;-0.07;-0.04;5.98;2.13;-1.77;0.03;0.88;-0.44;1.77;-2.20;-0.12;-0.36;-0.74;-0.53;0.91;3.48;0.85;0.46;-0.60;0.72;0.37;-0.30;0.67;0.20;-0.24;1.00;3.29;0.18;-0.24;0.64;0.61;0.48;0.12;0.00;-0.24;0.26;0.43;0.86;
-2.07;-0.43;0.18;1.00;-0.08;-0.13;-1.34;-0.98;-0.73;0.04;0.86;-0.45;-4.70;2.38;4.63;-0.35;-0.73;-0.47;5.98;0.73;-0.79;0.47;-0.57;0.68;-0.43;-0.30;0.30;0.20;-0.24;0.99;-1.34;-2.01;3.90;0.64;0.61;0.46;
-0.18;0.24;3.05;1.02;-0.13;-0.15;4.63;1.59;2.01;0.05;0.88;-0.46;13.35;-6.71;-6.34;-0.40;-0.74;-0.46;-6.34;-1.59;3.35;0.43;-0.57;0.73;-0.06;-0.49;-0.12;0.21;-0.24;0.99;2.44;2.32;-0.61;0.63;0.62;0.45;
-2.32;1.40;-0.91;1.00;-0.11;-0.11;-2.74;-1.40;-0.85;0.04;0.85;-0.46;0.49;1.10;3.60;-0.37;-0.74;-0.45;4.88;0.49;-1.59;0.46;-0.55;0.67;0.18;-0.49;0.67;0.20;-0.23;1.00;-2.20;-1.71;3.11;0.65;0.61;0.47;
1.95;-0.67;2.62;1.03;-0.15;-0.12;4.63;1.77;2.32;0.05;0.88;-0.46;13.17;-7.38;-5.49;-0.42;-0.77;-0.49;-4.27;-3.54;2.13;0.44;-0.61;0.74;0.61;-0.49;-0.61;0.20;-0.23;0.99;2.20;1.65;0.00;0.62;0.62;0.44;0.06;0.18;0.06;-0.12;0.20;-0.97;
-1.34;2.62;-1.46;1.00;-0.09;-0.10;-6.22;-0.43;0.06;0.06;0.83;-0.47;5.24;3.35;7.01;-0.37;-0.71;-0.48;8.29;6.04;-4.51;0.45;-0.59;0.63;-0.12;0.12;0.12;0.20;-0.24;1.00;-2.13;-3.11;2.38;0.66;0.61;0.48;0.12;-0.18;-0.06;-0.12;0.20;-0.97;
0.43;-7.20;9.57;0.98;-0.16;-0.09;4.27;2.38;0.67;0.03;0.89;-0.45;-3.23;-5.55;-5.18;-0.41;-0.82;-0.49;-1.40;-10.00;3.60;0.47;-0.67;0.77;0.18;-0.67;0.37;0.20;-0.23;1.00;1.77;-0.85;-4.88;0.63;0.64;0.48;
1.46;1.16;2.20;1.03;-0.14;-0.14;0.79;0.00;0.79;0.07;0.87;-0.46;9.63;-3.96;-2.93;-0.40;-0.77;-0.47;1.77;0.30;1.10;0.45;-0.58;0.66;0.61;-0.24;0.30;0.20;-0.23;0.99;-1.22;-0.85;0.30;0.63;0.61;0.47;0.00;0.12;0.12;-0.11;0.20;-0.97;
0.43;3.11;-0.43;1.02;-0.16;-0.07;-0.30;0.98;0.61;0.05;0.87;-0.47;-0.61;0.43;-2.56;-0.38;-0.76;-0.46;0.91;-2.13;-0.67;0.45;-0.61;0.67;0.06;-0.55;0.18;0.19;-0.24;1.00;-3.29;-0.24;2.07;0.64;0.60;0.46;0.24;0.30;-0.24;-0.11;0.20;-0.97;-0.24;-0.06;-0.79;0.27;0.43;0.87;
2.74;1.04;1.34;1.01;-0.15;-0.07;0.67;0.43;0.30;0.07;0.86;-0.47;-2.93;1.77;0.18;-0.39;-0.75;-0.50;0.55;-0.06;-0.30;0.46;-0.60;0.68;0.67;-0.61;0.43;0.21;-0.24;1.00;0.85;0.12;0.43;0.63;0.62;0.47;-0.06;0.12;-0.06;-0.11;0.21;-0.98;0.43;0.37;-0.43;0.26;0.43;0.88;
-0.98;-2.74;0.24;1.01;-0.13;-0.08;-0.61;-0.06;-1.28;0.06;0.87;-0.47;1.83;-1.65;-1.71;-0.39;-0.76;-0.50;3.23;0.24;0.00;0.47;-0.60;0.69;0.37;-0.24;0.43;0.21;-0.24;1.00;-0.61;1.40;1.40;0.64;0.60;0.44;
-1.22;-5.18;-1.59;1.04;-0.15;-0.11;1.52;0.85;0.55;0.05;0.84;-0.47;0.00;-1.22;-0.55;-0.40;-0.76;-0.47;-0.43;-0.37;0.49;0.44;-0.59;0.69;0.43;-0.37;0.43;0.20;-0.24;1.00;-1.77;-1.28;2.68;0.63;0.62;0.47;
2.87;2.26;0.73;1.00;-0.14;-0.09;0.18;0.12;0.55;0.08;0.86;-0.46;-0.61;0.06;-1.10;-0.38;-0.74;-0.48;0.91;-2.13;-0.43;0.46;-0.59;0.68;0.18;-0.24;0.37;0.20;-0.23;1.00;1.34;0.67;-0.12;0.64;0.62;0.45;1.22;0.18;0.12;-0.12;0.21;-0.97;0.30;-0.06;-0.24;0.26;0.44;0.87;
-2.01;0.30;0.98;1.01;-0.16;-0.08;-0.18;0.43;0.49;0.06;0.86;-0.48;1.46;0.37;-1.77;-0.39;-0.76;-0.47;-3.23;-1.40;0.73;0.46;-0.61;0.67;0.55;-0.12;0.18;0.20;-0.24;1.00;-0.30;1.71;-0.06;0.63;0.61;0.45;
-0.37;2.32;0.24;1.03;-0.14;-0.05;-0.12;0.43;2.13;0.06;0.87;-0.47;2.07;4.33;-1.46;-0.39;-0.76;-0.46;-0.79;-3.54;-1.04;0.46;-0.62;0.66;0.43;-0.18;0.24;0.19;-0.24;1.00;-2.38;2.87;1.28;0.62;0.63;0.47;
-1.40;-2.68;-1.89;1.01;-0.15;-0.07;2.26;1.10;-0.55;0.06;0.84;-0.45;0.37;-3.48;-0.18;-0.39;-0.72;-0.47;2.62;3.23;0.55;0.45;-0.60;0.70;-0.06;-0.30;-0.06;0.20;-0.24;1.00;1.40;-0.18;1.89;0.62;0.62;0.47;
1.59;2.62;-0.37;0.99;-0.13;-0.09;0.37;0.18;0.61;0.08;0.86;-0.45;0.85;1.16;-0.43;-0.38;-0.76;-0.45;-0.49;-0.85;0.30;0.46;-0.59;0.69;-0.06;-0.37;0.18;0.20;-0.24;1.00;-0.37;0.55;1.28;0.62;0.62;0.45;
-0.18;0.98;-0.18;1.02;-0.14;-0.08;0.12;-0.49;0.12;0.05;0.85;-0.46;0.24;-0.79;-1.46;-0.39;-0.76;-0.46;-0.12;-1.34;0.30;0.47;-0.61;0.69;0.18;-0.30;0.24;0.21;-0.23;0.99;-0.98;0.37;1.83;0.62;0.61;0.46;
0.85;1.83;1.34;1.01;-0.14;-0.07;0.67;0.61;0.73;0.06;0.86;-0.47;-0.79;0.12;-0.98;-0.39;-0.75;-0.48;-1.52;-1.83;0.00;0.46;-0.62;0.67;-0.12;-0.24;0.79;0.20;-0.24;0.98;-0.49;0.49;2.01;0.63;0.61;0.47;0.06;-0.12;-0.61;0.26;0.44;0.88;
-1.04;-0.30;0.67;1.01;-0.15;-0.07;0.06;0.12;0.00;0.07;0.86;-0.46;0.43;-0.37;-0.43;-0.38;-0.75;-0.48;2.38;0.06;-0.49;0.46;-0.61;0.67;0.24;-0.18;0.24;0.19;-0.23;1.00;-0.49;0.49;2.20;0.63;0.61;0.46;
-9.33;-14.33;-20.79;1.00;-0.12;-0.08;-10.73;-2.44;-2.93;0.09;0.84;-0.39;1.59;9.09;4.94;-0.35;-0.75;-0.52;-2.62;-5.85;-1.28;0.51;-0.59;0.61;0.18;-0.49;0.37;0.20;-0.23;0.99;-7.01;5.85;6.65;0.64;0.67;0.39;
-6.52;-2.13;-7.87;1.05;-0.12;-0.12;8.48;-2.99;-7.07;0.02;0.84;-0.43;-17.50;0.37;-10.85;-0.35;-0.78;-0.57;-2.07;-6.22;0.55;0.42;-0.60;0.67;0.12;0.24;0.43;0.20;-0.23;0.99;5.67;0.61;1.95;0.67;0.60;0.42;
-1.40;-10.24;2.44;1.08;-0.06;-0.10;12.93;-0.12;3.17;0.12;0.83;-0.45;-9.88;3.29;1.71;-0.43;-0.72;-0.44;-28.23;17.62;4.33;0.45;-0.55;0.70;0.24;-0.12;0.85;0.20;-0.24;1.00;13.78;-1.89;2.20;0.60;0.63;0.47;0.24;0.30;-0.18;-0.11;0.20;-0.97;0.30;-0.06;-0.55;0.27;0.43;0.88;
5.55;-9.15;4.63;1.04;-0.16;-0.11;2.26;3.05;-4.39;0.03;0.90;-0.44;14.09;-9.51;-10.49;-0.42;-0.80;-0.50;-8.66;-7.68;3.29;0.46;-0.67;0.70;0.37;-0.43;0.12;0.20;-0.23;0.99;-4.57;3.11;-1.65;0.65;0.66;0.40;
1.83;-3.84;1.52;1.02;-0.11;-0.11;3.78;0.30;-2.01;0.06;0.87;-0.44;0.43;-2.38;-1.83;-0.38;-0.73;-0.50;2.44;-1.52;0.55;0.48;-0.62;0.67;0.12;0.24;0.12;0.21;-0.24;1.00;-1.16;1.28;3.41;0.64;0.64;0.44;-0.18;-0.06;-0.06;0.27;0.43;0.88;
-6.46;-5.06;-5.49;1.01;-0.14;-0.14;1.77;1.52;0.49;0.04;0.85;-0.46;-4.09;-1.28;-3.41;-0.37;-0.76;-0.46;1.46;-0.61;0.49;0.45;-0.62;0.68;0.30;-0.43;0.30;0.21;-0.23;0.99;-4.15;2.38;4.45;0.64;0.62;0.45;
5.79;1.04;8.29;1.01;-0.09;-0.11;-1.40;1.59;-0.49;0.06;0.86;-0.47;4.63;-1.52;-2.20;-0.41;-0.77;-0.46;0.73;-0.12;-0.91;0.47;-0.63;0.68;-0.24;-0.18;0.43;0.20;-0.23;1.00;1.40;-1.71;1.10;0.62;0.63;0.45;0.06;0.30;0.18;-0.11;0.20;-0.97;0.49;0.30;-0.37;0.27;0.43;0.87;
-2.62;5.12;-6.59;1.02;-0.13;-0.12;0.61;0.24;1.77;0.01;0.86;-0.48;-1.10;2.93;-0.85;-0.36;-0.79;-0.50;7.26;-7.13;0.73;0.46;-0.59;0.67;0.24;-0.49;0.18;0.19;-0.23;1.00;-2.07;4.57;3.05;0.67;0.61;0.43;
2.01;-2.32;7.01;0.98;-0.12;-0.10;0.00;2.74;-2.13;0.07;0.84;-0.49;0.91;-3.35;-4.45;-0.42;-0.82;-0.44;-15.12;3.66;-1.10;0.42;-0.65;0.68;0.73;-0.43;0.43;0.20;-0.23;0.99;-1.59;-2.26;0.00;0.63;0.61;0.49;0.37;0.00;-0.06;-0.11;0.20;-0.97;0.43;-0.12;0.00;0.26;0.43;0.87;
-3.78;4.21;-5.00;1.04;-0.12;-0.13;-3.05;-3.66;0.37;0.05;0.87;-0.46;16.28;-5.49;-4.21;-0.37;-0.76;-0.50;4.21;-1.65;2.80;0.48;-0.60;0.58;-0.06;-0.30;0.30;0.20;-0.24;1.00;5.00;2.74;3.23;0.63;0.63;0.43;
-6.65;-11.22;1.16;1.00;-0.16;-0.11;7.99;1.77;-1.16;0.02;0.82;-0.50;0.30;-11.28;-1.65;-0.37;-0.77;-0.45;-5.98;0.00;0.18;0.43;-0.66;0.71;0.30;0.00;0.18;0.21;-0.23;0.99;-6.16;-2.32;1.83;0.68;0.60;0.50;0.37;0.18;0.49;-0.11;0.20;-0.97;0.18;-0.24;-0.79;0.26;0.43;0.88;
-0.43;-2.74;3.60;1.02;-0.14;-0.14;1.04;0.37;0.61;0.06;0.85;-0.48;1.89;-0.30;3.05;-0.41;-0.74;-0.43;-3.23;-0.06;1.04;0.42;-0.68;0.62;0.18;-0.30;0.12;0.21;-0.24;0.99;1.83;0.49;-0.67;0.63;0.61;0.46;0.30;0.24;0.00;-0.12;0.20;-0.98;0.37;0.06;-0.73;0.27;0.42;0.87;
2.50;1.59;-0.79;1.00;-0.15;-0.10;-1.16;3.05;0.98;0.07;0.84;-0.48;-6.59;3.17;2.26;-0.42;-0.74;-0.48;-8.05;-2.74;0.49;0.39;-0.67;0.63;0.49;-0.37;0.49;0.21;-0.24;1.00;-0.12;1.22;2.07;0.64;0.61;0.44;
-4.70;-8.41;2.38;1.00;-0.09;-0.10;-0.18;-2.80;-0.43;0.08;0.85;-0.47;7.62;-1.40;-0.85;-0.40;-0.72;-0.50;2.20;1.83;-0.37;0.46;-0.68;0.63;0.79;-0.43;0.43;0.20;-0.23;1.00;-0.85;0.85;0.49;0.63;0.62;0.47;
2.20;-4.09;2.20;1.01;-0.12;-0.11;1.77;0.85;-0.85;0.04;0.86;-0.47;-3.11;0.30;-2.62;-0.39;-0.78;-0.42;1.95;3.11;1.28;0.43;-0.66;0.66;0.30;-0.43;0.37;0.20;-0.23;0.99;0.18;0.30;0.12;0.64;0.62;0.46;0.12;-0.06;0.12;-0.11;0.19;-0.97;
3.54;-1.04;1.65;1.01;-0.11;-0.12;-0.24;0.55;0.85;0.06;0.86;-0.47;2.13;-1.34;-0.18;-0.39;-0.77;-0.44;-0.85;0.30;0.30;0.43;-0.65;0.64;0.18;-0.73;0.00;0.20;-0.23;1.00;-0.06;0.67;2.93;0.65;0.60;0.46;0.30;0.24;0.06;-0.12;0.20;-0.97;0.49;0.30;-0.37;0.26;0.43;0.88;
1.16;8.48;-5.18;1.01;-0.12;-0.11;-1.77;2.44;-0.61;0.05;0.86;-0.47;-14.09;2.50;-4.57;-0.40;-0.77;-0.43;5.91;-7.32;-2.50;0.44;-0.69;0.70;0.18;0.24;0.30;0.20;-0.24;0.99;0.06;5.37;5.24;0.67;0.61;0.45;0.12;0.06;0.00;-0.11;0.20;-0.96;0.18;0.24;-0.67;0.26;0.43;0.88;
0.73;0.55;4.51;1.02;-0.06;-0.06;0.91;1.71;1.71;0.06;0.85;-0.48;-4.51;1.22;-0.79;-0.38;-0.74;-0.49;-1.89;-2.20;1.40;0.43;-0.68;0.64;0.18;-0.37;0.24;0.20;-0.24;1.01;-1.10;1.04;2.68;0.63;0.62;0.46;0.49;0.12;-0.12;-0.12;0.20;-0.98;
0.43;-3.35;2.80;1.01;-0.09;-0.10;0.67;1.89;1.04;0.05;0.85;-0.48;-1.59;-2.68;-1.52;-0.39;-0.74;-0.46;2.62;-0.12;-0.67;0.41;-0.67;0.65;0.67;-0.43;-0.43;0.20;-0.23;0.99;-2.07;1.16;0.67;0.64;0.61;0.43;0.00;-0.06;0.12;-0.12;0.21;-0.96;0.49;-0.24;-0.30;0.26;0.43;0.88;
2.20;-9.82;6.89;0.99;-0.08;-0.12;-0.18;-1.89;-1.16;0.05;0.85;-0.48;4.76;-4.21;-1.28;-0.40;-0.78;-0.46;-3.54;-3.23;0.06;0.43;-0.64;0.67;0.18;-0.37;-0.12;0.20;-0.24;1.00;-2.68;-1.16;-2.07;0.62;0.62;0.43;0.55;-0.24;0.06;-0.11;0.20;-0.97;
-1.34;-0.37;3.23;0.99;-0.10;-0.13;1.40;-0.06;0.55;0.05;0.86;-0.47;0.00;-1.77;-1.65;-0.39;-0.75;-0.47;0.12;-3.05;0.43;0.46;-0.64;0.68;0.12;-0.49;0.85;0.20;-0.24;1.00;2.44;1.10;1.40;0.62;0.63;0.45;
-4.51;-2.32;15.06;1.03;-0.12;-0.16;5.79;3.41;-1.59;0.06;0.87;-0.47;6.04;-12.50;-4.70;-0.42;-0.74;-0.41;-2.13;3.29;6.10;0.41;-0.63;0.68;0.00;-0.49;0.24;0.19;-0.23;0.99;14.15;5.49;2.38;0.61;0.67;0.37;0.00;0.00;0.12;-0.11;0.21;-0.96;0.06;0.12;-0.91;0.27;0.44;0.88;
-3.96;-0.18;-11.71;0.98;-0.12;-0.12;-5.73;-3.60;0.55;0.04;0.82;-0.48;1.83;-5.06;-1.52;-0.36;-0.75;-0.53;19.33;8.72;-5.06;0.52;-0.65;0.61;0.00;0.18;0.18;0.21;-0.23;0.99;-5.98;-6.22;7.26;0.65;0.62;0.43;
-5.98;-4.88;-6.10;1.01;-0.12;-0.12;4.70;-3.17;0.55;0.05;0.84;-0.47;-3.90;-1.89;-2.01;-0.39;-0.77;-0.45;6.83;6.77;-0.61;0.46;-0.63;0.67;0.18;-0.67;0.61;0.21;-0.23;1.01;19.51;11.10;7.44;0.58;0.68;0.38;
7.44;-8.90;-0.12;0.99;-0.18;-0.17;5.73;0.85;2.56;0.07;0.85;-0.43;-14.09;-0.30;-3.23;-0.41;-0.77;-0.40;2.68;8.66;2.62;0.43;-0.67;0.70;0.30;-0.30;0.61;0.20;-0.24;1.00;21.04;5.06;9.33;0.56;0.65;0.37;
12.07;1.83;4.94;0.93;-0.17;-0.19;3.05;2.32;-2.01;0.10;0.86;-0.42;5.73;-2.80;0.06;-0.45;-0.79;-0.51;2.68;7.01;1.28;0.46;-0.66;0.72;0.43;-0.43;0.00;0.21;-0.23;0.99;0.55;-0.79;7.50;0.65;0.60;0.44;0.00;-0.49;0.00;-0.11;0.20;-0.97;
0.12;1.28;0.00;1.02;-0.12;-0.14;-1.40;-0.61;0.73;0.03;0.85;-0.50;-4.39;0.98;-0.91;-0.38;-0.78;-0.45;0.79;-2.26;0.06;0.43;-0.61;0.68;0.06;-0.30;0.24;0.20;-0.24;0.99;0.06;0.37;2.44;0.64;0.62;0.46;-0.06;0.06;-0.18;-0.11;0.20;-0.97;
1.95;0.79;2.93;1.01;-0.11;-0.15;0.00;-0.67;1.46;0.05;0.88;-0.47;6.71;-1.16;-1.83;-0.40;-0.77;-0.43;-4.70;2.20;-0.18;0.42;-0.63;0.68;0.06;-0.37;0.00;0.20;-0.24;0.99;-0.79;0.12;-3.17;0.64;0.63;0.45;
-3.78;-3.23;-2.26;0.99;-0.12;-0.14;3.60;0.43;0.24;0.04;0.85;-0.48;-5.37;-2.44;-3.11;-0.37;-0.72;-0.50;8.78;-1.65;0.55;0.45;-0.62;0.66;0.49;-0.30;0.67;0.21;-0.24;1.00;1.83;1.59;7.01;0.61;0.62;0.43;
1.89;2.07;1.10;1.01;-0.13;-0.11;0.12;0.91;0.37;0.04;0.85;-0.48;-2.80;0.24;-1.22;-0.39;-0.75;-0.48;-0.49;-1.22;0.30;0.45;-0.63;0.65;0.37;-0.55;0.24;0.20;-0.24;0.99;-0.98;0.43;1.52;0.64;0.62;0.44;0.61;0.30;-0.43;-0.11;0.20;-0.98;
-0.12;-0.73;-1.34;1.02;-0.13;-0.12;0.61;0.37;-1.04;0.05;0.85;-0.47;0.79;0.00;-1.77;-0.39;-0.77;-0.48;2.93;0.43;0.06;0.45;-0.64;0.67;0.61;-0.49;0.24;0.19;-0.24;1.00;0.37;0.91;2.07;0.63;0.62;0.44;
-0.06;-0.49;0.00;1.00;-0.13;-0.13;1.52;0.85;0.67;0.04;0.86;-0.48;1.10;-0.55;-1.28;-0.39;-0.77;-0.44;-0.37;-0.18;-0.12;0.43;-0.62;0.67;0.49;-0.37;0.12;0.19;-0.23;1.00;-0.55;1.28;0.73;0.64;0.62;0.45;
-1.16;1.95;0.67;1.02;-0.14;-0.13;1.40;-0.55;0.79;0.05;0.85;-0.48;0.85;-0.37;-1.04;-0.40;-0.76;-0.45;-0.61;-0.67;-0.12;0.44;-0.63;0.66;0.37;-0.37;0.24;0.20;-0.23;1.00;-0.73;0.06;0.43;0.64;0.62;0.45;
-0.12;0.00;0.67;1.00;-0.15;-0.11;0.85;-0.24;0.43;0.05;0.85;-0.47;0.18;-0.49;-0.55;-0.40;-0.77;-0.46;-0.73;-0.61;-0.24;0.44;-0.64;0.65;0.30;-0.49;0.49;0.20;-0.23;1.00;0.18;0.55;1.16;0.63;0.62;0.45;
-3.66;-8.41;-12.99;0.98;-0.16;-0.10;3.54;0.18;-1.40;0.03;0.83;-0.47;2.32;0.55;3.90;-0.38;-0.76;-0.47;-0.12;0.85;-0.30;0.46;-0.64;0.65;0.18;0.12;0.24;0.19;-0.23;0.99;1.10;-0.49;3.17;0.62;0.62;0.46;
-1.22;-6.95;2.56;1.01;-0.16;-0.12;3.66;1.52;-1.22;0.05;0.85;-0.48;8.17;-1.04;2.99;-0.42;-0.76;-0.46;-5.18;-0.24;0.98;0.44;-0.67;0.63;0.00;-0.67;0.85;0.19;-0.24;0.99;-2.44;1.04;2.01;0.65;0.62;0.45;
-1.89;4.94;-8.84;1.01;-0.16;-0.12;-2.26;-0.55;-0.06;0.06;0.84;-0.48;-4.76;3.78;-6.04;-0.41;-0.76;-0.44;5.24;0.37;-3.29;0.45;-0.62;0.62;-0.06;-0.43;0.61;0.20;-0.24;1.00;2.07;2.20;2.50;0.62;0.63;0.45;
2.13;-2.13;-1.28;1.02;-0.09;-0.15;-1.10;-0.24;-0.79;0.03;0.83;-0.49;-3.11;1.52;-0.43;-0.39;-0.75;-0.48;0.00;-0.55;0.12;0.47;-0.61;0.67;-0.18;-0.30;0.49;0.19;-0.23;1.00;2.80;-0.30;1.59;0.62;0.64;0.44;
-0.18;0.24;0.18;1.00;-0.13;-0.14;1.71;0.73;0.12;0.03;0.85;-0.49;7.07;-2.93;-3.11;-0.40;-0.76;-0.48;-1.83;-2.62;0.00;0.46;-0.64;0.65;0.43;-0.43;0.37;0.20;-0.23;0.99;1.89;1.89;-1.22;0.63;0.63;0.43;
-2.26;-3.54;-0.30;0.99;-0.12;-0.15;0.49;-0.98;0.55;0.04;0.85;-0.47;-1.22;-0.18;-1.46;-0.40;-0.75;-0.46;1.95;-0.43;-1.28;0.46;-0.63;0.65;0.24;-0.43;0.61;0.20;-0.23;1.00;-2.32;-0.06;0.73;0.63;0.63;0.43;-0.12;0.55;-0.12;-0.12;0.20;-0.97;0.00;0.00;-0.67;0.27;0.43;0.87;
-5.18;-3.48;-2.62;1.00;-0.09;-0.15;-0.79;-0.91;1.34;0.03;0.85;-0.48;5.24;0.24;-0.30;-0.39;-0.77;-0.46;4.51;4.21;0.12;0.46;-0.59;0.69;0.18;-0.43;0.24;0.20;-0.24;0.99;-2.93;3.35;1.65;0.60;0.62;0.46;
0.91;-5.67;1.83;1.03;-0.09;-0.17;0.06;-0.43;-2.68;0.02;0.85;-0.46;-6.71;5.49;1.46;-0.38;-0.75;-0.46;-0.61;3.72;1.16;0.44;-0.60;0.69;0.06;-0.06;0.55;0.21;-0.24;1.00;-0.12;0.61;2.62;0.64;0.62;0.45;-0.06;-0.06;-0.12;-0.11;0.20;-0.96;0.37;0.06;-0.43;0.26;0.43;0.88;
