-0.49;-0.30;-0.37;-0.44;0.20;-0.87;1.10;-0.06;0.30;0.20;-0.23;-0.94;0.00;-0.43;-1.40;0.20;-0.61;0.80;0.43;-0.49;-0.12;0.39;0.12;0.92;0.06;-0.37;0.00;0.19;-0.06;1.02;7.99;61.83;24.39;-0.43;-0.78;0.46;0.91;-0.06;0.24;-0.11;0.13;-0.97;0.24;-0.06;-0.30;0.22;0.55;0.83;
0.06;-0.61;0.06;-0.43;0.20;-0.88;0.55;0.00;0.79;0.20;-0.24;-0.95;-0.12;-0.73;-1.59;0.19;-0.61;0.81;0.61;-0.30;0.06;0.39;0.13;0.91;0.06;-0.55;0.67;0.19;-0.07;1.02;-16.77;-42.13;-12.80;-0.30;-1.17;0.38;-0.06;-0.37;0.18;-0.10;0.13;-0.98;0.37;-0.24;-0.24;0.22;0.55;0.83;
-0.06;-0.06;0.24;-0.44;0.20;-0.85;0.37;0.18;0.30;0.18;-0.23;-0.96;-0.24;-0.79;-0.73;0.20;-0.62;0.79;0.24;-0.43;-0.18;0.40;0.13;0.92;0.37;0.30;0.30;0.18;-0.08;1.02;-54.33;66.28;-32.13;-0.34;-0.72;0.07;0.49;-0.24;-0.24;-0.12;0.14;-0.98;0.55;0.37;-0.55;0.21;0.53;0.81;
-0.12;-0.37;0.43;-0.44;0.19;-0.87;-0.98;0.55;-0.18;0.18;-0.23;-0.95;0.00;-0.55;-0.79;0.20;-0.62;0.80;0.18;-0.24;0.37;0.39;0.13;0.93;0.43;-0.49;0.49;0.18;-0.07;1.02;19.45;-4.82;17.62;-0.23;-1.27;0.60;-0.24;-0.49;0.00;-0.13;0.12;-0.98;0.73;-0.12;-0.85;0.21;0.55;0.83;
-0.12;-0.12;0.24;-0.44;0.19;-0.87;-0.43;0.43;-0.18;0.20;-0.24;-0.95;-0.18;-0.43;-0.85;0.21;-0.62;0.79;0.24;-0.37;0.00;0.38;0.13;0.92;0.67;-0.73;0.37;0.18;-0.08;1.04;-50.98;41.52;-26.95;-0.28;-0.75;0.04;-0.18;0.43;0.43;-0.12;0.13;-0.98;0.49;0.06;-0.67;0.21;0.55;0.82;
-0.85;-0.55;0.49;-0.45;0.20;-0.86;0.00;0.12;0.06;0.20;-0.23;-0.95;0.12;-0.06;-1.46;0.20;-0.62;0.79;0.30;-0.30;-0.06;0.38;0.12;0.91;0.30;-0.18;0.49;0.18;-0.07;1.02;-4.63;-4.09;10.79;-0.33;-1.01;0.35;0.06;0.37;-0.37;-0.11;0.13;-0.98;0.85;0.00;-0.85;0.22;0.55;0.82;
-0.12;-0.18;0.12;-0.44;0.20;-0.87;0.67;0.00;0.18;0.20;-0.23;-0.95;-0.12;-0.55;-1.10;0.19;-0.61;0.80;0.43;-0.67;0.06;0.37;0.12;0.92;0.00;-0.49;0.37;0.19;-0.08;1.02;-1.28;0.37;1.10;-0.30;-0.97;0.25;0.37;0.30;0.06;-0.11;0.13;-0.98;0.49;-0.18;-0.55;0.22;0.55;0.82;
-0.67;0.37;-0.24;-0.43;0.19;-0.87;0.85;-0.24;-0.06;0.20;-0.23;-0.95;0.67;-0.49;-0.85;0.20;-0.61;0.80;1.22;-0.73;0.18;0.39;0.13;0.92;0.73;0.06;0.12;0.19;-0.08;1.02;-0.06;0.12;0.55;-0.28;-0.97;0.23;0.06;0.00;0.06;-0.11;0.14;-0.98;0.37;0.37;-0.06;0.20;0.56;0.82;
95.73;8.17;0.18;0.01;0.81;-0.26;150.24;-14.09;142.87;0.38;-0.16;-0.70;26.10;-86.59;-122.26;0.16;-1.30;1.52;-3.96;-1.28;1.22;0.37;0.12;0.92;-0.37;-0.49;0.61;0.18;-0.07;1.03;-0.06;0.30;1.65;-0.30;-0.96;0.24;-0.06;0.12;0.12;-0.10;0.13;-0.98;0.49;-0.24;-0.79;0.22;0.55;0.82;
-113.05;-128.96;13.17;-0.31;0.12;-1.02;-0.98;-4.57;-1.59;0.18;-0.26;-0.95;119.02;-354.33;-104.45;-0.40;-0.86;0.25;-1.89;-0.24;-1.10;0.39;0.12;0.91;0.12;-0.61;0.30;0.18;-0.08;1.03;-0.73;1.28;1.52;-0.29;-0.98;0.24;0.24;-0.43;0.30;-0.11;0.13;-0.99;1.65;0.49;-0.61;0.22;0.55;0.83;
-0.06;0.18;0.73;-0.42;0.23;-0.87;0.49;0.49;0.24;0.19;-0.26;-0.95;266.59;554.09;-401.59;0.12;-0.99;-0.07;0.12;-0.12;0.00;0.39;0.10;0.92;0.49;-0.73;0.43;0.19;-0.07;1.02;-0.73;0.43;2.26;-0.31;-0.97;0.25;-0.18;0.18;0.00;-0.11;0.13;-0.98;0.55;-0.06;0.18;0.21;0.55;0.82;
-0.30;0.43;0.24;-0.43;0.24;-0.87;0.37;0.06;0.37;0.18;-0.26;-0.94;58.84;319.51;-150.37;0.98;0.09;2.00;0.55;-0.30;0.00;0.38;0.11;0.91;0.12;-0.43;0.24;0.19;-0.08;1.03;0.37;-0.12;1.65;-0.29;-0.96;0.23;0.79;0.12;-0.06;-0.11;0.13;-0.98;0.49;0.06;-0.37;0.21;0.56;0.82;
-0.49;0.24;0.55;-0.41;0.24;-0.87;0.73;0.00;-0.49;0.19;-0.26;-0.95;40.00;113.96;-34.63;0.40;-0.27;1.62;0.37;-0.18;0.00;0.40;0.10;0.92;0.18;-0.37;0.91;0.18;-0.08;1.02;0.24;0.55;1.52;-0.29;-0.98;0.25;0.30;0.12;0.30;-0.11;0.13;-0.98;0.30;0.06;-0.18;0.21;0.56;0.82;
-1.46;-0.55;1.89;-0.42;0.24;-0.87;-4.51;5.37;-0.49;0.16;-0.31;-0.97;-235.85;274.09;-6.34;0.34;-1.04;-0.12;0.37;-0.91;0.24;0.39;0.10;0.91;0.18;-0.18;0.12;0.18;-0.07;1.02;-2.50;0.85;2.44;-0.29;-0.98;0.24;-0.24;0.18;0.12;-0.11;0.13;-0.98;0.49;0.00;-0.37;0.22;0.55;0.83;
-4.57;-0.98;1.77;-0.43;0.24;-0.87;68.48;4.39;50.30;0.45;0.83;-0.97;-0.30;-5.24;4.39;0.20;-0.73;0.73;0.18;-8.72;1.10;0.39;0.11;0.91;-0.18;-0.30;0.37;0.18;-0.08;1.03;-1.04;1.46;2.32;-0.30;-0.96;0.24;0.24;0.00;-0.06;-0.11;0.14;-0.98;-0.06;0.00;-0.43;0.21;0.56;0.82;
0.98;1.04;-0.55;-0.47;0.18;-0.91;589.45;300.06;-88.90;0.26;-0.16;-2.00;46.28;-24.33;-42.74;0.23;-0.51;0.46;-4.82;11.34;38.66;0.22;0.36;0.82;0.00;-0.67;0.06;0.18;-0.08;1.02;6.28;-2.32;-0.91;-0.30;-0.98;0.24;-0.06;0.06;-0.61;-0.11;0.14;-0.99;0.55;0.18;0.06;0.22;0.55;0.82;
-6.65;-24.51;0.55;-0.41;0.21;-0.84;204.45;542.93;122.13;0.72;1.49;-0.38;32.01;73.48;-103.84;0.01;-0.20;0.84;0.55;-1.22;0.12;0.40;0.10;0.90;0.30;-0.30;-0.06;0.18;-0.07;1.03;-0.30;0.24;2.32;-0.30;-0.98;0.23;0.12;-0.37;-0.67;-0.11;0.14;-0.98;0.61;0.06;-0.55;0.21;0.56;0.82;
0.06;-0.24;-0.12;-0.45;0.18;-0.88;2.50;103.35;44.94;-0.35;-1.16;-0.43;1.71;-1.34;-1.34;0.22;-0.56;0.83;0.49;-0.55;0.24;0.40;0.10;0.92;0.00;-0.43;-0.06;0.18;-0.07;1.03;-0.73;0.12;3.11;-0.29;-0.98;0.23;-0.12;-0.06;0.18;-0.12;0.12;-0.98;0.67;-0.49;0.12;0.20;0.56;0.83;
-3.29;0.18;1.65;-0.44;0.18;-0.87;182.99;-144.21;-684.15;0.32;-2.00;1.06;12.38;-5.79;-9.02;0.24;-0.54;0.85;0.30;-3.66;0.43;0.39;0.10;0.92;0.24;-0.37;0.00;0.19;-0.07;1.02;-1.83;1.22;3.72;-0.30;-0.97;0.23;-0.06;0.12;-0.30;-0.11;0.13;-0.97;0.24;0.12;-0.43;0.21;0.56;0.83;
-0.12;0.37;0.18;-0.45;0.18;-0.88;-1.71;0.24;-1.52;0.21;-0.19;-0.96;-9.63;-1.77;5.55;0.29;-0.41;0.95;0.61;-0.79;-0.30;0.39;0.10;0.92;0.18;-0.30;0.61;0.19;-0.07;1.02;-2.50;0.61;0.98;-0.29;-0.97;0.22;-0.43;-0.18;-0.30;-0.11;0.13;-0.98;0.98;0.55;-0.61;0.21;0.55;0.82;
-179.45;-84.33;-61.10;-0.38;-0.07;0.02;-2.74;1.83;6.59;0.21;-0.12;-0.97;10.61;-5.73;-7.93;0.18;-0.55;0.86;0.85;0.79;0.18;0.40;0.11;0.92;0.85;-0.30;0.43;0.19;-0.07;1.03;3.41;1.16;-2.93;-0.29;-0.99;0.26;0.12;0.18;0.30;-0.10;0.14;-0.98;0.43;0.24;-0.49;0.21;0.55;0.82;
1.10;-150.30;-30.85;-0.46;-0.59;-0.23;-0.12;0.12;-0.43;0.20;-0.23;-0.95;0.06;-0.49;-0.79;0.22;-0.54;0.85;0.12;0.12;0.06;0.40;0.11;0.92;0.55;-0.18;0.24;0.18;-0.07;1.01;0.79;0.18;0.91;-0.29;-0.98;0.22;0.06;-0.37;0.43;-0.11;0.13;-0.99;0.12;0.61;-0.30;0.21;0.55;0.83;
-120.73;-52.32;-270.18;-0.56;1.16;-0.44;6.77;-0.67;3.35;0.20;-0.22;-0.95;-9.21;2.32;2.80;0.25;-0.49;0.90;1.22;-0.30;-0.12;0.41;0.11;0.91;0.18;-0.43;0.18;0.18;-0.07;1.03;-2.20;0.79;1.22;-0.30;-0.97;0.23;0.18;-0.06;-0.06;-0.11;0.13;-0.98;0.12;-0.12;-0.18;0.21;0.55;0.82;
-99.39;12.44;246.71;0.10;0.49;-0.53;0.91;0.24;0.67;0.20;-0.23;-0.96;36.34;-13.35;-18.05;0.24;-0.56;0.81;-1.16;-1.89;2.87;0.39;0.06;1.03;-0.85;-1.34;0.12;0.20;-0.07;1.04;-0.12;1.16;1.28;-0.31;-0.97;0.23;0.73;-0.49;-0.24;-0.11;0.14;-0.98;0.06;0.24;-0.49;0.21;0.54;0.82;
-2.44;2.32;8.84;-0.40;-0.02;-0.89;-0.06;0.12;-0.37;0.20;-0.24;-0.95;0.37;-0.24;-1.34;0.21;-0.53;0.85;-33.35;-69.88;8.48;0.48;0.23;0.82;8.90;5.18;-1.16;0.14;-0.09;0.95;-0.61;0.61;1.34;-0.30;-0.97;0.23;0.12;0.12;-0.12;-0.11;0.13;-0.96;0.43;0.37;-0.61;0.20;0.55;0.82;
-0.79;0.06;0.06;-0.38;0.02;-0.93;-14.94;-5.79;-22.50;0.15;-0.11;-0.90;13.17;-0.49;-4.70;0.24;-0.53;0.85;-95.49;55.61;-90.43;0.20;0.16;1.31;0.30;-0.30;0.30;0.19;-0.07;1.02;1.04;-0.18;1.16;-0.31;-0.96;0.25;0.30;-0.30;-0.49;-0.11;0.12;-0.98;0.61;0.24;-0.18;0.21;0.55;0.82;
-0.43;-0.30;0.06;-0.37;0.01;-0.92;-6.77;0.49;30.00;0.20;-0.13;-1.21;5.91;-1.77;-2.80;0.30;-0.52;0.85;-369.21;-158.48;414.57;0.02;-0.07;0.70;0.12;-0.37;0.73;0.19;-0.07;1.02;-0.91;0.61;2.26;-0.30;-0.97;0.26;0.24;-0.30;-0.37;-0.11;0.14;-0.99;0.00;0.12;-0.24;0.21;0.55;0.81;
-5.85;-0.30;1.28;-0.43;0.21;-0.96;25.00;-10.00;-35.61;0.16;-0.45;-0.81;1.65;-0.91;-1.52;0.22;-0.54;0.84;-1.77;-131.16;104.15;0.16;-0.80;0.70;1.16;-0.12;0.00;0.19;-0.07;1.02;-1.59;0.85;2.38;-0.30;-0.97;0.25;-0.24;-0.06;0.00;-0.11;0.13;-0.99;0.49;0.24;-0.18;0.21;0.55;0.82;
-10.37;8.17;25.18;-0.42;0.14;-0.88;-1.89;-5.79;-13.35;0.19;-0.22;-0.63;5.43;-2.01;-2.32;0.22;-0.54;0.84;-64.27;-721.65;427.56;1.06;-0.57;-0.21;0.43;-0.37;0.18;0.18;-0.08;1.03;0.24;0.49;1.46;-0.30;-0.97;0.24;-0.06;-0.18;-0.06;-0.11;0.14;-0.98;0.24;0.06;-0.30;0.21;0.55;0.81;
-3.54;37.56;-8.05;-0.38;0.17;-0.63;-22.93;-20.30;-32.56;0.15;-0.17;-0.94;24.63;33.66;-56.95;-0.13;-0.95;0.71;-17.87;79.33;285.61;-1.07;0.67;0.62;0.61;0.00;0.73;0.19;-0.07;1.03;-0.24;-0.12;2.07;-0.31;-0.96;0.24;0.18;0.12;-0.18;-0.11;0.13;-0.98;0.18;0.30;-0.24;0.21;0.56;0.82;
0.06;0.73;-0.18;-0.34;-0.03;-0.94;0.30;0.06;-0.06;0.19;-0.27;-0.95;0.24;-0.61;-1.04;0.19;-0.55;0.85;4.70;-0.06;-2.62;0.56;0.06;0.83;0.18;-0.24;0.24;0.18;-0.07;1.02;6.83;-2.01;-0.73;-0.30;-0.97;0.26;-1.89;0.85;0.55;-0.11;0.14;-0.99;0.18;0.12;0.06;0.20;0.55;0.83;
-0.12;0.00;0.37;-0.32;-0.02;-0.93;0.55;-0.24;0.79;0.19;-0.27;-0.94;-0.06;-0.61;-1.34;0.20;-0.55;0.85;2.93;0.00;-1.28;0.54;0.07;0.85;0.73;-0.37;0.37;0.19;-0.07;1.02;0.43;-0.18;1.28;-0.30;-0.98;0.26;-4.82;32.74;-30.30;-0.03;0.31;-0.91;-11.65;-4.33;6.40;0.15;0.61;0.76;
-0.67;-0.73;-0.06;-0.31;-0.03;-0.94;0.49;0.18;0.49;0.20;-0.28;-0.94;0.61;-0.49;-1.40;0.19;-0.54;0.85;-1.59;1.89;-1.65;0.53;0.09;0.85;0.91;-0.30;0.67;0.19;-0.07;1.02;-1.52;0.30;0.49;-0.31;-0.98;0.26;-171.52;226.16;-16.83;0.23;1.00;-0.54;-34.94;-27.01;4.88;0.36;0.36;0.90;
-0.30;-0.43;-0.30;-0.31;-0.02;-0.94;0.06;0.12;-0.12;0.19;-0.27;-0.95;0.79;-0.91;-1.16;0.19;-0.54;0.85;1.10;3.84;-1.10;0.51;0.10;0.86;3.05;0.91;0.55;0.19;-0.07;1.02;1.16;0.49;2.20;-0.30;-0.96;0.26;20.91;-9.21;20.79;-0.11;0.14;-1.10;-0.12;-0.30;-0.30;0.22;0.55;0.82;
-0.37;-0.37;0.49;-0.32;-0.02;-0.94;-0.24;1.22;1.16;0.19;-0.27;-0.94;11.95;-6.40;-4.27;0.22;-0.51;0.88;0.73;-0.18;0.00;0.52;0.09;0.85;28.78;147.62;141.04;0.42;-0.11;0.15;0.43;0.61;1.28;-0.30;-0.96;0.26;-5.12;0.24;1.04;-0.13;0.11;-0.99;-28.72;-33.66;-38.66;0.13;0.30;0.80;
0.98;-12.13;10.06;-0.35;-0.03;-1.00;4.57;-1.89;-0.61;0.18;-0.28;-0.93;32.74;-30.12;25.98;0.35;-0.48;0.93;1.04;6.59;-1.89;0.49;0.21;0.90;-33.11;68.17;35.12;0.97;-0.35;0.27;2.38;0.55;0.43;-0.29;-0.96;0.28;-11.52;-0.67;12.26;-0.16;0.12;-0.94;-26.95;-0.98;16.89;0.21;0.50;0.84;
-20.24;-64.45;-53.90;-0.27;0.23;-1.13;-11.10;6.65;-2.68;0.20;-0.22;-1.09;-4.45;2.68;1.71;0.19;-0.53;0.86;6.71;0.30;-1.71;0.45;0.21;0.85;91.71;68.11;36.16;0.21;-0.43;0.17;-2.56;1.34;-0.61;-0.31;-0.96;0.23;0.06;0.55;-0.67;-0.11;0.11;-0.98;15.73;7.07;-7.74;0.18;0.62;0.79;
0.00;-0.12;-0.12;-0.30;-0.03;-0.95;0.98;0.18;0.30;0.19;-0.27;-0.95;0.37;-0.37;-1.04;0.20;-0.53;0.86;0.12;-0.18;-0.06;0.46;0.18;0.88;196.28;-115.37;200.49;1.01;-0.60;1.09;1.40;-0.43;3.48;-0.30;-0.96;0.25;0.00;0.06;0.30;-0.11;0.12;-0.99;0.06;-0.37;-0.37;0.21;0.57;0.80;
-0.61;0.18;-0.24;-0.31;-0.03;-0.95;0.61;0.06;-0.12;0.19;-0.27;-0.95;1.04;-0.85;-1.40;0.21;-0.53;0.86;0.98;-0.49;0.00;0.46;0.18;0.88;110.00;311.16;-359.70;0.55;-0.01;0.09;-0.98;0.24;3.35;-0.30;-0.97;0.25;0.12;0.24;-0.06;-0.12;0.12;-0.99;-1.71;-0.85;0.49;0.23;0.54;0.83;
-0.30;-0.18;0.06;-0.31;-0.03;-0.94;-0.30;0.24;-0.06;0.19;-0.27;-0.94;-0.49;0.00;-1.34;0.20;-0.53;0.86;0.49;-0.49;0.06;0.46;0.18;0.88;176.71;-465.06;9.57;1.15;-1.23;-0.60;2.32;0.18;1.40;-0.30;-0.97;0.26;0.37;-0.30;0.12;-0.12;0.11;-0.98;1.28;0.12;-1.28;0.26;0.51;0.84;
-0.55;0.18;-0.30;-0.31;-0.03;-0.95;0.18;0.30;-0.12;0.19;-0.27;-0.94;-0.67;-0.43;-1.10;0.20;-0.53;0.85;0.18;-0.24;0.00;0.45;0.19;0.89;149.27;-795.61;114.57;1.57;-0.62;0.64;-1.83;1.04;2.26;-0.30;-0.96;0.26;-0.37;-0.06;-0.24;-0.12;0.12;-0.98;0.61;0.12;-0.06;0.22;0.55;0.82;
-0.73;-0.61;-0.24;-0.30;-0.03;-0.95;0.30;0.18;0.00;0.19;-0.27;-0.95;0.24;-0.06;-1.71;0.21;-0.53;0.86;0.67;-0.30;-0.12;0.46;0.19;0.88;-580.12;-1082.93;-154.39;2.00;0.06;2.00;-0.73;1.04;2.26;-0.31;-0.96;0.26;0.12;0.24;0.37;-0.12;0.11;-0.98;10.85;4.88;-6.52;0.24;0.53;0.83;
-0.24;-0.49;-0.55;-0.30;-0.03;-0.95;0.79;0.00;-0.30;0.19;-0.26;-0.94;0.24;-0.30;-0.73;0.21;-0.53;0.86;0.67;-0.24;-0.18;0.45;0.18;0.88;-186.59;432.80;24.82;1.88;-1.83;2.00;1.65;0.85;1.59;-0.30;-0.96;0.27;-0.79;-0.06;0.00;-0.12;0.12;-0.98;-0.61;-0.24;0.06;0.21;0.55;0.80;
-0.49;0.12;0.49;-0.31;-0.03;-0.95;0.37;0.06;0.00;0.19;-0.27;-0.94;-0.98;0.00;-0.73;0.20;-0.52;0.85;0.55;-0.85;0.12;0.46;0.18;0.88;183.54;1238.23;329.70;2.00;-0.21;-1.37;-0.73;0.73;1.77;-0.30;-0.96;0.26;0.67;-0.06;-0.30;-0.12;0.11;-0.98;-0.98;-0.12;0.00;0.24;0.55;0.81;
-0.12;-0.24;-0.37;-0.30;-0.03;-0.94;0.37;0.18;0.18;0.19;-0.27;-0.95;1.40;-0.79;-1.22;0.21;-0.52;0.86;1.04;-0.30;-0.30;0.45;0.19;0.88;-46.59;10.24;156.28;0.64;-0.68;-1.20;2.87;-0.73;0.43;-0.30;-0.96;0.26;0.06;0.00;-0.24;-0.11;0.11;-0.98;-2.93;-1.28;1.65;0.24;0.53;0.83;
-0.43;-0.18;0.00;-0.30;-0.03;-0.94;0.79;0.30;0.55;0.19;-0.28;-0.94;-1.46;-0.06;-0.61;0.21;-0.53;0.85;0.98;-0.12;-0.55;0.45;0.19;0.88;0.24;-0.30;0.43;0.15;-0.27;0.99;0.67;0.06;0.06;-0.31;-0.96;0.23;-0.06;0.12;0.06;-0.12;0.09;-0.98;0.49;0.18;-0.18;0.23;0.54;0.83;
-0.43;0.12;-0.06;-0.31;-0.03;-0.95;0.12;0.12;0.12;0.19;-0.28;-0.94;-1.71;-0.30;-0.30;0.21;-0.51;0.88;1.10;-0.18;-0.49;0.46;0.19;0.88;120.98;11.34;-14.45;-0.47;-1.38;2.00;-0.98;1.16;0.85;-0.29;-0.96;0.24;-0.18;0.18;-0.06;-0.12;0.10;-0.98;24.39;9.39;-22.80;0.26;0.46;0.94;
0.12;0.12;0.12;-0.30;-0.03;-0.93;-1.83;-0.24;-0.67;0.18;-0.28;-0.96;2.99;-2.07;-2.38;0.21;-0.52;0.86;-1.04;1.28;-1.04;0.43;0.19;0.88;-639.63;-602.87;-137.99;1.27;-0.83;0.61;0.37;-0.24;-0.91;-0.29;-0.97;0.27;232.68;-79.82;-73.35;0.05;0.21;-1.08;-19.76;-89.45;-62.50;0.21;-0.08;0.51;
-0.67;-2.56;-0.06;-0.30;-0.03;-0.93;16.40;0.43;3.84;0.20;-0.28;-0.98;-4.33;0.67;0.18;0.20;-0.53;0.86;-4.02;-19.02;-23.41;0.41;0.28;0.88;28.35;-38.05;-79.39;1.16;-1.26;-0.27;1.71;-0.43;-0.85;-0.31;-0.96;0.25;-14.45;3.78;0.85;-0.20;0.15;-1.03;-268.35;5.98;444.76;0.70;1.03;-0.47;
0.73;3.35;2.01;-0.30;-0.02;-0.96;1.40;0.55;0.67;0.19;-0.29;-0.94;-1.34;0.30;-0.79;0.21;-0.53;0.85;-66.22;-34.21;-51.28;0.23;0.14;1.01;147.20;627.44;89.51;1.21;-0.10;-0.02;-0.18;1.40;3.78;-0.30;-0.96;0.25;-3.23;6.34;15.24;0.01;0.03;-1.04;411.59;137.26;-261.77;0.97;0.49;-0.51;
-0.49;-0.30;0.18;-0.30;-0.03;-0.94;-0.73;0.67;0.06;0.20;-0.29;-0.93;0.18;-0.06;-1.04;0.21;-0.52;0.86;14.15;4.02;-1.83;0.47;0.14;0.88;29.02;10.98;-3.48;0.16;-0.26;0.77;-2.01;0.85;2.38;-0.31;-0.96;0.26;-10.91;-2.99;0.55;-0.15;0.02;-0.99;279.51;136.10;-119.76;0.86;0.43;-0.28;
-0.43;-0.06;0.37;-0.30;-0.03;-0.95;0.61;0.18;0.00;0.19;-0.30;-0.94;-0.73;-0.24;-1.40;0.22;-0.53;0.88;6.71;0.98;-2.68;0.41;-0.02;0.89;70.67;-171.46;118.35;0.19;0.73;-0.29;0.37;0.12;0.24;-0.30;-0.96;0.27;-1.83;-1.71;0.18;-0.10;0.15;-1.05;-45.49;132.56;-194.27;0.35;-0.19;-1.06;
-0.18;-0.18;0.06;-0.29;-0.03;-0.95;0.43;0.37;0.06;0.19;-0.30;-0.93;-0.24;-0.43;-0.49;0.21;-0.53;0.87;0.55;-0.67;0.43;0.47;0.13;0.87;22.62;6.34;-2.44;0.13;-0.31;0.94;0.30;0.43;0.79;-0.31;-0.96;0.27;9.09;-2.56;-14.82;-0.06;0.15;-1.02;-144.76;29.57;44.27;0.50;-1.02;0.12;
-0.61;0.12;-0.37;-0.30;-0.03;-0.96;0.73;-0.06;0.98;0.19;-0.30;-0.93;0.43;-0.61;-1.28;0.21;-0.52;0.86;0.43;-0.43;0.43;0.48;0.14;0.89;-6.40;11.16;9.94;-0.03;-0.21;0.94;0.00;0.67;1.16;-0.30;-0.96;0.27;0.12;0.12;0.24;-0.11;0.14;-0.99;-517.62;370.24;-737.50;0.92;-1.34;-0.83;
0.06;-0.73;-0.24;-0.30;-0.03;-0.95;0.12;-0.06;0.06;0.19;-0.30;-0.93;0.37;-0.06;-0.43;0.21;-0.52;0.87;0.12;-0.18;0.12;0.47;0.14;0.88;15.85;-1.22;-1.89;-0.01;-0.25;1.04;0.18;0.85;1.16;-0.30;-0.95;0.26;1.40;-0.43;-0.49;-0.11;0.14;-0.99;-431.10;232.93;-386.95;0.64;-0.49;-0.15;
-0.43;0.24;-0.24;-0.30;-0.03;-0.95;0.73;0.49;0.43;0.19;-0.29;-0.94;0.37;-0.43;-1.10;0.21;-0.52;0.86;0.67;-0.30;-0.18;0.47;0.13;0.88;7.32;3.66;0.18;-0.07;-0.19;1.01;2.62;6.89;-0.30;-0.32;-0.92;0.27;0.55;0.37;0.37;-0.10;0.13;-0.98;-461.65;353.48;-310.06;0.56;-0.11;-0.40;
-0.06;-0.73;0.00;-0.29;-0.02;-0.94;0.24;0.67;0.55;0.19;-0.29;-0.93;-0.18;-0.43;-1.40;0.21;-0.52;0.86;0.49;-0.30;0.12;0.48;0.14;0.88;64.57;52.62;31.40;-0.13;-0.10;1.01;7.13;-1.40;1.95;-0.34;-0.96;0.33;-0.06;-0.18;0.43;-0.11;0.13;-0.99;-457.01;137.32;-539.63;1.33;0.33;0.01;
-0.37;-0.30;0.18;-0.30;-0.03;-0.95;0.30;-0.49;0.24;0.19;-0.30;-0.93;0.30;-0.06;-1.16;0.22;-0.51;0.87;0.43;-0.79;0.43;0.47;0.13;0.88;39.94;15.61;-5.43;-0.17;-0.11;1.13;49.02;3.66;10.61;-0.21;-1.05;0.43;0.79;0.00;0.06;-0.10;0.13;-0.98;-284.70;1.83;-331.22;0.67;-1.34;-0.18;
-0.18;0.00;0.12;-0.31;-0.03;-0.94;-0.12;0.18;0.12;0.19;-0.30;-0.94;1.22;-0.79;-0.73;0.22;-0.52;0.86;-0.73;-0.18;0.12;0.48;0.13;0.89;24.33;12.01;3.90;0.01;-0.32;1.06;-59.76;-0.06;-31.16;-0.24;-0.67;0.22;0.24;0.73;0.18;-0.11;0.13;-0.98;-60.61;55.61;-184.21;0.65;0.38;0.02;
-0.43;-0.06;0.49;-0.31;-0.03;-0.94;-0.06;0.12;-0.12;0.19;-0.30;-0.94;-0.06;-0.18;-1.10;0.22;-0.51;0.86;-0.79;-0.37;0.43;0.47;0.14;0.88;1.16;-2.13;9.51;-0.17;-0.19;1.11;49.15;7.93;23.48;-0.25;-1.11;0.51;-0.18;0.49;-0.30;-0.12;0.13;-0.98;-46.16;31.16;6.71;-0.82;-0.57;-0.78;
-0.30;-0.06;0.06;-0.29;-0.03;-0.95;0.61;0.79;-0.12;0.20;-0.30;-0.93;0.06;-0.61;-1.28;0.22;-0.51;0.86;-0.24;-0.49;0.30;0.47;0.13;0.88;-9.57;-8.96;-1.77;-0.17;-0.13;1.01;-25.18;-1.04;-10.00;-0.30;-0.83;0.29;-0.24;0.00;-0.18;-0.11;0.14;-0.98;316.28;217.32;-460.18;-0.17;-0.97;-0.58;
-0.43;-0.30;0.30;-0.30;-0.03;-0.95;0.61;0.00;0.12;0.19;-0.29;-0.93;0.06;-0.43;-0.67;0.21;-0.52;0.87;0.55;-0.37;0.24;0.47;0.13;0.87;2.13;0.67;2.20;-0.04;-0.26;1.08;0.79;-1.46;2.13;-0.33;-0.93;0.34;0.43;-0.06;0.49;-0.11;0.13;-0.98;59.09;15.67;-49.39;-0.10;0.83;0.72;
0.30;-0.30;0.18;-0.30;-0.02;-0.95;0.12;0.06;0.37;0.19;-0.29;-0.94;-0.18;-0.67;-1.16;0.21;-0.52;0.86;0.12;-0.79;-0.18;0.47;0.14;0.87;24.82;43.11;14.51;-0.09;-0.27;0.89;-2.93;0.55;2.38;-0.33;-0.93;0.33;-1.52;12.20;2.68;-0.10;0.13;-0.99;71.34;75.91;-105.67;0.24;1.48;0.94;
-0.37;-0.12;-0.06;-0.31;-0.03;-0.95;0.61;0.61;0.18;0.19;-0.30;-0.93;0.37;-0.67;-1.59;0.21;-0.52;0.87;0.12;-0.43;0.73;0.48;0.14;0.88;0.18;-0.24;0.06;-0.09;-0.20;1.02;1.52;1.28;-0.49;-0.34;-0.94;0.33;0.24;0.12;0.12;-0.12;0.13;-0.98;-0.91;-0.79;0.30;0.39;0.62;0.69;
-0.49;-0.49;0.12;-0.30;-0.03;-0.94;0.49;0.12;0.24;0.19;-0.30;-0.93;-0.67;-0.37;-0.79;0.21;-0.52;0.86;0.30;-0.67;0.06;0.47;0.13;0.89;0.12;-0.37;0.55;-0.10;-0.20;1.02;1.16;2.38;-0.30;-0.33;-0.93;0.33;-0.12;-0.06;0.79;-0.11;0.13;-0.98;-0.61;-0.37;0.30;0.39;0.61;0.70;
-0.73;0.24;0.24;-0.30;-0.02;-0.95;0.30;0.55;0.30;0.20;-0.30;-0.94;-0.24;-0.37;-0.85;0.21;-0.51;0.88;0.37;-0.43;-0.06;0.48;0.13;0.89;0.55;-0.79;-0.12;-0.09;-0.20;1.02;-4.27;0.85;3.17;-0.33;-0.93;0.30;0.24;0.37;-0.37;-0.11;0.13;-0.98;0.12;-0.37;-0.30;0.40;0.60;0.70;
-0.43;-0.12;0.49;-0.29;-0.03;-0.95;0.43;0.06;0.06;0.20;-0.30;-0.93;0.37;-0.61;-0.98;0.21;-0.52;0.86;0.55;-0.49;0.24;0.47;0.14;0.88;0.30;-0.12;0.49;-0.10;-0.20;1.02;-2.38;0.91;0.55;-0.33;-0.94;0.31;0.30;-0.12;-0.49;-0.12;0.13;-0.99;0.00;0.24;-0.06;0.39;0.61;0.72;
-0.06;0.00;-0.18;-0.29;-0.03;-0.96;0.61;0.30;0.06;0.19;-0.29;-0.95;0.06;-0.12;-0.91;0.22;-0.52;0.86;0.73;-0.49;0.24;0.47;0.14;0.88;0.61;-0.18;0.49;-0.11;-0.20;1.03;-0.55;0.43;2.32;-0.33;-0.93;0.30;0.24;0.00;0.12;-0.11;0.13;-0.99;0.12;0.06;-0.30;0.39;0.60;0.70;
0.43;-0.18;0.49;-0.29;-0.03;-0.95;0.37;0.37;0.30;0.19;-0.30;-0.93;0.12;-0.37;-1.04;0.22;-0.51;0.87;0.43;-1.04;0.12;0.47;0.14;0.88;0.24;-0.37;0.18;-0.10;-0.20;1.01;0.98;-0.37;2.07;-0.33;-0.94;0.29;0.37;-0.24;-0.37;-0.11;0.13;-0.99;0.55;0.18;0.12;0.40;0.61;0.70;
0.00;-0.30;0.12;-0.29;-0.03;-0.95;0.55;0.24;0.43;0.19;-0.29;-0.93;-0.43;-0.24;-0.55;0.22;-0.51;0.87;0.91;-0.61;-0.12;0.48;0.13;0.87;-0.24;-0.37;0.00;-0.10;-0.21;1.01;-0.85;2.26;2.74;-0.33;-0.94;0.29;-0.61;0.12;-0.30;-0.11;0.12;-0.98;0.18;-0.24;-0.06;0.40;0.61;0.71;
-0.18;-0.37;0.30;-0.30;-0.03;-0.95;0.67;0.49;-0.06;0.20;-0.30;-0.93;-0.43;-0.67;-0.43;0.21;-0.52;0.87;5.37;-2.01;0.61;0.47;0.14;0.87;-27.07;33.60;4.70;-0.38;-0.18;0.75;-0.55;1.34;0.91;-0.33;-0.95;0.32;3.11;0.79;-1.46;-0.12;0.11;-1.00;46.83;-6.40;-27.74;0.57;0.47;0.83;
-0.43;0.18;0.18;-0.29;-0.03;-0.96;0.49;0.43;-0.12;0.19;-0.30;-0.93;0.24;-0.61;-0.61;0.21;-0.52;0.87;0.24;-0.43;0.30;0.48;0.14;0.88;0.73;10.12;-5.37;-0.12;-0.15;0.99;0.06;-0.43;1.34;-0.33;-0.94;0.30;-0.24;0.91;0.73;-0.12;0.12;-0.98;-322.62;764.88;-269.09;1.35;0.11;-0.41;
-0.30;0.37;-0.43;-0.30;-0.02;-0.95;0.12;-0.06;0.00;0.19;-0.30;-0.93;-0.18;0.00;-1.10;0.21;-0.51;0.86;0.79;-0.30;0.06;0.47;0.14;0.88;10.61;-4.39;0.49;-0.13;-0.14;1.00;-0.43;0.67;0.12;-0.32;-0.93;0.30;1.22;0.30;-0.18;-0.11;0.13;-0.98;-85.06;936.89;-203.60;0.79;0.64;-0.85;
-0.37;-0.43;0.30;-0.29;-0.02;-0.94;0.79;0.06;0.30;0.19;-0.30;-0.94;0.49;-0.67;-1.10;0.22;-0.51;0.88;0.43;-0.67;-0.12;0.47;0.14;0.89;-22.32;-5.79;5.61;-0.04;-0.33;1.28;-0.12;0.79;0.61;-0.32;-0.92;0.31;0.91;-2.62;-0.30;-0.11;0.12;-0.98;-39.21;494.33;-23.72;1.47;0.66;0.59;
-0.37;-0.55;0.37;-0.29;-0.02;-0.95;0.37;0.73;0.24;0.19;-0.29;-0.93;0.06;-0.73;-1.40;0.21;-0.52;0.86;0.24;-0.55;0.43;0.47;0.14;0.88;-6.89;-4.39;-1.28;-0.10;-0.22;1.03;1.95;0.12;0.98;-0.32;-0.93;0.32;-5.85;1.89;1.10;-0.11;0.12;-0.96;173.11;-93.35;128.78;2.00;0.20;1.79;
-0.30;0.18;0.18;-0.30;-0.03;-0.95;0.12;-0.06;0.00;0.20;-0.30;-0.93;-0.24;-0.49;-0.79;0.21;-0.51;0.87;0.37;-0.30;0.00;0.48;0.13;0.88;-3.90;-8.05;-1.52;-0.11;-0.20;0.99;0.98;0.91;0.79;-0.33;-0.93;0.32;9.39;1.22;-2.99;-0.12;0.12;-0.99;212.68;-289.21;125.37;2.00;-0.01;1.54;
-0.43;-0.79;0.18;-0.29;-0.03;-0.95;0.43;0.12;0.43;0.19;-0.30;-0.93;0.00;-0.91;-1.16;0.22;-0.52;0.86;0.55;-0.43;0.06;0.47;0.14;0.88;30.61;52.32;14.94;-0.08;-0.30;1.08;-0.73;0.37;1.52;-0.32;-0.94;0.31;-1.04;-0.43;0.18;-0.11;0.13;-0.97;80.61;-177.99;155.61;2.00;0.05;1.63;
-0.61;-0.06;-0.12;-0.29;-0.03;-0.96;0.30;0.61;0.24;0.19;-0.30;-0.93;-0.24;0.00;-0.85;0.21;-0.52;0.87;0.55;0.12;0.06;0.47;0.14;0.88;47.80;89.21;41.10;-0.23;-0.50;1.22;1.16;0.24;2.99;-0.33;-0.93;0.30;-2.62;1.46;0.79;-0.11;0.12;-0.99;233.96;-389.82;246.95;2.00;-0.07;1.27;
-0.30;-0.43;0.18;-0.30;-0.03;-0.95;0.55;0.12;0.24;0.18;-0.30;-0.93;-0.06;-0.43;-1.22;0.22;-0.52;0.86;0.30;-0.91;0.06;0.47;0.14;0.88;-14.33;-17.50;-4.76;-0.08;-0.24;1.05;-0.73;1.59;2.44;-0.33;-0.93;0.31;2.44;-3.90;-0.85;-0.12;0.12;-1.02;131.10;-597.80;97.20;1.30;-0.66;0.25;
-0.18;-0.30;-0.12;-0.30;-0.03;-0.95;0.06;-0.24;0.00;0.19;-0.29;-0.93;-0.55;-0.73;-0.67;0.21;-0.52;0.87;0.24;-0.61;-0.12;0.48;0.14;0.88;-14.63;-10.91;-1.95;-0.09;-0.24;1.06;-1.22;0.67;2.93;-0.34;-0.94;0.31;0.00;-2.20;-0.67;-0.14;0.11;-1.00;77.99;-600.61;-23.96;1.37;-0.90;0.26;
-0.61;0.30;-0.30;-0.29;-0.04;-0.95;0.85;0.30;0.61;0.19;-0.29;-0.94;-0.30;-0.12;-1.10;0.21;-0.52;0.86;0.06;-0.98;-0.12;0.47;0.13;0.88;-22.38;-34.57;-7.80;-0.14;-0.22;0.97;0.61;-0.30;2.80;-0.34;-0.93;0.29;-0.43;0.06;0.00;-0.12;0.11;-0.98;7.56;-227.93;-218.60;0.11;-0.54;-0.45;
-0.30;-0.24;-0.30;-0.29;-0.03;-0.95;1.77;-0.06;0.18;0.19;-0.30;-0.93;0.91;-0.55;-0.79;0.21;-0.52;0.86;0.24;-0.61;-0.37;0.48;0.14;0.87;-5.55;-5.91;13.11;-0.20;-0.23;1.01;0.79;0.79;3.66;-0.34;-0.93;0.30;0.12;0.61;0.30;-0.12;0.12;-0.98;-59.94;-43.23;-203.72;-0.39;-0.25;-0.71;
-0.30;0.37;-0.18;-0.30;-0.02;-0.94;0.18;0.00;0.79;0.19;-0.30;-0.93;0.18;-0.85;-1.46;0.21;-0.51;0.86;-0.30;-0.49;-0.49;0.47;0.14;0.88;4.88;1.28;-0.24;-0.13;-0.19;1.01;1.04;1.83;2.26;-0.32;-0.93;0.31;-0.55;0.55;0.24;-0.12;0.12;-0.98;-42.50;180.73;-10.30;-0.59;0.21;-0.48;
0.06;-0.12;0.12;-0.30;-0.02;-0.94;0.43;0.06;0.00;0.19;-0.30;-0.94;-0.24;0.30;-0.55;0.21;-0.51;0.87;1.04;0.06;-0.30;0.47;0.14;0.88;0.91;-0.79;-5.91;-0.12;-0.20;1.03;1.28;0.49;0.73;-0.32;-0.92;0.30;0.18;0.30;-0.18;-0.11;0.12;-0.98;46.34;366.77;157.74;0.10;0.27;-0.31;
0.18;-0.12;-0.06;-0.30;-0.04;-0.95;0.85;0.00;0.43;0.19;-0.30;-0.94;0.55;-0.55;-1.04;0.21;-0.51;0.87;1.71;-1.16;-0.67;0.48;0.14;0.88;3.41;3.35;1.16;-0.12;-0.20;1.02;2.80;1.77;1.28;-0.33;-0.93;0.30;13.90;-6.22;-0.91;-0.10;0.16;-0.79;259.45;672.01;-567.99;0.68;-0.18;-0.79;
-0.43;-0.67;0.18;-0.30;-0.03;-0.95;0.79;0.55;0.06;0.19;-0.29;-0.93;-0.06;-0.24;-0.98;0.21;-0.50;0.87;0.18;-0.91;-0.43;0.47;0.13;0.88;0.37;-0.30;0.18;-0.12;-0.20;1.03;2.74;1.04;-0.49;-0.33;-0.93;0.35;0.43;-0.12;0.06;-0.13;0.11;-0.98;-0.67;0.49;-0.43;0.39;0.58;0.73;
-24.76;5.85;-56.22;-0.22;-0.24;-1.06;94.45;-11.28;-31.95;0.15;-0.78;-0.71;-13.78;1.65;3.35;0.25;-0.41;0.93;-4.51;-0.85;2.68;0.47;0.12;0.88;-1.52;-0.85;-0.30;-0.13;-0.20;1.01;15.85;2.26;13.66;-0.36;-0.99;0.41;-0.37;-0.06;0.24;-0.12;0.12;-0.99;0.00;-0.18;-0.43;0.39;0.58;0.74;
4.39;-116.28;24.88;-0.23;-0.05;-0.87;75.98;24.45;13.66;0.46;-0.67;-0.70;27.38;26.46;131.83;0.16;0.20;-0.63;-89.39;-112.56;168.90;0.57;-0.16;1.31;0.49;1.52;0.85;-0.13;-0.21;1.04;0.73;10.67;14.15;-0.41;-0.82;0.42;0.00;-0.18;-0.30;-0.12;0.12;-1.00;1.04;-0.06;-0.85;0.38;0.58;0.73;
-0.67;-0.98;0.24;-0.28;-0.02;-0.96;2.87;-0.18;0.55;0.20;-0.39;-0.89;-22.56;294.39;-394.02;0.55;0.54;0.70;2.80;1.40;1.77;0.51;0.11;0.90;0.37;-0.24;0.61;-0.12;-0.19;1.02;-27.38;0.18;-8.84;-0.33;-0.82;0.33;0.06;0.24;0.18;-0.12;0.12;-0.99;-0.24;0.37;-0.37;0.38;0.59;0.74;
-0.55;0.37;0.67;-0.31;-0.03;-0.94;-4.70;-0.37;-1.65;0.21;-0.36;-0.90;4.02;16.89;-124.51;-0.40;0.08;1.00;-2.01;-1.65;-0.18;0.46;0.18;0.88;0.67;-0.67;0.18;-0.12;-0.19;1.01;13.23;-17.50;7.80;-0.39;-0.92;0.42;-0.18;0.61;0.00;-0.12;0.12;-0.99;0.24;0.06;-0.18;0.38;0.58;0.74;
-0.30;-1.22;0.30;-0.30;-0.03;-0.95;2.26;0.67;1.22;0.21;-0.36;-0.92;22.38;-21.52;-1.71;-0.48;-0.19;0.84;2.50;0.67;-0.67;0.47;0.18;0.87;-0.12;-0.12;0.49;-0.12;-0.20;1.02;1.34;2.50;2.93;-0.37;-0.88;0.41;0.00;0.06;0.06;-0.12;0.12;-0.98;0.06;-0.12;-0.37;0.38;0.58;0.74;
-0.30;-0.06;0.12;-0.30;-0.02;-0.95;1.89;0.18;0.61;0.21;-0.37;-0.90;-2.38;-23.84;4.70;-0.43;-0.05;0.94;-0.24;-0.73;0.37;0.47;0.17;0.88;0.24;0.06;0.55;-0.12;-0.20;1.02;0.18;0.73;-0.37;-0.35;-0.89;0.41;0.00;-0.12;-0.37;-0.12;0.12;-0.98;0.06;0.24;-0.18;0.38;0.57;0.74;
-0.18;-0.18;0.55;-0.31;-0.03;-0.95;0.79;0.18;0.06;0.21;-0.37;-0.91;-5.91;1.46;-3.84;-0.46;-0.10;0.85;0.79;-0.18;-0.06;0.46;0.18;0.88;0.37;-0.37;0.12;-0.12;-0.20;1.01;0.18;0.73;1.77;-0.36;-0.89;0.40;0.37;0.12;0.06;-0.11;0.12;-0.98;0.18;-0.06;-0.79;0.38;0.57;0.74;
-0.18;2.20;0.06;-0.31;-0.02;-0.94;3.41;-0.06;1.10;0.19;-0.33;-0.90;-4.02;89.76;-43.05;0.27;-0.47;1.48;-3.54;-1.65;1.52;0.47;0.16;0.88;0.06;0.00;0.98;-0.13;-0.20;1.02;0.18;0.43;2.38;-0.35;-0.89;0.40;0.24;0.49;-0.06;-0.12;0.11;-0.98;0.00;-0.06;-0.30;0.38;0.57;0.74;
-0.37;-0.18;0.37;-0.30;-0.03;-0.94;0.55;0.37;0.43;0.21;-0.35;-0.92;7.44;-0.98;-9.21;-0.29;-0.23;0.94;0.79;-0.18;-0.06;0.46;0.17;0.89;0.30;-0.18;-0.06;-0.12;-0.20;1.02;-0.43;0.98;0.98;-0.35;-0.89;0.41;-0.06;0.18;0.24;-0.12;0.12;-0.98;0.73;0.12;-0.67;0.38;0.58;0.74;
-0.61;-0.24;-0.30;-0.30;-0.02;-0.95;0.12;0.30;0.91;0.20;-0.35;-0.90;12.87;31.22;31.28;-0.29;-0.21;0.91;2.26;-0.18;-1.71;0.45;0.18;0.88;-0.18;0.00;0.37;-0.12;-0.20;1.01;-0.12;0.85;1.34;-0.37;-0.88;0.41;0.18;-0.18;-0.18;-0.12;0.12;-0.97;0.18;-0.06;-0.43;0.38;0.57;0.74;
-0.18;0.18;-0.12;-0.30;-0.04;-0.94;0.12;0.24;0.00;0.21;-0.35;-0.91;167.56;415.12;-87.01;0.19;-0.44;1.03;-0.67;-0.79;0.61;0.46;0.18;0.88;0.30;-0.30;0.79;-0.12;-0.20;1.02;-0.49;0.49;1.59;-0.35;-0.88;0.41;0.12;0.12;-0.24;-0.12;0.12;-0.98;-0.18;-0.06;-0.55;0.38;0.57;0.75;
-0.18;-0.30;0.24;-0.29;-0.03;-0.95;1.83;0.61;0.49;0.21;-0.35;-0.90;11.59;1.89;-9.45;-0.28;-0.31;0.90;0.73;-0.06;-0.06;0.46;0.17;0.88;0.06;-0.12;0.00;-0.13;-0.21;1.03;0.43;0.61;1.04;-0.36;-0.88;0.41;0.43;0.00;0.37;-0.11;0.12;-0.99;0.49;0.00;-0.79;0.38;0.58;0.74;
-0.49;0.06;-0.43;-0.31;-0.03;-0.95;0.00;-0.43;-0.24;0.21;-0.36;-0.91;0.85;7.68;1.22;-0.30;-0.30;1.03;-0.49;-0.55;0.67;0.46;0.18;0.89;0.30;-0.73;0.18;-0.11;-0.21;1.02;-0.55;0.98;1.10;-0.35;-0.88;0.41;0.67;-0.12;-0.24;-0.12;0.11;-0.99;-0.18;0.12;-0.85;0.38;0.57;0.74;
-5.55;-89.94;-7.07;-0.21;-0.03;-0.94;-29.39;2.80;-7.87;0.20;-0.34;-0.84;-34.57;-59.27;144.45;-0.39;-1.36;0.67;-0.06;0.06;-1.22;0.46;0.17;0.88;0.24;-0.24;0.18;-0.12;-0.20;1.01;-1.52;0.91;1.83;-0.36;-0.89;0.40;-0.18;0.43;0.55;-0.12;0.12;-0.98;-0.43;0.06;0.06;0.37;0.57;0.75;
-0.43;-0.30;-0.06;-0.29;-0.03;-0.95;1.65;0.49;0.79;0.21;-0.35;-0.92;13.60;-3.84;-9.45;-0.25;-0.31;0.89;1.28;0.30;-0.91;0.45;0.17;0.88;0.55;-0.37;0.73;-0.12;-0.19;1.02;0.43;0.67;1.22;-0.36;-0.88;0.41;-0.12;-0.30;-0.18;-0.12;0.11;-0.98;0.55;0.49;-0.49;0.38;0.57;0.74;
-0.67;-0.37;0.06;-0.30;-0.03;-0.95;0.79;0.00;0.24;0.20;-0.35;-0.91;-7.44;6.04;5.85;-0.20;-0.32;1.08;-0.43;-0.73;0.61;0.46;0.18;0.88;0.18;-0.55;0.24;-0.11;-0.20;1.01;0.00;0.55;0.98;-0.36;-0.89;0.41;-0.24;-0.06;-0.18;-0.13;0.11;-0.97;0.00;0.37;-0.61;0.38;0.58;0.74;
-0.49;-0.24;0.12;-0.30;-0.03;-0.95;0.55;0.30;0.61;0.21;-0.35;-0.92;3.11;1.59;-3.96;-0.23;-0.27;0.95;0.24;-0.30;-0.12;0.45;0.19;0.88;0.18;-0.43;0.30;-0.12;-0.20;1.02;-0.98;1.04;1.71;-0.35;-0.88;0.40;0.30;-0.18;0.55;-0.12;0.12;-0.98;0.24;-0.30;-0.24;0.37;0.58;0.74;
0.18;-1.59;2.01;-0.30;-0.05;-0.97;-20.61;-3.66;-2.32;0.23;-0.36;-0.95;5.30;115.98;-511.04;0.06;0.36;0.37;6.46;0.06;-2.07;0.45;0.18;0.90;0.06;0.06;0.18;-0.13;-0.20;1.01;1.28;0.67;1.22;-0.35;-0.89;0.40;-0.43;0.18;0.00;-0.12;0.12;-0.98;0.37;0.30;-0.30;0.37;0.57;0.74;
-0.37;-0.85;-0.30;-0.30;-0.03;-0.95;-5.55;-2.38;-0.30;0.22;-0.27;-0.98;-71.65;122.50;-35.55;0.25;-0.41;1.04;14.94;3.96;-8.29;0.46;0.15;0.89;0.30;0.06;0.49;-0.12;-0.20;1.02;-1.40;0.79;2.20;-0.36;-0.88;0.41;0.55;0.12;-0.12;-0.12;0.12;-0.98;0.43;-0.06;-0.30;0.38;0.57;0.73;
-355.67;-239.51;55.79;-1.41;2.00;-2.00;-63.60;-252.74;48.48;0.08;-0.67;-0.02;4.63;-1.65;-5.67;0.29;-0.61;0.76;28.29;-9.51;-10.37;0.31;0.18;0.92;-0.49;-1.28;0.06;-0.12;-0.21;1.01;-0.49;2.38;1.71;-0.36;-0.88;0.41;-0.12;0.06;-0.37;-0.11;0.12;-0.98;0.43;0.06;-0.43;0.38;0.57;0.74;
-26.71;-9.76;17.80;-0.35;-0.02;-1.00;-107.26;-470.49;-204.76;0.61;-2.00;-0.87;27.56;-6.40;35.00;0.20;-0.47;1.07;-2.68;-0.24;0.61;0.32;0.31;0.89;0.18;-0.30;0.30;-0.13;-0.19;1.02;-2.13;1.59;1.71;-0.36;-0.88;0.41;1.04;0.24;0.37;-0.13;0.12;-0.98;0.73;0.00;-0.37;0.38;0.57;0.74;
-0.06;-0.37;-0.37;-0.36;-0.01;-0.96;-83.96;495.61;32.74;1.12;-1.16;0.57;7.26;-2.99;-5.06;0.31;-0.48;0.88;1.22;-0.24;0.37;0.32;0.31;0.89;0.85;-0.37;0.00;-0.12;-0.20;1.02;-0.73;1.22;2.20;-0.36;-0.88;0.39;0.37;0.18;-0.12;-0.12;0.12;-0.98;0.49;-0.12;-0.18;0.37;0.58;0.74;
1.65;0.79;-1.52;-0.34;-0.01;-0.92;-297.50;173.72;485.91;0.48;-1.97;1.14;-7.44;1.89;5.12;0.31;-0.52;0.83;0.73;-0.37;0.06;0.32;0.32;0.88;0.73;0.30;0.12;-0.12;-0.20;1.01;-0.18;0.37;1.40;-0.36;-0.89;0.41;0.49;0.37;-0.12;-0.12;0.12;-0.98;0.49;0.30;-0.06;0.39;0.58;0.73;
4.45;0.98;-1.34;-0.35;-0.01;-0.94;76.22;869.09;-205.18;2.00;1.94;-1.52;-56.65;15.91;36.46;0.26;-0.42;1.02;-0.91;-1.04;-0.06;0.34;0.31;0.89;0.43;-0.12;0.06;-0.11;-0.20;1.02;2.68;-0.98;0.18;-0.34;-0.88;0.43;0.79;0.18;0.24;-0.12;0.12;-0.99;0.12;-0.06;-0.30;0.37;0.58;0.74;
10.98;3.84;-5.67;-0.34;0.01;-0.89;359.70;297.01;-509.82;1.53;-1.85;-1.06;22.50;16.04;-28.05;0.18;-0.61;0.72;-0.85;-0.61;0.12;0.32;0.33;0.88;0.55;-0.49;0.49;-0.12;-0.20;1.01;1.10;-0.43;1.22;-0.36;-0.89;0.41;0.00;0.00;0.12;-0.13;0.11;-0.98;0.67;-0.06;-0.18;0.38;0.57;0.74;
-31.59;-15.18;28.48;-0.34;-0.15;-0.90;356.28;-209.51;315.73;1.09;-1.62;-0.12;-6.10;5.49;-18.96;0.04;-0.66;0.65;1.40;0.24;-1.04;0.31;0.32;0.89;0.06;-0.12;0.49;-0.12;-0.20;1.01;-1.59;1.40;2.50;-0.36;-0.88;0.41;0.43;0.18;0.24;-0.12;0.12;-0.99;0.61;0.30;-0.79;0.38;0.58;0.74;
0.79;-6.34;-11.59;-0.43;0.00;-0.92;32.74;-543.17;370.00;1.31;1.10;0.61;-0.67;0.43;-1.16;0.21;-0.54;0.88;0.49;0.18;-0.06;0.33;0.31;0.89;0.98;-0.06;0.43;-0.11;-0.20;1.02;-1.10;0.55;0.67;-0.36;-0.88;0.41;-0.06;0.06;0.00;-0.12;0.11;-0.98;0.91;0.00;-0.43;0.38;0.58;0.74;
-9.21;-3.23;4.57;-0.35;0.02;-0.92;-10.98;-141.89;91.89;0.31;-0.91;1.48;5.91;-1.89;-2.62;0.22;-0.53;0.83;0.30;-0.12;0.00;0.33;0.32;0.89;0.00;0.00;0.24;-0.12;-0.20;1.01;1.40;0.55;0.73;-0.36;-0.88;0.41;0.06;0.12;-0.85;-0.12;0.12;-0.98;0.24;-0.12;0.24;0.37;0.58;0.74;
82.87;121.83;-53.66;-0.67;-0.04;-1.07;26.95;169.70;-40.24;1.03;-0.38;-0.39;9.15;-2.74;-4.94;0.25;-0.51;0.88;7.56;-10.43;-16.52;0.32;0.25;0.89;0.73;-0.06;0.79;-0.11;-0.20;1.01;9.15;2.56;1.46;-0.36;-0.89;0.42;-0.12;0.30;0.24;-0.13;0.12;-0.98;-0.30;-0.79;-0.85;0.38;0.59;0.75;
-111.95;-54.39;-30.18;0.02;-0.08;-0.93;-18.96;-91.34;30.24;0.57;-0.51;-0.70;7.68;-2.50;-3.84;0.26;-0.48;0.87;5.79;1.40;-3.05;0.33;0.32;0.90;-17.93;0.06;1.77;-0.11;-0.20;0.94;-0.18;-2.20;3.54;-0.37;-0.86;0.39;0.85;-0.12;-0.12;-0.12;0.11;-0.99;-1.22;4.45;7.93;0.44;0.61;0.69;
-9.70;2.80;-80.79;-0.34;-0.03;-0.96;18.05;-3.41;-9.27;0.25;-0.18;-0.75;-0.79;-0.85;-0.91;0.27;-0.45;0.89;-0.24;-0.61;0.24;0.31;0.34;0.89;1.10;0.12;0.12;-0.11;-0.21;1.00;-1.65;2.32;1.40;-0.36;-0.88;0.44;-0.06;0.12;0.24;-0.12;0.12;-0.98;0.49;0.06;-0.37;0.37;0.58;0.74;
-0.73;-0.12;0.12;-0.17;-0.03;-0.98;0.85;-0.06;0.30;0.20;-0.29;-0.94;1.52;-0.73;-1.34;0.28;-0.45;0.90;1.04;-0.55;0.12;0.32;0.33;0.89;0.12;-0.24;-0.06;-0.10;-0.22;1.02;-0.37;2.01;-0.49;-0.35;-0.89;0.44;-0.49;0.24;-0.24;-0.12;0.12;-0.98;0.24;-0.06;-0.24;0.37;0.58;0.75;
-0.49;-0.85;-0.79;-0.18;-0.03;-0.98;-1.22;-0.55;-0.49;0.21;-0.29;-0.93;-10.98;2.93;2.20;0.25;-0.47;0.87;0.98;0.00;-0.49;0.32;0.33;0.89;-19.21;-0.73;28.41;-0.12;-0.47;1.01;10.30;2.99;3.11;-0.36;-0.88;0.40;-0.98;0.30;0.49;-0.11;0.12;-0.98;104.94;21.89;-64.51;0.55;-0.14;0.90;
-20.61;-2.93;45.49;-0.13;0.31;-0.71;-2.74;-6.71;32.32;0.14;-0.27;-0.73;10.43;-19.39;30.30;0.21;-0.38;0.92;-8.41;0.37;-5.85;0.23;0.50;0.79;-92.13;-41.83;52.56;-0.03;-0.68;1.19;1.83;-1.77;-0.24;-0.36;-0.88;0.40;26.83;-56.95;21.46;-0.39;0.37;-1.45;154.27;52.07;-156.71;0.24;0.71;0.70;
-78.35;90.30;15.30;-0.34;0.12;-0.89;-5.43;9.76;-9.39;0.19;-0.39;-0.97;-3.05;0.18;-3.29;0.31;-0.42;0.97;-43.35;-29.76;18.11;0.24;0.41;0.89;343.17;18.23;-23.90;-0.11;-0.06;0.73;2.87;0.49;2.07;-0.38;-0.87;0.42;-16.89;0.67;56.65;-0.17;0.32;-0.95;-24.33;-24.88;-4.88;0.40;0.48;0.80;
8.05;2.56;19.45;-0.27;-0.06;-0.99;-30.49;9.94;17.13;0.24;-0.29;-0.98;0.24;-0.24;-1.59;0.28;-0.44;0.90;18.23;7.32;-4.45;0.24;0.24;0.94;-76.77;3.90;-13.05;-0.01;-0.36;0.88;-3.11;3.05;1.89;-0.36;-0.88;0.43;-6.28;1.46;-50.12;-0.04;0.13;-1.02;-27.80;-19.33;-23.66;0.48;0.40;0.81;
9.15;8.35;-2.56;-0.21;-0.07;-0.99;11.28;4.63;4.63;0.26;-0.32;-0.89;7.68;-2.38;-3.72;0.28;-0.44;0.90;9.39;-0.24;-3.17;0.19;0.40;0.89;316.04;68.96;-52.07;0.02;-1.12;0.83;-0.49;0.67;0.79;-0.38;-0.88;0.41;-12.68;4.82;7.62;-0.16;0.15;-0.83;-0.49;0.06;-0.79;0.26;0.62;0.80;
-0.24;-0.24;-0.30;-0.21;-0.04;-0.97;0.37;0.49;0.12;0.26;-0.36;-0.89;0.24;-0.61;-0.85;0.29;-0.43;0.90;0.24;-0.37;0.18;0.22;0.41;0.88;0.43;-0.55;0.49;-0.07;-0.45;0.93;-0.98;0.24;1.52;-0.38;-0.89;0.41;-0.06;-0.06;-0.24;-0.12;0.15;-0.98;0.37;0.43;-1.10;0.21;0.65;0.73;
-0.61;-0.55;0.00;-0.20;-0.04;-0.98;0.49;0.73;0.24;0.25;-0.36;-0.89;0.00;-0.12;-0.98;0.28;-0.42;0.90;0.30;-0.79;0.00;0.23;0.42;0.88;0.91;-0.37;-0.12;-0.08;-0.45;0.92;-2.62;4.02;-2.50;-0.36;-0.84;0.42;0.61;0.24;0.00;-0.12;0.15;-0.98;0.73;0.00;-0.18;0.22;0.66;0.74;
-0.67;0.00;0.43;-0.21;-0.04;-0.98;-1.04;0.67;0.00;0.26;-0.36;-0.88;36.10;-3.35;-18.54;0.32;-0.45;0.89;2.44;-1.40;0.37;0.22;0.43;0.91;0.73;-0.67;0.18;-0.07;-0.46;0.93;20.79;-11.95;4.76;-0.39;-0.85;0.46;0.55;0.12;-0.06;-0.12;0.13;-0.97;0.79;0.49;-0.67;0.23;0.66;0.74;
2.87;3.72;-4.33;-0.20;0.01;-0.97;4.45;2.44;16.83;0.30;-0.28;-0.85;20.30;-0.06;29.57;0.55;-0.46;0.68;9.70;-1.77;-1.95;0.22;0.45;0.86;0.37;-0.55;0.61;-0.08;-0.38;0.94;-13.17;12.32;-12.99;-0.26;-0.98;0.52;0.18;0.12;-0.18;-0.12;0.13;-0.98;0.37;0.06;-0.24;0.20;0.68;0.73;
-1.65;-1.83;-7.07;-0.19;-0.02;-0.93;-0.12;0.49;-0.30;0.26;-0.33;-0.90;-0.79;3.17;-4.45;0.33;-0.46;0.87;-0.30;-0.37;-0.06;0.21;0.38;0.90;0.49;-0.61;0.37;-0.08;-0.39;0.96;-32.13;20.85;-5.98;-0.31;-0.93;0.37;0.37;-0.30;-0.24;-0.11;0.13;-0.98;0.12;-0.12;-0.49;0.20;0.67;0.72;
1.34;-0.55;-2.07;-0.21;-0.02;-0.97;0.12;0.61;0.24;0.27;-0.34;-0.90;0.61;-2.44;-3.05;0.33;-0.46;0.86;0.37;-0.43;0.12;0.22;0.38;0.90;0.67;-0.61;0.06;-0.08;-0.38;0.96;8.72;-2.68;9.21;-0.30;-0.94;0.32;-0.12;0.00;-0.37;-0.12;0.13;-0.98;0.18;-0.43;-0.61;0.20;0.67;0.73;
-1.34;-0.18;0.67;-0.21;-0.03;-0.97;0.49;0.24;0.06;0.26;-0.33;-0.90;0.37;-0.30;-0.73;0.32;-0.46;0.87;-0.43;-0.37;0.12;0.22;0.38;0.89;0.37;-0.67;0.37;-0.07;-0.38;0.96;5.06;-2.20;4.33;-0.32;-0.91;0.37;0.24;0.67;-0.24;-0.12;0.13;-0.98;0.37;-0.06;0.06;0.21;0.67;0.73;
-0.49;0.06;0.12;-0.20;-0.03;-0.98;0.79;0.61;0.61;0.26;-0.34;-0.90;0.06;-0.85;-1.22;0.33;-0.46;0.87;0.30;-0.43;0.24;0.21;0.38;0.90;0.37;-0.61;-0.24;-0.08;-0.38;0.96;1.04;0.12;1.59;-0.33;-0.91;0.38;-0.18;-0.18;0.30;-0.12;0.13;-0.98;0.37;0.43;-0.30;0.20;0.67;0.73;
-0.98;-0.24;0.06;-0.20;-0.04;-0.97;0.37;0.24;0.06;0.26;-0.34;-0.90;-0.06;-0.61;-0.91;0.33;-0.46;0.86;1.95;-0.30;-0.12;0.23;0.38;0.89;1.22;-0.43;0.18;-0.08;-0.38;0.96;6.77;-1.04;3.11;-0.32;-0.91;0.38;-0.06;0.06;0.18;-0.13;0.14;-0.98;0.24;0.12;-0.55;0.21;0.68;0.72;
-0.12;-0.12;0.00;-0.21;-0.03;-0.98;0.37;0.18;0.55;0.26;-0.33;-0.90;-0.12;-0.18;-0.91;0.33;-0.47;0.86;0.24;-0.49;0.43;0.21;0.38;0.89;0.06;-0.24;0.18;-0.08;-0.38;0.96;1.22;-0.12;1.52;-0.32;-0.92;0.37;1.10;0.06;0.06;-0.12;0.12;-0.99;0.12;0.06;-0.37;0.21;0.67;0.72;
0.06;0.00;0.12;-0.21;-0.04;-0.98;0.24;0.37;0.49;0.27;-0.33;-0.90;0.00;-0.43;-0.85;0.33;-0.46;0.86;0.73;0.06;0.18;0.21;0.38;0.89;0.55;-0.18;0.24;-0.07;-0.38;0.96;-15.37;2.56;-8.29;-0.32;-0.92;0.34;0.06;-0.18;0.18;-0.12;0.13;-0.98;0.18;0.18;-0.85;0.21;0.68;0.73;
-1.46;-0.49;0.67;-0.20;-0.03;-0.97;-0.67;0.85;-0.18;0.27;-0.33;-0.89;-3.60;0.91;1.16;0.33;-0.46;0.87;0.61;-0.61;0.12;0.22;0.39;0.90;0.91;-0.49;0.18;-0.07;-0.38;0.96;7.74;0.12;6.04;-0.32;-0.92;0.35;-0.79;0.06;-0.24;-0.12;0.13;-0.98;0.43;-0.06;-0.30;0.20;0.68;0.72;
-0.91;0.00;-0.06;-0.20;-0.03;-0.97;0.18;-0.18;-0.06;0.26;-0.34;-0.90;0.43;-0.24;-1.10;0.33;-0.46;0.87;0.06;-0.49;0.49;0.21;0.39;0.89;0.18;-0.37;0.24;-0.08;-0.39;0.97;-2.07;2.01;1.46;-0.33;-0.91;0.39;-0.06;0.24;0.18;-0.13;0.13;-0.98;0.49;-0.30;-0.67;0.21;0.68;0.73;
-0.37;-0.12;0.18;-0.21;-0.04;-0.98;0.37;0.30;-0.24;0.27;-0.34;-0.90;-0.67;-0.61;-1.10;0.33;-0.46;0.86;0.18;-0.24;0.43;0.22;0.38;0.90;0.12;-0.12;0.67;-0.08;-0.37;0.97;-0.18;0.73;1.04;-0.33;-0.91;0.39;0.12;0.24;-0.43;-0.12;0.13;-0.98;0.43;-0.12;-0.67;0.20;0.67;0.71;
-0.18;-0.30;0.43;-0.21;-0.04;-0.98;0.49;0.37;0.37;0.26;-0.34;-0.89;0.06;-0.24;-1.10;0.33;-0.46;0.87;-0.18;-0.06;0.06;0.22;0.38;0.90;-0.18;-0.24;0.37;-0.08;-0.37;0.96;0.37;1.10;1.52;-0.33;-0.91;0.38;0.00;0.37;0.00;-0.12;0.15;-0.98;0.12;0.24;-0.61;0.21;0.68;0.72;
-1.22;-0.24;0.06;-0.20;-0.03;-0.98;0.79;0.24;0.30;0.26;-0.34;-0.90;0.12;-0.18;-1.71;0.33;-0.45;0.86;0.24;-0.30;-0.06;0.22;0.38;0.89;0.55;-0.55;0.18;-0.08;-0.38;0.97;0.98;0.18;1.71;-0.33;-0.91;0.38;-0.30;0.61;-0.18;-0.12;0.13;-0.98;0.24;0.24;-0.49;0.21;0.68;0.72;
-0.67;-0.43;0.67;-0.21;-0.03;-0.97;0.30;0.18;-0.06;0.26;-0.34;-0.89;-0.24;-0.24;-1.34;0.32;-0.46;0.87;0.55;-0.18;0.18;0.23;0.38;0.89;0.49;-0.37;-0.06;-0.08;-0.38;0.96;-0.67;0.67;1.95;-0.34;-0.90;0.39;0.06;-0.06;0.18;-0.12;0.13;-0.98;0.43;0.18;-0.67;0.20;0.68;0.73;
0.30;-0.55;-0.12;-0.20;-0.04;-0.97;0.37;0.06;0.73;0.26;-0.34;-0.90;-0.18;-0.73;-0.79;0.33;-0.45;0.87;0.12;-0.98;0.43;0.22;0.39;0.89;0.12;-0.55;0.73;-0.06;-0.37;0.96;-0.24;0.91;1.34;-0.33;-0.91;0.38;0.06;-0.24;0.55;-0.12;0.13;-0.97;-0.12;0.73;-0.30;0.20;0.68;0.72;
-0.49;-0.24;-0.06;-0.20;-0.03;-0.97;0.67;0.30;0.00;0.27;-0.34;-0.90;-0.12;-0.49;-0.55;0.33;-0.46;0.87;0.06;-0.61;0.00;0.22;0.37;0.90;-0.06;0.00;0.37;-0.07;-0.38;0.97;0.98;1.04;1.40;-0.33;-0.91;0.37;0.00;0.18;0.18;-0.12;0.13;-0.99;0.06;0.06;-0.55;0.21;0.67;0.73;
-0.37;-0.12;-0.06;-0.21;-0.04;-0.97;0.61;-0.30;0.06;0.26;-0.34;-0.91;0.24;-0.98;-0.98;0.33;-0.46;0.87;1.28;-0.37;0.06;0.22;0.38;0.89;0.06;-0.24;0.30;-0.08;-0.38;0.97;0.55;0.12;1.59;-0.33;-0.90;0.37;0.24;0.18;-0.12;-0.12;0.13;-0.98;0.06;-0.30;-0.49;0.21;0.67;0.72;
0.18;-0.18;0.12;-0.21;-0.03;-0.97;0.61;0.30;0.06;0.26;-0.33;-0.90;-0.06;-0.30;-1.22;0.33;-0.46;0.87;0.43;-0.37;0.12;0.22;0.39;0.90;0.18;-0.30;0.30;-0.08;-0.38;0.97;0.98;0.55;1.40;-0.33;-0.91;0.38;0.00;0.24;0.91;-0.12;0.14;-0.98;0.79;0.06;-0.43;0.21;0.68;0.73;
-0.06;-0.49;0.00;-0.20;-0.03;-0.97;0.49;0.06;0.18;0.26;-0.34;-0.90;-0.55;0.00;-0.18;0.33;-0.46;0.87;0.37;-0.49;-0.24;0.23;0.38;0.89;0.06;-0.30;0.61;-0.08;-0.37;0.96;-1.95;0.98;0.73;-0.32;-0.91;0.38;0.06;0.12;-0.06;-0.13;0.14;-0.98;0.37;0.12;-0.24;0.21;0.68;0.73;
-0.06;-0.12;0.12;-0.20;-0.03;-0.97;0.00;0.43;0.00;0.26;-0.34;-0.89;-0.12;-0.43;-1.40;0.33;-0.45;0.86;0.79;-0.55;-0.43;0.22;0.39;0.90;0.00;-0.43;0.37;-0.08;-0.38;0.97;2.07;-0.06;1.10;-0.33;-0.91;0.37;0.18;0.06;0.24;-0.12;0.13;-0.98;0.55;0.49;-0.18;0.21;0.68;0.74;
-0.37;-0.06;0.43;-0.21;-0.03;-0.98;0.06;-0.06;0.37;0.26;-0.34;-0.90;-0.06;0.12;-1.04;0.34;-0.47;0.88;0.43;-0.55;-0.24;0.21;0.38;0.90;0.37;-0.12;0.37;-0.08;-0.38;0.97;-1.22;0.98;1.28;-0.33;-0.90;0.38;0.55;0.06;0.12;-0.12;0.13;-0.98;0.12;-0.18;-0.37;0.20;0.67;0.72;
0.06;0.00;-0.30;-0.21;-0.03;-0.98;0.30;0.18;0.18;0.26;-0.33;-0.89;-0.12;-0.43;-1.22;0.33;-0.46;0.88;0.30;-0.98;0.00;0.22;0.38;0.89;0.55;-0.24;0.06;-0.08;-0.37;0.96;-0.61;1.04;0.79;-0.33;-0.93;0.35;0.30;0.12;-0.67;-0.12;0.12;-0.99;0.73;0.24;-0.49;0.20;0.68;0.73;
-0.49;0.18;0.12;-0.21;-0.04;-0.97;0.49;0.06;0.06;0.26;-0.35;-0.90;-0.37;-0.55;-0.24;0.32;-0.46;0.87;0.12;-0.24;0.24;0.22;0.38;0.90;0.37;-0.79;0.37;-0.08;-0.38;0.97;0.43;0.00;1.04;-0.32;-0.93;0.36;0.18;-0.06;-0.18;-0.12;0.13;-0.99;0.67;0.24;-0.55;0.20;0.68;0.73;
-0.12;-0.12;-0.18;-0.20;-0.03;-0.97;-0.06;-0.30;0.12;0.26;-0.33;-0.90;0.43;-0.24;-1.22;0.33;-0.46;0.87;0.49;-0.24;-0.12;0.22;0.38;0.89;0.18;-0.06;0.85;-0.08;-0.38;0.97;7.68;-1.46;9.21;-0.33;-0.91;0.35;0.12;0.30;0.24;-0.12;0.13;-0.98;0.37;-0.06;-0.61;0.20;0.68;0.73;
-0.18;0.18;-0.12;-0.21;-0.04;-0.96;0.00;0.12;-0.06;0.26;-0.34;-0.89;0.37;-0.12;-0.98;0.33;-0.46;0.86;0.37;-0.30;0.18;0.22;0.38;0.89;0.49;-0.18;0.30;-0.08;-0.38;0.96;0.55;1.04;1.89;-0.34;-0.90;0.38;-0.73;0.06;0.18;-0.12;0.14;-0.99;0.49;0.37;0.12;0.20;0.68;0.72;
-0.24;0.12;-0.30;-0.21;-0.03;-0.97;0.24;0.43;0.00;0.26;-0.34;-0.90;-0.06;0.00;-1.16;0.33;-0.46;0.87;0.30;-0.73;-0.06;0.22;0.38;0.89;0.30;-0.91;0.12;-0.07;-0.38;0.97;-0.30;1.16;0.98;-0.34;-0.91;0.37;-0.18;-0.30;-0.06;-0.13;0.14;-0.98;0.67;0.06;-0.91;0.20;0.68;0.72;
0.30;-0.67;-0.43;-0.20;-0.04;-0.98;0.55;-0.18;0.12;0.26;-0.34;-0.90;0.24;-0.43;-1.40;0.33;-0.46;0.87;0.91;-0.91;0.00;0.22;0.38;0.90;0.06;-0.12;0.43;-0.08;-0.37;0.96;-0.79;1.16;1.83;-0.33;-0.91;0.39;0.12;0.18;-0.06;-0.13;0.13;-0.98;0.55;-0.06;-0.61;0.21;0.68;0.73;
-0.24;-0.12;-0.18;-0.21;-0.03;-0.97;0.49;0.06;0.37;0.26;-0.34;-0.90;0.00;-0.37;-0.43;0.33;-0.46;0.87;0.73;0.00;0.06;0.22;0.39;0.91;0.73;-0.30;0.73;-0.08;-0.38;0.96;-0.98;0.37;1.77;-0.33;-0.90;0.39;0.24;0.12;0.12;-0.11;0.13;-0.98;0.06;-0.12;0.00;0.21;0.68;0.73;
-0.37;-0.18;-0.49;-0.21;-0.03;-0.97;0.12;0.30;0.61;0.26;-0.33;-0.90;0.00;-0.12;-1.28;0.33;-0.46;0.87;0.24;-0.49;0.24;0.22;0.38;0.89;-0.24;-0.30;0.37;-0.08;-0.38;0.96;-0.55;0.67;1.40;-0.34;-0.91;0.38;0.24;0.00;0.37;-0.12;0.13;-0.98;0.61;-0.12;-0.49;0.21;0.67;0.72;
-0.30;0.12;-0.18;-0.21;-0.03;-0.97;0.24;-0.12;0.12;0.25;-0.34;-0.90;-0.18;-0.43;-0.98;0.33;-0.46;0.87;0.37;-0.37;0.12;0.21;0.38;0.90;0.30;-0.67;0.06;-0.07;-0.38;0.97;-3.29;1.65;1.59;-0.34;-0.90;0.38;0.00;0.18;0.18;-0.13;0.13;-0.98;-0.18;-0.06;-0.43;0.20;0.67;0.73;
-0.30;-0.24;0.12;-0.20;-0.03;-0.96;0.37;0.18;0.12;0.26;-0.34;-0.89;0.30;-0.18;-1.22;0.33;-0.47;0.87;0.18;-0.06;-0.12;0.22;0.38;0.89;0.49;0.00;0.37;-0.07;-0.37;0.97;0.91;1.16;1.71;-0.34;-0.90;0.38;-0.06;-0.06;0.06;-0.12;0.13;-0.98;0.18;-0.18;-0.55;0.21;0.68;0.73;
-0.61;0.49;0.37;-0.21;-0.04;-0.98;0.37;0.00;0.18;0.26;-0.34;-0.89;-0.43;-0.37;-0.85;0.33;-0.45;0.87;0.37;-1.10;0.06;0.21;0.39;0.89;0.24;-0.24;0.67;-0.09;-0.37;0.97;-0.43;0.18;0.79;-0.34;-0.92;0.36;0.00;-0.06;0.30;-0.12;0.14;-0.97;0.85;-0.06;-0.49;0.22;0.67;0.73;
-0.73;0.12;-0.06;-0.22;-0.03;-0.97;0.61;0.30;-0.24;0.26;-0.34;-0.90;-0.73;-0.49;-1.10;0.33;-0.46;0.87;0.00;-0.37;-0.12;0.22;0.38;0.90;-0.18;-0.37;0.18;-0.07;-0.38;0.97;-4.39;0.00;2.26;-0.33;-0.91;0.37;0.00;-0.06;-0.18;-0.12;0.13;-0.98;0.12;0.12;-0.67;0.21;0.67;0.72;
0.12;-0.24;-0.30;-0.22;-0.04;-0.96;0.24;0.12;0.18;0.26;-0.34;-0.91;0.43;0.24;-0.24;0.33;-0.46;0.87;0.12;-0.30;0.12;0.22;0.38;0.89;0.18;-0.49;0.06;-0.08;-0.37;0.96;-1.65;-2.01;1.77;-0.31;-0.91;0.35;0.55;0.18;0.00;-0.12;0.13;-0.98;0.24;0.30;-0.79;0.20;0.68;0.73;
0.00;-0.06;0.06;-0.21;-0.04;-0.97;0.00;0.06;0.18;0.26;-0.34;-0.90;-0.73;-0.61;-0.61;0.33;-0.45;0.87;0.85;-0.73;-0.06;0.22;0.38;0.90;0.06;-0.18;0.24;-0.08;-0.37;0.96;-1.83;-0.55;3.72;-0.36;-0.92;0.38;0.55;0.24;0.24;-0.13;0.13;-0.99;-0.61;-0.37;-0.61;0.21;0.67;0.72;
-0.18;-0.30;-0.30;-0.20;-0.03;-0.97;0.43;0.85;0.12;0.26;-0.34;-0.91;0.73;0.12;-0.91;0.33;-0.46;0.87;0.24;-0.37;-0.30;0.21;0.39;0.90;0.43;-0.30;0.00;-0.08;-0.38;0.96;-3.54;-0.12;2.87;-0.34;-0.91;0.37;0.49;0.00;-0.30;-0.13;0.13;-0.97;0.37;0.12;-0.55;0.21;0.67;0.73;
-0.43;0.00;-0.18;-0.21;-0.04;-0.97;0.43;0.37;0.00;0.26;-0.32;-0.91;-0.12;-0.49;-0.61;0.33;-0.46;0.86;0.37;-0.55;0.24;0.22;0.38;0.90;0.30;-0.91;0.30;-0.07;-0.37;0.97;-0.37;0.73;0.85;-0.34;-0.91;0.37;-0.37;0.18;-0.24;-0.12;0.14;-0.98;0.73;-0.37;-0.49;0.20;0.68;0.72;
0.00;-0.24;-0.30;-0.22;-0.04;-0.97;0.00;0.30;0.18;0.27;-0.34;-0.90;-1.65;0.00;-0.55;0.33;-0.46;0.87;0.85;-0.61;-0.06;0.23;0.38;0.90;-0.18;-0.37;0.43;-0.08;-0.38;0.97;-2.13;0.24;2.26;-0.35;-0.91;0.39;0.12;-0.12;0.00;-0.12;0.14;-0.99;0.00;-0.18;-0.67;0.21;0.68;0.72;
-0.06;0.12;0.24;-0.20;-0.03;-0.97;0.49;0.18;0.37;0.26;-0.34;-0.90;0.61;-0.55;-1.16;0.33;-0.46;0.86;0.30;-0.18;0.24;0.22;0.38;0.89;0.30;-0.18;0.37;-0.08;-0.38;0.98;-0.37;0.85;1.22;-0.33;-0.91;0.37;0.49;0.06;-0.37;-0.12;0.13;-0.97;0.49;-0.24;-1.04;0.21;0.68;0.73;
-0.49;-0.37;-0.12;-0.21;-0.03;-0.98;0.37;0.37;0.24;0.26;-0.34;-0.90;0.61;-0.67;-0.91;0.33;-0.45;0.87;0.67;-0.49;0.00;0.22;0.39;0.89;0.18;-0.49;0.30;-0.07;-0.38;0.96;0.24;0.61;1.04;-0.33;-0.91;0.37;0.37;0.06;0.00;-0.12;0.14;-0.98;0.55;0.37;-0.24;0.21;0.68;0.72;
-0.30;0.06;0.12;-0.20;-0.03;-0.98;0.06;0.06;0.24;0.26;-0.33;-0.91;0.06;-0.37;-0.61;0.33;-0.46;0.87;0.30;-0.61;-0.12;0.22;0.38;0.90;0.18;-0.55;0.43;-0.06;-0.37;0.97;0.37;0.18;1.46;-0.33;-0.91;0.37;0.18;0.49;0.18;-0.12;0.12;-0.98;0.73;-0.18;-0.24;0.20;0.68;0.73;
-0.12;-0.30;0.49;-0.21;-0.03;-0.97;0.37;0.43;-0.12;0.26;-0.34;-0.90;0.18;0.00;-0.73;0.33;-0.46;0.87;0.55;-0.37;-0.18;0.22;0.38;0.89;0.30;-0.18;0.37;-0.06;-0.38;0.97;1.28;0.00;1.65;-0.34;-0.91;0.37;0.37;-0.06;0.30;-0.13;0.13;-0.99;0.49;0.12;-0.73;0.21;0.68;0.73;
0.00;-0.49;-0.30;-0.20;-0.04;-0.97;0.30;0.24;0.12;0.27;-0.34;-0.90;-0.12;-0.37;-0.67;0.33;-0.45;0.88;0.24;-0.79;0.00;0.22;0.38;0.90;0.49;-0.61;0.43;-0.07;-0.37;0.95;0.30;0.55;2.01;-0.34;-0.90;0.38;0.18;0.00;-0.30;-0.12;0.13;-0.99;0.91;0.61;-0.24;0.20;0.68;0.73;
-1.16;-0.37;-0.12;-0.21;-0.03;-0.97;0.49;0.49;-0.06;0.26;-0.34;-0.90;-0.43;-0.37;-1.04;0.32;-0.46;0.87;0.61;-0.37;0.30;0.22;0.38;0.89;0.37;-0.30;0.00;-0.07;-0.38;0.97;-0.61;0.67;1.71;-0.33;-0.90;0.37;0.24;-0.06;0.06;-0.12;0.14;-0.97;0.67;-0.12;-0.73;0.20;0.68;0.73;
0.12;-0.06;-0.12;-0.21;-0.04;-0.97;0.73;-0.37;0.37;0.26;-0.34;-0.90;-0.12;-0.37;-0.61;0.33;-0.46;0.87;0.00;-0.24;-0.06;0.22;0.38;0.89;0.18;-0.18;-0.30;-0.08;-0.37;0.97;0.00;0.98;1.04;-0.34;-0.91;0.37;0.55;0.67;-0.18;-0.13;0.13;-0.98;-0.12;-0.12;0.00;0.20;0.68;0.73;
-0.24;-0.37;0.24;-0.20;-0.03;-0.98;0.18;0.43;0.24;0.26;-0.34;-0.90;0.18;-0.43;-0.91;0.33;-0.45;0.87;0.73;-0.37;-0.06;0.22;0.38;0.89;0.30;-0.37;0.06;-0.07;-0.37;0.97;0.49;1.46;1.59;-0.33;-0.90;0.37;0.12;0.24;0.00;-0.12;0.14;-0.98;0.73;0.24;-0.43;0.20;0.67;0.72;
-1.40;0.06;-0.12;-0.21;-0.03;-0.97;0.91;0.24;0.24;0.26;-0.34;-0.90;0.12;-0.67;-0.98;0.33;-0.47;0.88;-0.37;-0.61;-0.06;0.22;0.38;0.90;0.49;-0.24;0.55;-0.07;-0.38;0.96;4.70;0.12;1.46;-0.31;-0.93;0.35;-0.24;-0.61;-0.06;-0.13;0.13;-0.98;0.06;-0.12;0.06;0.20;0.68;0.74;
0.24;-0.73;-1.65;-0.21;-0.05;-0.97;0.49;0.06;0.18;0.27;-0.34;-0.91;-0.79;-1.04;-1.10;0.33;-0.46;0.87;-0.61;-0.85;-0.24;0.22;0.38;0.89;0.49;-0.37;0.30;-0.07;-0.37;0.97;-0.79;1.77;0.91;-0.33;-0.91;0.39;-0.24;0.12;0.06;-0.12;0.13;-0.99;0.43;-0.06;-0.49;0.21;0.68;0.72;
0.30;-0.06;0.12;-0.21;-0.03;-0.96;0.43;0.18;0.55;0.26;-0.34;-0.90;0.06;-0.91;-0.55;0.33;-0.46;0.86;0.37;-0.37;0.30;0.21;0.38;0.89;-0.12;-0.30;0.18;-0.07;-0.37;0.97;-1.04;1.10;1.59;-0.33;-0.90;0.40;0.49;-0.06;-0.24;-0.13;0.13;-0.99;0.06;-0.30;-0.37;0.20;0.68;0.72;
0.00;-0.67;0.18;-0.22;-0.03;-0.98;0.37;0.61;0.00;0.26;-0.34;-0.90;0.06;-0.06;-0.37;0.33;-0.46;0.87;0.73;-0.24;-0.18;0.22;0.38;0.89;-0.24;-0.55;0.12;-0.07;-0.38;0.96;-2.50;2.93;0.61;-0.34;-0.91;0.40;-0.67;-0.06;-0.12;-0.13;0.13;-0.98;0.06;0.12;-0.61;0.20;0.68;0.73;
1.59;0.37;-0.98;-0.20;-0.04;-0.99;1.28;0.00;0.49;0.26;-0.34;-0.90;0.49;-0.37;-1.10;0.32;-0.46;0.87;-0.43;-0.12;0.49;0.22;0.39;0.90;0.61;-0.79;-0.18;-0.07;-0.37;0.95;-1.10;-0.73;1.46;-0.36;-0.89;0.40;0.49;-0.12;-0.24;-0.13;0.13;-0.98;0.43;-0.37;-0.61;0.20;0.68;0.73;
-0.73;-0.06;0.00;-0.20;-0.03;-0.97;0.30;0.30;0.30;0.26;-0.34;-0.89;0.30;-0.43;-0.91;0.33;-0.47;0.87;-0.37;-0.30;0.43;0.22;0.39;0.89;0.55;-0.18;0.24;-0.08;-0.38;0.97;2.38;-1.77;0.37;-0.36;-0.91;0.39;0.00;0.49;0.18;-0.13;0.14;-0.98;0.30;-0.24;-0.12;0.21;0.67;0.74;
0.24;-0.49;-0.61;-0.21;-0.04;-0.97;1.16;0.37;0.24;0.26;-0.34;-0.90;0.12;-0.18;-1.10;0.32;-0.46;0.87;0.30;-0.37;-0.12;0.22;0.39;0.89;0.37;-0.18;0.43;-0.08;-0.38;0.97;-0.37;-2.01;3.60;-0.34;-0.90;0.37;0.18;0.06;0.12;-0.12;0.13;-0.98;0.12;0.55;-0.91;0.21;0.68;0.73;
-0.43;-0.43;0.12;-0.20;-0.03;-0.98;0.49;0.18;0.24;0.27;-0.34;-0.90;0.24;-0.18;-0.37;0.33;-0.46;0.87;0.79;0.06;0.43;0.22;0.39;0.89;-0.30;-0.18;0.24;-0.07;-0.37;0.97;-1.71;1.16;3.48;-0.33;-0.93;0.35;-0.24;0.12;0.00;-0.12;0.14;-0.98;0.37;0.24;-0.43;0.20;0.67;0.73;
-0.73;-0.18;0.00;-0.21;-0.03;-0.97;0.61;0.06;-0.06;0.26;-0.34;-0.90;0.37;-0.61;-1.34;0.32;-0.46;0.87;0.55;-0.61;-0.18;0.22;0.38;0.90;0.00;-0.30;0.24;-0.07;-0.36;0.96;-17.50;4.27;0.85;-0.37;-0.90;0.37;-0.30;-0.12;-0.30;-0.12;0.14;-0.97;0.73;0.18;-0.67;0.21;0.68;0.72;
-0.06;-0.55;-0.06;-0.20;-0.04;-0.97;0.30;0.18;0.24;0.26;-0.34;-0.90;0.37;-0.43;-0.91;0.33;-0.46;0.86;0.30;-0.18;0.18;0.22;0.39;0.89;0.00;-0.18;0.18;-0.08;-0.37;0.96;-0.61;4.21;1.65;-0.35;-0.89;0.40;0.18;-0.06;-0.55;-0.13;0.14;-0.98;0.43;0.18;-1.04;0.21;0.67;0.73;
-0.12;-0.49;0.30;-0.21;-0.03;-0.97;0.61;-0.43;0.18;0.26;-0.34;-0.91;-0.12;-0.79;-0.73;0.33;-0.46;0.86;0.24;-0.61;0.24;0.21;0.38;0.90;-0.18;-0.24;0.61;-0.08;-0.38;0.96;2.87;0.79;0.85;-0.33;-0.91;0.38;-0.24;-0.18;0.24;-0.13;0.12;-0.98;0.43;0.24;-0.49;0.21;0.67;0.72;
0.24;0.00;-0.18;-0.21;-0.03;-0.98;0.61;0.61;0.00;0.26;-0.34;-0.90;-0.18;-0.30;-1.34;0.33;-0.46;0.87;0.91;-0.06;-0.24;0.22;0.38;0.90;0.61;-0.37;0.18;-0.06;-0.37;0.97;1.28;2.26;-2.20;-0.31;-0.90;0.37;0.18;0.00;-0.06;-0.13;0.13;-0.98;0.06;-0.18;-0.61;0.20;0.67;0.73;
-0.43;0.12;0.12;-0.20;-0.04;-0.98;0.24;0.37;0.06;0.27;-0.33;-0.89;0.12;-0.55;-0.91;0.32;-0.46;0.87;-0.61;-0.37;0.00;0.22;0.39;0.90;0.55;-0.79;0.61;-0.08;-0.37;0.96;-0.61;0.85;1.89;-0.34;-0.90;0.38;0.06;0.24;0.12;-0.11;0.13;-0.98;0.61;0.00;-0.30;0.20;0.68;0.72;
-0.85;-0.18;0.43;-0.21;-0.03;-0.97;0.55;0.73;-0.24;0.26;-0.33;-0.91;0.12;-0.49;-0.67;0.32;-0.47;0.87;0.73;-0.85;-0.12;0.22;0.38;0.90;0.43;-0.67;0.24;-0.07;-0.38;0.96;0.79;0.43;0.98;-0.34;-0.89;0.39;0.43;-0.06;-0.12;-0.13;0.13;-0.98;0.00;-0.37;-0.37;0.21;0.68;0.73;
-0.24;0.06;0.30;-0.22;-0.04;-0.98;0.43;0.30;0.00;0.26;-0.34;-0.89;0.12;-0.55;-0.98;0.32;-0.47;0.87;0.37;-0.73;0.37;0.22;0.39;0.90;0.24;-0.24;0.30;-0.08;-0.37;0.96;0.67;0.55;1.52;-0.34;-0.90;0.38;0.00;0.18;-0.06;-0.13;0.13;-0.99;0.30;0.30;-0.30;0.20;0.68;0.73;
-0.06;-0.37;0.12;-0.21;-0.04;-0.98;0.37;-0.06;0.00;0.27;-0.33;-0.90;0.43;-0.43;-1.52;0.32;-0.47;0.87;0.00;-0.37;0.00;0.22;0.39;0.89;0.06;-0.43;0.30;-0.07;-0.38;0.97;1.59;0.00;0.12;-0.36;-0.89;0.36;0.00;-0.49;-0.12;-0.12;0.13;-0.97;0.55;-0.06;-0.61;0.21;0.68;0.73;
0.91;-0.06;-0.24;-0.20;-0.04;-0.97;-0.06;0.06;0.24;0.26;-0.34;-0.91;0.49;0.12;-0.73;0.32;-0.46;0.87;0.43;0.12;-0.12;0.22;0.39;0.90;0.55;-0.37;-0.18;-0.07;-0.37;0.97;-3.23;0.79;2.93;-0.35;-0.90;0.39;0.06;0.18;-0.55;-0.12;0.13;-0.98;0.06;0.06;-0.67;0.20;0.67;0.73;
-1.28;0.18;0.49;-0.21;-0.03;-0.96;0.73;-0.30;0.24;0.26;-0.34;-0.90;0.06;-0.67;-1.28;0.32;-0.47;0.86;0.49;-0.06;0.43;0.22;0.38;0.89;0.06;-0.24;-0.24;-0.07;-0.38;0.96;3.90;-2.38;4.33;-0.36;-0.90;0.38;0.18;-0.12;0.12;-0.12;0.14;-0.98;0.18;0.00;-0.43;0.21;0.67;0.72;
-0.12;-0.06;-0.30;-0.22;-0.04;-0.97;0.18;0.30;0.79;0.27;-0.34;-0.90;-0.24;-0.43;-1.40;0.32;-0.46;0.87;0.73;-0.12;0.12;0.22;0.39;0.90;0.18;-0.18;0.43;-0.07;-0.38;0.97;-0.55;1.83;2.01;-0.35;-0.89;0.40;-0.12;-0.06;0.00;-0.12;0.14;-0.99;0.67;-0.55;-0.79;0.20;0.68;0.73;
-0.73;-0.43;-0.30;-0.21;-0.03;-0.97;0.67;0.43;0.30;0.27;-0.34;-0.90;0.00;-0.67;-1.40;0.32;-0.46;0.87;0.18;-0.85;0.30;0.21;0.38;0.89;0.24;0.18;0.30;-0.08;-0.38;0.97;-6.28;1.95;0.43;-0.38;-0.87;0.38;0.30;0.06;-0.12;-0.12;0.14;-0.98;0.12;0.30;-0.43;0.21;0.68;0.74;
-0.43;0.24;-0.06;-0.21;-0.04;-0.97;0.12;0.00;0.18;0.26;-0.33;-0.91;-0.12;-0.55;-0.91;0.32;-0.46;0.87;0.18;-0.12;0.12;0.21;0.39;0.89;0.06;-0.49;0.37;-0.08;-0.37;0.96;-0.85;-0.49;2.44;-0.35;-0.89;0.36;0.06;-0.06;0.00;-0.12;0.13;-0.98;0.30;0.00;-0.12;0.20;0.68;0.72;
-0.24;0.00;0.06;-0.20;-0.04;-0.97;0.49;-0.24;0.37;0.26;-0.34;-0.90;-0.18;-0.37;-1.59;0.32;-0.47;0.87;0.30;-0.30;-0.43;0.21;0.38;0.89;0.49;-0.30;0.24;-0.08;-0.38;0.97;0.73;1.16;1.28;-0.36;-0.90;0.38;0.00;-0.18;-0.18;-0.12;0.14;-0.98;0.18;0.49;-0.43;0.20;0.68;0.72;
-0.24;-0.06;0.24;-0.20;-0.04;-0.98;0.30;0.24;0.61;0.26;-0.35;-0.90;-0.49;-0.18;-1.16;0.32;-0.47;0.86;0.24;-0.43;0.18;0.22;0.38;0.90;-0.49;-0.79;0.49;-0.07;-0.37;0.96;-0.55;0.67;1.71;-0.36;-0.90;0.39;0.18;-0.18;0.24;-0.13;0.13;-0.98;0.06;0.30;-0.79;0.21;0.68;0.73;
-0.12;-0.12;-0.06;-0.20;-0.04;-0.98;0.55;-0.12;0.12;0.26;-0.34;-0.90;0.37;-0.73;-1.28;0.32;-0.47;0.87;0.49;-0.06;-0.37;0.22;0.39;0.90;0.12;-0.43;0.43;-0.07;-0.37;0.97;-7.26;2.74;2.32;-0.37;-0.89;0.39;0.30;-0.12;-0.30;-0.12;0.14;-0.98;0.67;0.24;-0.85;0.20;0.68;0.73;
-0.79;-0.06;-0.12;-0.21;-0.04;-0.97;0.43;0.00;0.06;0.26;-0.34;-0.90;-0.18;-0.30;-1.28;0.33;-0.47;0.87;0.49;-0.30;0.18;0.22;0.39;0.89;0.24;-0.12;0.30;-0.07;-0.38;0.96;1.89;-0.24;4.94;-0.38;-0.88;0.41;0.12;0.12;-0.12;-0.12;0.13;-0.98;0.49;-0.12;-0.55;0.21;0.68;0.72;
0.37;0.18;0.30;-0.21;-0.04;-0.98;-0.49;0.18;-0.06;0.27;-0.34;-0.90;2.62;0.00;-2.01;0.34;-0.49;0.87;-0.49;0.73;0.06;0.21;0.39;0.89;0.18;0.37;0.49;-0.08;-0.38;0.97;-4.27;2.44;1.10;-0.34;-0.92;0.33;0.55;0.18;-0.06;-0.12;0.13;-0.98;0.79;0.06;-0.06;0.21;0.68;0.73;
-0.30;-0.24;-0.49;-0.21;-0.03;-0.97;0.61;0.00;0.30;0.25;-0.34;-0.90;0.12;-0.85;-0.85;0.33;-0.46;0.87;0.37;-0.61;-0.49;0.22;0.39;0.88;0.43;-0.49;0.06;-0.07;-0.38;0.97;-3.96;4.94;-4.27;-0.38;-0.86;0.40;0.06;-0.06;0.12;-0.12;0.14;-0.98;-0.30;-0.12;-0.49;0.20;0.68;0.73;
-1.04;-0.37;0.18;-0.20;-0.04;-0.97;0.49;-0.18;0.37;0.26;-0.34;-0.90;-0.49;-0.43;-0.85;0.32;-0.47;0.87;0.18;-0.55;0.12;0.22;0.38;0.89;0.18;-0.43;0.30;-0.07;-0.38;0.97;4.82;-0.61;2.07;-0.34;-0.90;0.38;0.18;-0.18;0.12;-0.12;0.13;-0.98;0.18;0.30;-0.12;0.21;0.68;0.73;
-0.79;0.18;0.49;-0.20;-0.03;-0.98;0.24;0.67;0.37;0.26;-0.33;-0.90;-0.06;-0.49;-1.28;0.32;-0.47;0.88;0.55;-0.49;0.37;0.22;0.38;0.90;0.30;-0.49;0.06;-0.07;-0.38;0.96;0.67;0.37;3.17;-0.36;-0.91;0.38;0.24;0.06;0.12;-0.11;0.14;-0.98;0.12;0.18;-0.49;0.22;0.67;0.74;
-0.37;0.06;-0.06;-0.21;-0.05;-0.97;0.30;0.18;0.24;0.27;-0.33;-0.90;0.12;-0.24;-1.04;0.31;-0.47;0.87;0.85;-0.43;-0.12;0.22;0.38;0.90;0.37;-0.85;0.43;-0.07;-0.37;0.97;-5.37;0.79;1.04;-0.35;-0.91;0.38;0.49;0.24;0.00;-0.13;0.14;-0.98;0.06;-0.12;-0.06;0.20;0.67;0.74;
-0.55;-0.12;-0.06;-0.21;-0.04;-0.97;0.49;0.43;0.18;0.26;-0.34;-0.91;-0.18;-0.12;-1.10;0.31;-0.46;0.86;0.24;-0.43;0.06;0.23;0.38;0.89;0.37;0.00;-0.24;-0.08;-0.37;0.97;-0.79;3.23;-1.04;-0.36;-0.90;0.38;-0.06;0.00;-0.24;-0.12;0.13;-0.99;0.73;0.12;-0.67;0.21;0.68;0.73;
-0.30;-0.12;0.24;-0.21;-0.03;-0.97;0.24;-0.24;-0.06;0.26;-0.34;-0.90;0.37;-0.37;-0.73;0.32;-0.46;0.87;0.30;-0.37;0.00;0.21;0.38;0.91;0.37;-0.18;0.12;-0.08;-0.37;0.95;1.16;-0.61;3.66;-0.37;-0.89;0.39;-0.24;0.18;-0.24;-0.12;0.13;-0.98;0.49;0.30;-0.55;0.20;0.67;0.73;
-0.37;-0.12;0.24;-0.21;-0.04;-0.97;0.37;-0.12;0.37;0.26;-0.33;-0.90;-0.24;-0.67;-0.98;0.32;-0.46;0.87;0.24;-0.49;0.24;0.22;0.38;0.89;0.24;-0.24;0.12;-0.07;-0.38;0.97;2.07;4.39;0.00;-0.35;-0.89;0.39;0.18;-0.24;-0.12;-0.12;0.13;-0.98;0.61;0.18;-0.49;0.21;0.68;0.73;
-0.12;-0.37;-0.06;-0.21;-0.04;-0.97;0.43;0.18;0.37;0.26;-0.33;-0.90;-0.12;0.98;-1.52;0.31;-0.46;0.88;0.55;-0.49;0.06;0.23;0.39;0.89;0.18;-0.79;0.73;-0.07;-0.37;0.96;-1.28;-1.34;2.68;-0.36;-0.90;0.37;0.12;0.06;0.12;-0.12;0.14;-0.98;-0.24;-0.43;-0.49;0.21;0.67;0.73;
0.00;-0.30;-0.12;-0.21;-0.04;-0.98;0.61;0.06;0.12;0.26;-0.34;-0.90;0.06;-0.12;-1.10;0.32;-0.46;0.87;0.67;-0.49;0.55;0.22;0.39;0.90;0.37;-0.37;0.00;-0.07;-0.37;0.96;12.87;-3.78;6.22;-0.36;-0.89;0.39;0.06;-0.30;-0.18;-0.12;0.13;-0.98;0.06;-0.12;-0.37;0.21;0.67;0.72;
-0.85;-0.18;0.00;-0.21;-0.04;-0.97;0.49;1.04;0.24;0.26;-0.34;-0.90;-0.49;-0.43;-1.40;0.31;-0.47;0.87;0.30;-0.43;-0.30;0.22;0.38;0.90;0.49;-0.37;0.37;-0.07;-0.38;0.96;-16.83;6.65;-6.52;-0.34;-0.88;0.41;-0.24;0.06;0.06;-0.12;0.13;-0.99;0.12;0.06;-0.06;0.20;0.68;0.73;
0.24;0.00;-0.30;-0.21;-0.03;-0.97;0.43;0.00;-0.06;0.27;-0.34;-0.90;-0.30;-0.18;-1.10;0.32;-0.47;0.86;0.49;-0.30;-0.06;0.22;0.38;0.90;-0.18;-0.43;-0.30;-0.07;-0.37;0.96;33.72;-10.98;9.57;-0.34;-0.92;0.39;-0.06;-0.73;0.24;-0.13;0.14;-0.98;0.61;-0.18;-0.37;0.21;0.69;0.72;
0.61;-0.12;-0.18;-0.21;-0.04;-0.98;0.55;-0.06;-0.30;0.26;-0.34;-0.90;0.18;-0.30;-0.91;0.31;-0.46;0.87;0.55;-0.37;0.00;0.21;0.39;0.89;0.24;0.00;0.67;-0.07;-0.38;0.96;-34.09;12.56;-6.10;-0.36;-0.89;0.42;0.06;-0.06;0.24;-0.12;0.13;-0.98;0.18;-0.06;-0.30;0.20;0.68;0.73;
0.55;-0.30;-0.12;-0.21;-0.04;-0.97;0.37;0.55;0.12;0.26;-0.34;-0.90;0.30;-0.18;-0.91;0.32;-0.46;0.87;0.43;-0.49;-0.18;0.22;0.39;0.89;0.24;-0.30;0.37;-0.08;-0.37;0.97;27.38;-10.00;9.57;-0.35;-0.87;0.40;-0.06;0.24;-0.24;-0.12;0.14;-0.98;0.30;-0.24;-0.79;0.20;0.68;0.73;
-0.43;0.00;0.00;-0.21;-0.04;-0.97;0.24;0.49;0.06;0.25;-0.34;-0.90;0.61;-0.18;-0.91;0.32;-0.47;0.87;0.24;-0.55;-0.12;0.21;0.38;0.90;0.55;-0.30;0.06;-0.08;-0.38;0.96;-17.32;5.61;-0.91;-0.34;-0.91;0.37;0.12;-0.06;0.12;-0.12;0.13;-0.99;0.43;0.30;-0.61;0.21;0.67;0.73;
-0.06;0.30;-0.24;-0.21;-0.03;-0.98;0.30;0.49;0.30;0.26;-0.34;-0.90;-0.06;-0.37;-1.40;0.32;-0.47;0.87;0.43;-0.18;0.24;0.21;0.39;0.90;-0.12;-0.24;0.30;-0.07;-0.38;0.97;-2.50;1.10;0.43;-0.36;-0.89;0.37;-0.43;0.00;-0.18;-0.12;0.13;-0.99;0.30;0.24;-0.85;0.20;0.67;0.73;
-0.12;-0.06;-0.12;-0.21;-0.04;-0.98;0.73;-0.18;0.43;0.26;-0.33;-0.90;0.18;-0.49;-1.10;0.32;-0.47;0.86;0.61;-0.30;0.43;0.22;0.38;0.89;0.00;-0.12;0.18;-0.09;-0.38;0.97;-0.85;0.91;1.22;-0.35;-0.89;0.38;0.18;-0.18;-0.06;-0.12;0.13;-0.98;0.49;0.30;-0.24;0.20;0.68;0.71;
-0.24;-0.55;-0.18;-0.20;-0.04;-0.97;0.79;-0.55;0.49;0.26;-0.34;-0.90;-0.49;-0.37;-0.79;0.32;-0.47;0.87;0.73;-0.30;0.00;0.21;0.38;0.89;0.30;-0.43;0.24;-0.08;-0.37;0.97;-0.91;0.55;1.71;-0.35;-0.90;0.37;-0.49;0.24;-0.43;-0.12;0.13;-0.98;0.73;0.55;-0.43;0.20;0.68;0.73;
-0.12;0.00;-0.06;-0.20;-0.04;-0.97;1.04;-0.12;-0.12;0.26;-0.34;-0.91;0.00;-0.37;-0.85;0.32;-0.48;0.87;0.67;-0.55;0.00;0.22;0.39;0.89;0.18;-0.24;-0.18;-0.07;-0.38;0.96;1.71;0.67;1.77;-0.36;-0.90;0.37;0.61;0.37;0.18;-0.13;0.13;-0.98;-0.06;-0.24;0.00;0.21;0.68;0.74;
-0.43;0.06;-0.06;-0.21;-0.04;-0.97;0.12;0.18;-0.30;0.26;-0.34;-0.90;0.18;-0.37;-1.10;0.31;-0.46;0.87;0.18;-0.49;-0.12;0.22;0.39;0.89;0.00;-0.55;0.49;-0.07;-0.37;0.97;0.98;-0.24;1.59;-0.36;-0.90;0.38;0.06;0.00;0.18;-0.12;0.13;-0.99;-0.06;0.00;-0.43;0.21;0.68;0.73;
-0.37;-0.24;0.06;-0.21;-0.04;-0.96;0.67;0.24;-0.12;0.26;-0.34;-0.90;0.24;-0.61;-1.22;0.32;-0.46;0.87;0.37;-0.06;0.12;0.23;0.38;0.90;0.24;-0.24;0.37;-0.08;-0.38;0.97;-1.83;0.61;0.79;-0.35;-0.89;0.37;0.24;0.98;-0.12;-0.12;0.13;-0.97;0.67;0.06;-0.37;0.21;0.68;0.73;
-0.24;-0.24;0.67;-0.20;-0.03;-0.97;0.49;0.61;-0.06;0.26;-0.33;-0.90;0.00;-0.67;-1.40;0.33;-0.46;0.87;0.30;-0.18;0.06;0.22;0.38;0.90;0.24;-0.67;0.55;-0.07;-0.37;0.96;-2.38;1.46;1.77;-0.35;-0.90;0.37;-0.30;0.61;0.06;-0.11;0.13;-0.98;0.43;0.12;-0.55;0.20;0.68;0.73;
-0.91;0.00;-0.24;-0.21;-0.04;-0.98;0.37;0.18;0.06;0.26;-0.33;-0.91;0.18;-0.30;-1.46;0.32;-0.47;0.87;0.37;-0.61;-0.24;0.21;0.39;0.90;0.00;-0.55;0.12;-0.08;-0.37;0.97;0.98;0.49;1.46;-0.35;-0.90;0.37;0.18;0.55;0.18;-0.12;0.14;-0.98;0.43;0.00;0.06;0.21;0.68;0.73;
-0.24;0.00;0.12;-0.21;-0.04;-0.98;0.67;0.73;0.12;0.26;-0.34;-0.90;-0.06;-0.12;-1.22;0.32;-0.47;0.86;0.43;-0.12;0.12;0.22;0.38;0.90;0.18;-0.18;0.30;-0.07;-0.37;0.97;-0.24;1.28;1.34;-0.36;-0.90;0.38;0.43;0.12;0.06;-0.12;0.14;-0.98;1.22;0.24;-0.30;0.20;0.68;0.74;
0.12;-0.55;0.18;-0.20;-0.03;-0.97;0.49;0.30;0.37;0.25;-0.33;-0.91;0.12;-0.61;-0.91;0.31;-0.47;0.87;0.98;-0.55;-0.12;0.22;0.38;0.90;0.18;-0.61;0.43;-0.07;-0.38;0.97;-0.30;0.73;1.46;-0.35;-0.90;0.37;0.18;0.30;0.30;-0.12;0.13;-0.98;0.12;-0.18;-0.67;0.21;0.68;0.72;
-0.18;-0.24;0.00;-0.21;-0.04;-0.96;0.43;0.18;-0.18;0.26;-0.34;-0.91;0.06;-0.37;-0.67;0.31;-0.46;0.87;-0.24;-0.67;0.18;0.22;0.39;0.90;0.18;-0.24;0.43;-0.07;-0.37;0.96;0.67;0.18;0.61;-0.35;-0.91;0.37;0.12;-0.24;-0.24;-0.13;0.13;-0.97;0.37;-0.61;-0.79;0.20;0.68;0.74;
-0.30;-0.12;0.12;-0.20;-0.03;-0.97;0.37;-0.06;0.37;0.26;-0.34;-0.90;-0.24;-0.12;-1.40;0.32;-0.47;0.86;0.49;-0.37;0.18;0.21;0.39;0.89;0.67;-0.79;0.06;-0.08;-0.38;0.97;-1.34;0.91;1.83;-0.36;-0.90;0.37;0.18;0.37;0.00;-0.12;0.13;-0.98;0.18;0.06;0.00;0.20;0.68;0.73;
-0.12;0.30;-0.06;-0.21;-0.04;-0.97;0.67;-0.18;0.18;0.27;-0.33;-0.89;0.43;-0.30;-1.16;0.32;-0.47;0.86;0.55;-0.37;0.24;0.22;0.37;0.90;0.24;-0.61;0.00;-0.07;-0.38;0.96;-1.04;1.77;0.61;-0.36;-0.91;0.36;0.24;-0.12;0.30;-0.12;0.13;-0.98;-0.12;0.06;-0.18;0.21;0.68;0.73;
-0.91;-0.37;0.06;-0.21;-0.04;-0.97;0.49;-0.06;0.06;0.26;-0.33;-0.90;0.18;-0.24;-0.91;0.31;-0.47;0.88;0.61;-0.49;0.61;0.21;0.38;0.90;0.55;-0.06;0.73;-0.07;-0.37;0.97;0.37;1.40;1.28;-0.35;-0.91;0.36;0.18;0.18;0.00;-0.12;0.13;-0.98;0.00;-0.18;-0.24;0.21;0.67;0.72;
-0.06;-0.12;0.18;-0.21;-0.03;-0.97;0.43;0.06;0.00;0.27;-0.34;-0.90;0.24;-0.61;-1.65;0.32;-0.46;0.87;0.30;-0.06;-0.24;0.21;0.39;0.89;0.06;-0.06;0.06;-0.07;-0.38;0.97;0.24;0.24;0.43;-0.35;-0.90;0.36;0.12;0.24;-0.43;-0.12;0.13;-0.97;0.43;0.06;-0.55;0.21;0.68;0.73;
0.00;-0.30;0.43;-0.21;-0.03;-0.98;-0.18;0.67;-0.18;0.26;-0.34;-0.89;-0.12;-0.24;-0.85;0.32;-0.47;0.87;0.55;-0.18;-0.24;0.21;0.38;0.90;0.06;-0.12;0.43;-0.08;-0.38;0.97;13.66;3.48;9.21;-0.33;-0.90;0.34;-0.06;0.00;-0.30;-0.12;0.13;-0.98;0.67;-0.18;-0.67;0.21;0.67;0.73;
-0.24;-0.12;0.00;-0.21;-0.04;-0.97;0.85;0.55;0.24;0.25;-0.33;-0.90;0.00;0.06;-0.98;0.32;-0.46;0.87;0.61;-0.37;0.24;0.22;0.38;0.90;0.37;0.00;0.06;-0.07;-0.37;0.96;-0.30;-5.61;5.55;-0.37;-0.85;0.38;0.49;0.06;-0.24;-0.12;0.13;-0.98;0.37;0.30;-0.37;0.21;0.68;0.73;
-1.10;-0.24;0.55;-0.21;-0.04;-0.98;-0.12;0.06;0.18;0.27;-0.34;-0.90;0.37;-0.43;-1.40;0.32;-0.47;0.86;0.91;-0.49;-0.37;0.22;0.39;0.89;-0.06;-0.30;0.24;-0.07;-0.38;0.97;1.52;-5.73;0.30;-0.34;-0.89;0.39;0.06;-0.18;0.24;-0.12;0.14;-0.97;0.12;0.00;-0.37;0.21;0.68;0.72;
-0.73;-0.12;0.98;-0.20;-0.05;-0.98;0.61;0.43;0.30;0.26;-0.34;-0.90;0.43;-0.49;-1.22;0.32;-0.46;0.86;0.18;-0.67;0.30;0.22;0.39;0.90;0.49;0.18;0.79;-0.07;-0.38;0.96;-4.57;-0.30;2.38;-0.36;-0.88;0.40;0.06;0.43;0.37;-0.12;0.14;-0.98;0.55;0.12;-0.12;0.21;0.67;0.73;
-1.22;-0.91;0.18;-0.21;-0.04;-0.97;0.49;0.12;0.49;0.26;-0.34;-0.90;0.43;-0.49;-0.67;0.32;-0.48;0.87;0.30;-1.22;0.49;0.22;0.39;0.89;0.30;-0.30;0.30;-0.08;-0.38;0.97;-1.65;-5.18;2.20;-0.34;-0.91;0.37;-0.12;-0.30;-0.24;-0.12;0.14;-0.98;0.06;0.18;-0.06;0.21;0.68;0.74;
-0.55;-0.24;-0.06;-0.21;-0.04;-0.98;0.37;0.30;0.49;0.26;-0.33;-0.90;0.18;-0.55;-1.16;0.32;-0.46;0.86;-0.12;-0.49;-0.30;0.21;0.39;0.90;0.06;-0.18;0.30;-0.07;-0.37;0.97;-15.24;11.28;-2.93;-0.36;-0.91;0.40;0.37;0.06;0.06;-0.13;0.13;-0.98;0.30;-0.18;-0.30;0.21;0.67;0.72;
1.16;-0.18;-0.55;-0.20;-0.04;-0.96;0.49;-0.18;0.24;0.26;-0.34;-0.90;-0.30;-0.37;-0.85;0.32;-0.46;0.87;0.24;-0.37;0.30;0.21;0.38;0.90;0.00;-0.55;0.43;-0.08;-0.37;0.96;-18.48;6.28;-7.74;-0.32;-0.93;0.24;0.37;0.12;-0.18;-0.12;0.13;-0.98;0.30;0.30;-0.37;0.20;0.68;0.73;
-0.98;0.18;0.12;-0.20;-0.04;-0.97;-0.06;0.06;0.49;0.26;-0.33;-0.90;0.55;-0.55;-0.43;0.32;-0.47;0.86;0.55;-0.61;0.12;0.22;0.39;0.89;0.43;-0.61;0.49;-0.07;-0.38;0.97;-2.87;3.17;2.38;-0.34;-0.99;0.20;0.43;-0.12;-0.18;-0.12;0.13;-0.98;0.55;0.18;-0.73;0.20;0.67;0.72;
0.06;-0.30;0.06;-0.20;-0.04;-0.97;0.61;-0.06;0.18;0.25;-0.34;-0.89;-0.24;-0.12;-0.73;0.32;-0.46;0.87;0.30;-0.61;0.00;0.21;0.38;0.90;-0.18;-0.30;-0.18;-0.08;-0.38;0.96;9.76;-1.10;3.84;-0.28;-0.97;0.31;-0.18;0.06;-0.24;-0.11;0.13;-0.99;0.55;0.30;-0.43;0.21;0.68;0.72;
0.06;-0.30;0.30;-0.21;-0.04;-0.96;0.12;-0.06;0.18;0.26;-0.34;-0.90;-0.12;-0.67;-1.04;0.32;-0.47;0.87;0.73;-0.55;-0.24;0.22;0.38;0.90;0.61;-0.37;0.12;-0.07;-0.36;0.97;2.32;2.44;2.50;-0.33;-0.93;0.32;0.55;-0.24;-0.37;-0.12;0.13;-0.98;0.12;-0.30;-0.30;0.20;0.68;0.72;
-0.24;-0.12;0.00;-0.21;-0.03;-0.98;0.30;-0.24;0.12;0.27;-0.34;-0.90;-0.18;-0.49;-1.22;0.32;-0.47;0.86;0.30;-0.49;0.24;0.21;0.39;0.89;0.30;-0.37;0.24;-0.08;-0.37;0.96;7.62;-1.10;3.29;-0.30;-0.95;0.28;0.67;0.49;0.12;-0.12;0.13;-0.98;0.61;-0.18;-1.04;0.21;0.67;0.74;
0.00;-0.43;0.00;-0.21;-0.03;-0.97;0.49;0.43;0.06;0.26;-0.34;-0.89;0.49;0.06;-1.10;0.32;-0.47;0.86;0.43;-0.67;-0.06;0.22;0.39;0.89;0.00;-0.30;0.12;-0.07;-0.37;0.96;-2.13;5.49;2.07;-0.35;-0.92;0.30;-0.30;0.24;-0.12;-0.12;0.14;-0.98;0.37;-0.06;-0.61;0.21;0.68;0.73;
0.06;-0.37;0.00;-0.21;-0.03;-0.97;0.18;0.24;0.06;0.26;-0.34;-0.91;-0.18;0.00;-0.98;0.32;-0.46;0.87;0.30;-0.37;0.06;0.22;0.38;0.90;0.18;-0.61;0.43;-0.07;-0.36;0.97;2.50;0.85;4.88;-0.34;-0.94;0.32;0.43;0.18;0.24;-0.12;0.13;-0.98;-0.18;0.06;-0.67;0.21;0.68;0.73;
-0.30;-0.61;-0.12;-0.21;-0.04;-0.97;1.04;0.00;0.18;0.26;-0.34;-0.91;0.06;-0.30;-0.73;0.32;-0.47;0.87;0.43;-0.55;0.12;0.22;0.39;0.90;0.43;0.06;0.18;-0.07;-0.37;0.96;-0.55;0.67;0.43;-0.34;-0.93;0.35;0.12;0.12;0.18;-0.12;0.13;-0.98;0.18;-0.55;-0.43;0.20;0.68;0.73;
-0.67;-0.24;0.00;-0.20;-0.04;-0.97;0.49;0.24;0.00;0.26;-0.34;-0.89;-0.24;-0.30;-0.85;0.33;-0.46;0.86;1.52;-0.49;0.06;0.21;0.38;0.90;0.30;0.00;0.49;-0.07;-0.38;0.95;3.29;1.89;5.55;-0.33;-0.93;0.34;0.24;0.37;0.06;-0.12;0.12;-0.98;0.43;-0.43;-0.55;0.19;0.68;0.72;
0.00;-0.30;-0.18;-0.21;-0.03;-0.96;0.00;0.43;0.12;0.26;-0.34;-0.90;1.10;-0.37;-1.16;0.31;-0.47;0.87;0.12;0.00;0.55;0.21;0.38;0.89;0.30;-0.37;0.24;-0.07;-0.37;0.97;6.40;-2.32;5.43;-0.32;-0.90;0.38;-0.18;-0.12;0.30;-0.12;0.13;-0.98;0.06;-0.24;-0.18;0.20;0.68;0.73;
-0.24;-0.24;0.18;-0.20;-0.04;-0.98;0.79;0.61;0.37;0.26;-0.33;-0.90;-0.12;-0.37;-0.85;0.31;-0.46;0.87;-0.24;-0.61;0.37;0.22;0.39;0.89;-0.91;0.12;0.37;-0.07;-0.35;0.97;-0.91;0.49;1.83;-0.33;-0.92;0.39;0.43;-0.30;-0.43;-0.12;0.13;-0.98;0.00;0.12;-0.79;0.21;0.67;0.72;
-0.55;-0.12;0.12;-0.21;-0.03;-0.96;-0.12;0.18;0.06;0.27;-0.33;-0.90;0.00;-0.24;-1.28;0.33;-0.47;0.87;-0.43;-0.24;-0.06;0.22;0.39;0.89;0.24;0.12;0.18;-0.06;-0.36;0.98;2.68;-0.30;0.79;-0.33;-0.90;0.41;-0.06;0.06;0.12;-0.12;0.14;-0.98;0.55;-0.06;-0.73;0.20;0.68;0.73;
-0.18;-0.24;-0.12;-0.21;-0.04;-0.96;0.61;0.49;0.12;0.26;-0.33;-0.90;-0.18;-0.49;-1.28;0.33;-0.46;0.87;0.43;-0.55;-0.18;0.22;0.39;0.89;0.30;-0.37;0.37;-0.07;-0.36;0.97;-0.55;1.22;2.50;-0.33;-0.89;0.40;-0.06;0.00;-0.30;-0.12;0.13;-0.99;0.24;0.18;-0.49;0.21;0.68;0.73;
-0.67;-0.06;0.12;-0.21;-0.03;-0.97;0.30;0.24;0.18;0.27;-0.34;-0.90;0.00;-0.43;-0.98;0.32;-0.45;0.88;0.00;0.00;-0.12;0.22;0.39;0.90;0.06;-0.43;0.24;-0.06;-0.36;0.97;-1.10;0.30;1.22;-0.33;-0.90;0.41;0.06;0.30;-0.12;-0.12;0.13;-0.98;0.37;0.30;-0.61;0.21;0.68;0.74;
-0.55;-0.61;0.06;-0.21;-0.04;-0.97;0.61;-0.43;0.18;0.27;-0.34;-0.90;1.71;-0.73;-2.93;0.32;-0.45;0.87;2.13;-0.43;-0.30;0.22;0.39;0.89;0.79;-0.30;0.12;-0.07;-0.35;0.97;0.00;0.79;1.71;-0.34;-0.90;0.39;0.49;0.24;0.12;-0.12;0.13;-0.99;0.30;-0.12;-0.30;0.21;0.68;0.72;
-0.61;-0.18;0.18;-0.20;-0.03;-0.97;0.00;0.30;0.49;0.26;-0.33;-0.91;0.37;-0.55;-0.61;0.32;-0.42;0.88;-0.12;-0.61;-0.24;0.21;0.39;0.89;0.12;-0.18;0.12;-0.07;-0.36;0.99;0.12;0.55;0.98;-0.33;-0.89;0.39;0.30;0.06;0.00;-0.12;0.13;-0.98;0.30;-0.24;0.24;0.20;0.67;0.73;
-0.30;-0.12;-0.18;-0.21;-0.03;-0.97;0.73;0.61;0.18;0.26;-0.34;-0.90;-0.06;-0.12;-0.98;0.32;-0.44;0.89;0.43;-0.24;0.37;0.22;0.39;0.89;0.43;-0.24;0.18;-0.07;-0.36;0.97;0.61;0.98;0.18;-0.33;-0.89;0.41;-0.18;-0.12;0.37;-0.12;0.13;-0.98;-0.37;-0.30;-0.06;0.21;0.68;0.73;
-0.61;-0.37;-0.24;-0.21;-0.03;-0.97;0.61;0.37;0.55;0.26;-0.33;-0.91;0.12;-2.07;1.34;0.26;-0.43;0.90;0.49;-0.49;0.18;0.22;0.39;0.90;0.24;-0.37;0.00;-0.07;-0.35;0.98;-0.43;0.49;1.10;-0.35;-0.89;0.40;0.24;0.18;0.06;-0.13;0.12;-0.98;-0.06;-0.18;-0.12;0.21;0.67;0.73;
-0.67;-0.18;0.12;-0.20;-0.03;-0.97;0.37;0.06;0.24;0.26;-0.34;-0.90;12.93;-10.00;-8.23;0.26;-0.40;0.90;0.49;-0.24;0.12;0.22;0.38;0.89;0.06;0.00;-0.12;-0.07;-0.36;0.96;0.79;0.43;1.89;-0.34;-0.90;0.40;-0.18;0.18;0.06;-0.12;0.12;-0.97;0.30;0.06;-0.37;0.20;0.67;0.73;
-0.61;-0.06;-0.24;-0.21;-0.04;-0.97;0.18;0.18;0.18;0.26;-0.33;-0.91;2.32;-0.55;-2.74;0.26;-0.42;0.91;0.67;-0.12;0.30;0.22;0.38;0.89;0.24;-0.37;-0.30;-0.06;-0.37;0.97;-0.37;0.91;1.04;-0.33;-0.90;0.39;0.30;0.06;-0.49;-0.13;0.13;-0.97;0.30;0.18;-0.30;0.21;0.68;0.72;
-0.49;-0.18;0.91;-0.20;-0.03;-0.98;0.55;0.12;0.06;0.26;-0.34;-0.90;-32.68;-37.56;-13.90;0.42;-0.29;0.85;0.73;-0.61;0.30;0.22;0.38;0.89;0.43;-0.30;0.37;-0.07;-0.36;0.97;4.94;-2.80;-0.37;-0.32;-0.91;0.40;0.43;0.30;0.12;-0.12;0.13;-0.97;0.06;0.18;-0.55;0.21;0.68;0.73;
0.00;-0.18;-0.24;-0.21;-0.03;-0.98;0.18;0.49;-0.37;0.26;-0.33;-0.91;0.61;-0.49;-1.16;0.29;-0.43;0.89;-0.79;-0.85;-0.06;0.22;0.38;0.90;0.30;-0.55;-0.12;-0.06;-0.36;0.97;2.44;3.96;-2.13;-0.33;-0.91;0.39;-0.06;-0.30;-0.12;-0.13;0.13;-0.98;0.30;0.00;-0.18;0.21;0.68;0.73;
-0.18;-0.18;0.06;-0.21;-0.03;-0.97;0.91;0.00;0.37;0.27;-0.34;-0.90;0.79;-0.18;-1.46;0.28;-0.43;0.90;0.61;-0.61;-0.49;0.22;0.39;0.89;-0.24;-0.30;0.37;-0.06;-0.36;0.98;3.48;2.32;3.84;-0.34;-0.92;0.42;-0.12;0.00;0.18;-0.13;0.13;-0.98;0.18;-0.49;-0.61;0.21;0.68;0.73;
0.00;-0.43;-0.24;-0.20;-0.03;-0.97;0.37;0.12;0.00;0.26;-0.33;-0.90;0.61;-0.55;-1.10;0.29;-0.41;0.90;0.67;-0.12;-0.18;0.22;0.39;0.89;0.37;-0.43;0.18;-0.07;-0.36;0.97;-7.01;2.01;-0.06;-0.35;-0.86;0.37;0.00;-0.18;-0.61;-0.12;0.13;-0.97;0.37;0.06;-0.49;0.20;0.67;0.73;
-0.55;-0.30;0.30;-0.20;-0.03;-0.97;0.18;0.24;0.30;0.27;-0.34;-0.90;0.49;-0.30;-0.85;0.29;-0.42;0.90;0.43;-0.30;-0.12;0.22;0.39;0.88;0.12;-0.55;0.00;-0.06;-0.36;0.98;9.94;-16.89;-5.98;-0.36;-0.97;0.41;-0.24;-0.18;0.24;-0.12;0.13;-0.98;0.12;0.18;-0.67;0.20;0.68;0.72;
-0.24;0.06;-0.30;-0.21;-0.04;-0.97;0.73;0.00;-0.12;0.26;-0.33;-0.90;-0.06;-0.37;-1.04;0.29;-0.41;0.90;0.67;-0.12;0.18;0.22;0.39;0.88;0.06;-0.73;0.37;-0.07;-0.37;0.97;26.71;21.65;17.68;-0.25;-1.01;0.58;0.12;-0.18;0.30;-0.13;0.13;-0.98;0.30;-0.06;-0.43;0.21;0.68;0.72;
0.12;-0.43;0.43;-0.22;-0.03;-0.97;0.55;0.18;0.24;0.26;-0.32;-0.91;-2.44;0.55;-0.43;0.30;-0.42;0.89;0.79;-0.24;0.24;0.21;0.39;0.90;0.55;-0.30;0.67;-0.07;-0.36;0.98;-42.13;-38.96;-50.55;-0.16;-0.70;0.19;0.12;-0.12;0.00;-0.12;0.13;-0.98;-0.12;-0.24;-0.24;0.21;0.68;0.73;
-0.73;-0.30;-0.43;-0.20;-0.04;-0.97;-0.06;-0.24;0.00;0.26;-0.34;-0.90;0.85;-1.04;-1.28;0.29;-0.40;0.91;0.79;-0.61;0.30;0.23;0.39;0.90;0.37;-0.12;0.24;-0.07;-0.35;0.97;-22.13;61.77;23.60;-0.54;-0.48;0.42;-0.37;0.06;0.12;-0.12;0.14;-0.97;0.37;0.24;-0.43;0.21;0.67;0.73;
