-0.49;-0.73;-0.06;-0.40;-0.03;-0.90;0.43;-0.12;0.00;0.28;-0.33;-0.90;0.43;-0.18;-1.22;0.20;-0.53;0.85;0.12;-0.91;0.30;0.23;0.39;0.88;0.18;-0.61;0.00;-0.02;-0.33;0.98;1.71;12.93;2.99;0.73;-0.53;0.61;-0.24;0.06;0.12;-0.13;0.13;-0.98;0.30;0.00;-0.61;0.20;0.69;0.72;
-0.06;-0.06;0.55;-0.40;-0.02;-0.91;0.30;-0.30;0.24;0.27;-0.33;-0.89;0.37;-0.18;-1.34;0.20;-0.55;0.85;0.18;-0.55;-0.30;0.22;0.39;0.88;0.30;-0.24;0.30;-0.02;-0.33;0.98;0.24;-0.18;-2.68;0.63;-0.55;0.54;0.12;0.30;0.12;-0.12;0.14;-0.98;0.37;-0.30;-0.18;0.20;0.69;0.72;
-0.30;-0.30;-1.10;-0.40;-0.02;-0.91;0.61;0.18;0.24;0.27;-0.33;-0.90;-0.24;-0.24;-1.28;0.19;-0.55;0.86;0.12;-0.55;0.24;0.22;0.39;0.90;0.00;-0.37;0.24;-0.02;-0.33;0.99;-0.91;1.46;1.89;0.68;-0.57;0.56;0.18;0.00;0.30;-0.12;0.13;-0.99;0.06;-0.18;-0.24;0.19;0.68;0.72;
-0.61;0.12;-0.24;-0.40;-0.02;-0.91;0.61;0.06;0.30;0.27;-0.33;-0.89;0.30;-0.43;-0.79;0.19;-0.54;0.85;0.30;-0.73;0.12;0.23;0.39;0.88;0.18;-0.06;0.12;-0.03;-0.33;0.98;1.04;-0.30;2.07;0.68;-0.56;0.55;-0.24;-0.12;-0.12;-0.11;0.13;-0.98;0.00;0.00;-0.55;0.20;0.69;0.72;
-0.55;-0.12;-0.06;-0.40;-0.02;-0.90;0.43;0.24;-0.06;0.27;-0.33;-0.90;0.06;-0.12;-0.98;0.20;-0.55;0.85;0.18;-0.67;-0.06;0.22;0.39;0.89;0.18;-0.43;0.24;-0.01;-0.33;0.99;0.18;0.18;1.71;0.68;-0.56;0.55;0.18;0.00;-0.18;-0.12;0.13;-0.98;-0.06;0.00;-0.43;0.20;0.68;0.71;
-0.24;-0.91;-0.06;-0.40;-0.03;-0.91;0.79;0.43;0.12;0.27;-0.32;-0.90;0.49;-0.18;-0.98;0.20;-0.55;0.85;0.37;-0.24;-0.12;0.23;0.39;0.90;0.30;-0.24;0.37;-0.02;-0.33;0.99;0.43;0.91;1.83;0.67;-0.56;0.54;0.24;0.18;-0.49;-0.12;0.12;-0.98;0.43;0.37;-0.49;0.20;0.69;0.72;
-0.61;-0.06;0.37;-0.41;-0.03;-0.91;0.43;0.18;0.12;0.27;-0.33;-0.90;-0.12;-0.85;-1.04;0.19;-0.54;0.84;0.30;-0.43;0.06;0.22;0.39;0.89;0.43;-0.18;0.55;-0.02;-0.34;0.98;-0.18;0.37;1.52;0.68;-0.56;0.55;0.30;0.30;0.06;-0.12;0.13;-0.98;0.43;0.00;-0.30;0.20;0.69;0.72;
-0.43;-0.12;0.00;-0.41;-0.02;-0.91;0.37;0.18;0.18;0.28;-0.34;-0.91;-0.18;-0.30;-1.40;0.20;-0.54;0.86;0.24;-0.55;0.12;0.22;0.39;0.89;0.37;-0.30;0.55;-0.02;-0.33;0.99;0.30;1.04;1.71;0.68;-0.56;0.55;-0.30;-0.06;-0.06;-0.13;0.13;-0.98;-0.06;-0.24;-0.06;0.20;0.69;0.72;
-0.67;0.24;0.18;-0.40;-0.03;-0.91;-0.30;0.24;0.24;0.28;-0.33;-0.90;-0.24;0.30;-0.85;0.19;-0.54;0.86;0.61;-0.79;0.12;0.23;0.39;0.90;0.24;-0.12;0.18;-0.02;-0.33;0.98;-0.37;1.22;1.65;0.68;-0.56;0.55;0.61;0.06;0.18;-0.12;0.13;-0.98;0.06;-0.12;-0.55;0.19;0.69;0.72;
-0.55;-0.55;0.30;-0.40;-0.02;-0.90;0.18;0.12;0.55;0.27;-0.33;-0.90;0.12;-0.61;-0.61;0.19;-0.54;0.85;0.00;-0.67;-0.30;0.23;0.39;0.89;0.24;-0.30;0.55;-0.02;-0.33;0.99;-2.80;5.85;-0.79;0.66;-0.56;0.55;0.18;-0.06;-0.06;-0.12;0.13;-0.98;0.06;0.12;-0.61;0.19;0.69;0.73;
-0.18;-0.85;0.49;-0.40;-0.02;-0.91;0.30;0.30;0.12;0.28;-0.33;-0.90;0.43;-0.43;-1.34;0.21;-0.55;0.84;0.55;-0.43;-0.12;0.22;0.40;0.89;0.37;-0.18;0.55;-0.02;-0.33;0.98;-6.04;-10.12;2.68;0.63;-0.59;0.53;-0.12;-0.18;-0.12;-0.12;0.13;-0.98;0.24;0.00;-0.43;0.19;0.69;0.73;
-0.24;-0.18;-0.30;-0.40;-0.02;-0.91;0.49;-0.06;0.00;0.28;-0.33;-0.90;0.30;-0.37;-0.67;0.19;-0.54;0.85;0.61;-0.49;0.12;0.23;0.39;0.89;0.24;-0.06;0.18;-0.02;-0.34;1.00;-3.60;18.17;2.62;0.69;-0.52;0.58;0.06;-0.24;0.18;-0.13;0.13;-0.97;0.49;0.12;-0.30;0.20;0.68;0.71;
-0.24;0.06;-0.06;-0.40;-0.03;-0.91;0.24;0.18;1.04;0.28;-0.32;-0.90;-0.67;-0.55;-0.98;0.19;-0.55;0.85;0.12;-0.18;0.37;0.22;0.38;0.89;0.18;0.30;0.30;-0.02;-0.33;0.98;-4.70;0.49;-2.99;0.68;-0.56;0.53;0.06;-0.12;-0.43;-0.12;0.14;-0.98;0.55;-0.12;-0.43;0.19;0.69;0.72;
-0.55;-0.18;0.49;-0.40;-0.02;-0.90;0.98;0.12;0.06;0.27;-0.33;-0.90;0.24;-0.43;-0.98;0.19;-0.54;0.86;-9.51;-9.70;20.24;-0.09;0.50;0.89;-26.71;18.84;11.22;-0.13;-0.22;0.97;0.79;2.62;1.46;0.68;-0.57;0.54;0.06;0.24;0.12;-0.11;0.13;-0.98;1.04;0.00;-0.12;0.20;0.68;0.72;
0.61;-0.61;0.43;-0.40;-0.02;-0.91;1.28;0.30;0.30;0.27;-0.34;-0.90;120.12;49.63;204.70;-0.23;0.57;0.72;3.96;-0.18;-0.24;0.22;0.42;0.88;0.24;-0.85;0.37;-0.02;-0.33;0.98;5.30;-3.11;2.07;0.68;-0.57;0.54;0.00;0.12;0.00;-0.13;0.12;-0.98;0.12;0.06;-0.49;0.19;0.69;0.72;
-1.40;-0.98;0.00;-0.41;-0.03;-0.91;1.83;0.30;0.85;0.28;-0.33;-0.90;-30.98;-6.59;-244.88;-0.13;0.10;0.62;0.37;-0.49;0.18;0.22;0.43;0.86;0.12;-0.30;0.18;-0.02;-0.34;0.99;-1.10;0.24;2.32;0.67;-0.56;0.55;0.12;-0.24;-0.24;-0.12;0.12;-0.97;0.43;0.00;-0.49;0.20;0.69;0.72;
-0.12;-0.12;-0.37;-0.40;-0.02;-0.89;0.12;0.18;0.00;0.27;-0.33;-0.90;13.11;-108.90;214.88;-0.40;-0.04;0.80;1.59;-1.16;0.37;0.22;0.43;0.87;0.30;-0.55;0.24;-0.02;-0.33;0.98;-0.12;1.52;1.22;0.68;-0.55;0.54;0.12;0.06;0.49;-0.12;0.13;-0.99;0.91;0.00;-0.43;0.20;0.69;0.72;
1.40;0.61;-0.98;-0.41;-0.01;-0.92;1.10;-1.10;-0.06;0.29;-0.33;-0.88;26.65;66.10;-30.79;-0.01;-0.94;0.53;1.77;-0.98;-0.06;0.21;0.42;0.87;0.37;-0.43;0.24;-0.02;-0.34;0.98;-0.12;0.49;3.66;0.68;-0.56;0.54;0.24;0.37;-0.18;-0.12;0.12;-0.98;0.37;-0.18;-0.37;0.20;0.69;0.72;
-0.06;-0.24;-0.18;-0.41;-0.01;-0.90;0.43;-0.18;-0.18;0.29;-0.33;-0.90;241.40;-210.43;-209.57;-0.25;-0.85;0.57;0.61;-0.12;0.12;0.22;0.42;0.86;0.30;-0.37;0.49;-0.02;-0.34;0.98;-5.98;3.72;-2.62;0.68;-0.56;0.54;-0.18;-0.30;0.24;-0.13;0.13;-0.98;0.24;0.49;-0.30;0.19;0.68;0.73;
-11.65;-14.94;3.05;-0.42;-0.02;-0.95;-2.87;1.10;0.37;0.28;-0.34;-0.90;99.09;0.00;210.00;1.58;-0.97;1.99;22.20;-2.13;-2.68;0.20;0.48;0.76;-0.37;-0.43;0.24;-0.02;-0.34;0.97;-2.50;1.40;-2.50;0.69;-0.56;0.53;-0.12;0.06;-0.37;-0.12;0.13;-0.99;0.24;0.12;-0.18;0.20;0.69;0.72;
-0.91;5.98;1.34;-0.43;0.00;-0.91;402.32;413.23;127.87;-0.41;0.28;0.63;34.70;-15.55;-7.20;-0.04;-0.81;0.66;2.68;1.16;-1.65;0.23;0.41;0.89;-0.24;-2.01;0.85;-0.03;-0.29;0.97;-9.76;6.89;0.79;0.69;-0.57;0.53;-3.90;1.65;0.61;-0.12;0.13;-1.01;-10.24;-5.49;3.11;0.27;0.63;0.75;
10.18;13.84;-7.99;-0.41;-0.01;-0.89;36.59;-26.22;2.93;-0.09;-0.68;-0.57;-1.04;-1.04;-1.59;0.15;-0.68;0.75;-0.12;-0.67;0.12;0.22;0.44;0.88;0.06;0.12;0.49;-0.02;-0.34;0.98;-14.33;9.02;-5.73;0.68;-0.57;0.53;0.06;0.12;-0.12;-0.11;0.13;-0.99;0.18;-0.24;-0.30;0.19;0.68;0.73;
2.20;1.83;-0.61;-0.42;-0.02;-0.91;74.33;20.18;154.09;-0.08;-1.19;0.02;0.18;-0.12;-1.10;0.13;-0.68;0.75;0.43;0.12;0.18;0.23;0.43;0.88;0.43;-0.18;0.12;-0.03;-0.34;0.98;-4.21;4.57;-0.98;0.69;-0.56;0.52;0.24;0.12;-0.06;-0.13;0.13;-0.99;0.85;0.00;-0.55;0.19;0.69;0.72;
0.18;0.55;-0.67;-0.42;-0.00;-0.91;-5.91;-10.18;11.40;0.02;-0.76;-0.67;0.18;-0.24;-0.73;0.14;-0.67;0.75;0.43;-0.85;-0.18;0.22;0.43;0.88;-0.12;0.06;0.43;-0.02;-0.34;0.98;2.87;-1.10;2.13;0.68;-0.57;0.54;-0.49;0.37;-0.06;-0.12;0.13;-0.98;0.18;0.00;-0.06;0.20;0.68;0.72;
40.18;97.68;-5.37;-0.40;0.01;-0.87;-343.29;102.26;-6.89;-0.13;0.58;-0.63;0.18;0.85;-0.73;0.13;-0.67;0.76;-1.16;-0.91;0.55;0.22;0.42;0.87;-0.06;-0.49;0.49;-0.03;-0.34;0.98;1.16;-1.04;4.15;0.69;-0.56;0.54;-0.06;0.06;-0.12;-0.12;0.13;-0.98;0.61;0.12;-0.79;0.20;0.69;0.72;
-9.94;-4.63;-1.89;-0.25;0.03;-0.96;24.21;1.89;6.16;0.11;0.75;-0.68;0.55;-0.24;-1.46;0.13;-0.68;0.75;1.28;-0.61;0.12;0.22;0.42;0.87;0.12;-0.49;0.43;-0.02;-0.33;0.99;1.77;-0.12;3.11;0.68;-0.57;0.54;0.00;-0.49;-0.06;-0.12;0.13;-0.98;0.30;0.18;-0.24;0.20;0.69;0.72;
-0.61;2.07;-0.24;-0.28;0.04;-0.96;-3.29;-3.05;5.43;0.10;0.64;-0.69;0.12;-0.24;-0.91;0.12;-0.68;0.76;0.24;-0.37;-0.49;0.22;0.42;0.88;0.43;-0.43;0.37;-0.02;-0.34;0.98;0.73;-0.43;1.16;0.69;-0.57;0.53;-0.18;0.18;-0.18;-0.12;0.12;-0.98;0.55;0.18;-0.30;0.19;0.69;0.72;
-29.57;-11.40;-18.60;-0.40;0.02;-0.92;259.21;-89.76;51.59;-0.26;-0.77;0.14;0.43;-0.49;-0.85;0.13;-0.67;0.76;0.79;-0.49;-0.37;0.22;0.43;0.87;0.91;-0.06;0.30;-0.02;-0.34;0.98;11.77;-7.26;5.55;0.68;-0.56;0.54;0.24;0.24;0.12;-0.12;0.13;-0.98;-0.12;-0.37;0.00;0.20;0.69;0.72;
1.40;7.56;3.66;-0.40;0.07;-0.91;-156.59;-121.59;68.66;-0.28;-0.76;0.64;0.18;-0.79;-0.91;0.13;-0.67;0.76;0.24;-0.18;0.24;0.22;0.43;0.87;0.73;0.06;-0.18;-0.02;-0.34;0.99;1.59;-0.98;2.93;0.69;-0.55;0.54;0.43;0.18;0.30;-0.13;0.13;-0.97;0.55;0.06;-0.91;0.19;0.70;0.72;
0.12;-0.12;1.83;-0.35;0.08;-0.92;-36.04;-15.37;-17.56;-0.18;-0.98;-0.00;0.30;-0.06;-1.46;0.12;-0.67;0.76;0.67;-0.79;-0.06;0.22;0.43;0.87;0.12;-0.43;0.43;-0.02;-0.34;0.99;-1.65;1.95;0.61;0.69;-0.55;0.55;0.06;-0.49;0.12;-0.12;0.13;-0.98;0.06;0.30;-0.49;0.19;0.68;0.72;
4.57;4.82;-6.52;-0.44;0.07;-0.88;-28.23;149.76;204.39;-0.53;-0.50;-0.56;0.37;0.37;-0.49;0.13;-0.67;0.76;0.12;-0.61;0.18;0.22;0.42;0.87;0.43;-0.30;0.55;-0.03;-0.34;0.99;0.06;0.67;1.04;0.69;-0.56;0.53;0.55;0.18;0.06;-0.13;0.13;-0.98;0.49;0.12;-0.55;0.19;0.68;0.72;
-30.30;-4.27;-38.41;-0.33;0.06;-0.84;-119.57;-102.44;-26.34;0.47;-0.59;-1.10;0.67;-0.06;-0.55;0.12;-0.67;0.77;0.00;-0.98;0.12;0.22;0.42;0.87;0.37;-0.73;0.00;-0.03;-0.34;0.99;5.00;-2.80;2.20;0.69;-0.56;0.54;0.61;-0.43;0.37;-0.12;0.13;-0.97;0.24;-0.06;-0.18;0.20;0.69;0.72;
-0.18;-0.24;0.49;-0.43;0.02;-0.89;-11.40;-5.37;-1.71;0.05;0.15;-0.98;0.24;-0.37;-1.22;0.12;-0.67;0.75;0.30;-0.06;0.18;0.22;0.43;0.87;0.18;-0.37;0.37;-0.02;-0.34;0.97;-1.89;0.18;5.18;0.69;-0.56;0.54;0.18;-0.06;0.67;-0.12;0.13;-0.98;0.43;0.18;-0.18;0.20;0.68;0.72;
21.71;-3.48;-77.07;-0.80;-0.18;-1.83;-0.73;0.12;0.61;-0.00;0.23;-0.97;0.30;-0.06;-0.49;0.12;-0.67;0.76;1.04;-0.18;-0.06;0.22;0.43;0.86;0.37;-0.55;0.18;-0.03;-0.34;0.97;-9.02;4.39;-4.39;0.69;-0.56;0.54;0.12;-0.18;0.67;-0.12;0.13;-0.98;0.61;0.18;-0.37;0.20;0.69;0.72;
109.33;-10.18;-105.67;0.45;-1.57;0.03;-0.61;0.43;0.30;-0.01;0.23;-0.99;0.30;-0.49;-0.91;0.12;-0.66;0.78;0.12;-0.55;0.49;0.22;0.43;0.88;0.00;0.00;0.12;-0.03;-0.34;0.99;-5.67;5.55;-0.98;0.69;-0.55;0.53;0.30;0.24;0.06;-0.12;0.13;-0.98;0.18;-0.30;-0.18;0.19;0.69;0.71;
-1.59;177.87;14.15;-0.28;-0.63;-0.43;0.37;0.18;0.12;-0.01;0.22;-0.98;0.43;-0.37;-1.04;0.12;-0.67;0.76;0.06;-0.24;0.06;0.21;0.43;0.87;0.30;-0.18;0.30;-0.03;-0.33;0.98;3.05;-2.26;2.44;0.69;-0.56;0.54;-0.06;0.12;0.00;-0.13;0.13;-0.98;0.43;0.24;-0.61;0.20;0.69;0.72;
13.78;-21.28;56.04;-0.08;-0.87;-1.07;0.18;0.43;0.24;-0.02;0.23;-0.98;0.24;-0.67;-0.79;0.13;-0.68;0.77;0.30;-0.49;0.37;0.22;0.42;0.87;0.55;-0.30;0.06;-0.03;-0.34;0.98;2.68;2.07;0.79;0.71;-0.55;0.56;-0.18;-0.12;0.12;-0.12;0.13;-0.99;0.43;0.24;-0.61;0.20;0.69;0.71;
103.54;41.77;-30.98;0.36;-0.80;-0.80;-0.43;0.43;-0.24;-0.01;0.23;-0.97;0.12;-0.91;-0.85;0.12;-0.67;0.77;0.30;-0.24;0.37;0.22;0.43;0.87;0.24;-0.37;-0.06;-0.01;-0.34;0.98;2.26;4.39;-3.35;0.62;-0.56;0.50;0.06;0.30;0.30;-0.12;0.13;-1.00;0.43;0.43;-0.24;0.20;0.68;0.71;
-45.79;6.34;23.05;-0.26;0.09;-0.95;1.16;-0.91;0.18;-0.01;0.21;-0.99;-0.37;0.61;-0.98;0.13;-0.66;0.77;0.91;-0.37;0.00;0.22;0.43;0.88;-7.44;-6.10;-0.67;-0.03;-0.33;1.04;-6.10;-12.87;4.94;0.69;-0.61;0.53;0.43;0.18;-0.37;-0.12;0.13;-0.98;0.00;0.18;-0.24;0.20;0.69;0.72;
-1.46;-0.73;0.61;-0.48;-0.01;-0.87;0.67;0.12;-0.12;0.01;0.19;-0.97;0.30;-0.85;-1.34;0.11;-0.66;0.77;0.61;0.37;0.37;0.22;0.43;0.87;0.30;-0.24;0.24;-0.03;-0.34;0.97;-6.65;12.87;0.00;0.68;-0.55;0.52;0.49;-0.12;-0.18;-0.11;0.13;-0.98;-0.06;-0.18;-0.91;0.19;0.69;0.72;
-3.41;0.18;0.85;-0.47;-0.02;-0.88;0.55;0.30;-0.06;0.01;0.19;-0.98;0.12;-0.37;-0.12;0.13;-0.68;0.79;-39.94;-2.32;-1.71;0.20;0.42;0.87;-7.56;25.49;-5.18;0.03;-0.41;1.09;-0.12;1.59;0.37;0.70;-0.56;0.52;-10.30;-15.18;21.77;0.03;0.67;-1.22;4.82;-1.52;-1.59;0.21;0.67;0.72;
-0.79;-0.43;0.49;-0.49;-0.01;-0.87;0.67;1.40;0.37;0.01;0.19;-0.99;0.30;-0.43;-0.49;0.12;-0.66;0.76;-0.55;0.12;0.55;0.22;0.42;0.87;0.00;-0.06;0.06;0.01;-0.33;0.99;-2.74;1.89;-0.06;0.69;-0.55;0.53;-113.35;-20.61;-6.52;-0.23;1.00;-0.19;-11.10;-0.30;5.06;0.22;0.70;0.71;
-0.37;-0.12;0.37;-0.48;-0.01;-0.87;1.83;2.50;1.34;0.02;0.21;-1.02;8.11;-3.11;-4.02;0.10;-0.67;0.78;0.00;-0.37;0.37;0.23;0.42;0.89;0.73;-0.06;0.00;0.01;-0.32;0.98;0.61;0.73;1.83;0.70;-0.56;0.54;106.52;188.66;133.90;-0.16;0.42;0.09;11.04;5.49;-6.04;0.26;0.56;0.80;
-0.61;-0.24;0.37;-0.48;-0.00;-0.88;-0.18;0.91;0.37;0.02;0.19;-0.99;0.55;-0.37;-0.91;0.12;-0.66;0.77;-0.37;-0.43;0.30;0.22;0.41;0.88;0.79;-0.43;-0.06;-0.00;-0.32;0.99;-0.85;0.91;0.73;0.69;-0.56;0.54;144.27;-186.16;52.80;-0.63;0.41;0.60;-3.23;-0.85;0.91;0.24;0.62;0.77;
-0.49;-0.55;-0.12;-0.49;-0.01;-0.86;0.18;0.43;-0.18;0.01;0.20;-0.99;0.12;-0.43;-1.83;0.12;-0.66;0.77;30.49;-2.44;-5.43;0.21;0.43;0.88;-0.18;0.24;0.49;0.01;-0.31;0.99;0.55;0.55;1.65;0.68;-0.56;0.54;97.20;243.48;9.88;0.31;1.16;-1.01;3.90;0.91;-2.87;0.25;0.61;0.78;
-0.85;-0.43;0.18;-0.48;-0.00;-0.86;0.06;0.30;0.06;0.01;0.20;-0.98;-0.61;-0.18;-1.77;0.13;-0.66;0.77;0.55;-0.24;-0.24;0.22;0.42;0.88;0.30;0.00;0.37;0.01;-0.31;0.99;-2.01;0.91;0.55;0.69;-0.56;0.54;91.04;-20.30;-61.34;0.51;0.74;-0.46;-2.26;3.96;14.45;0.12;0.81;0.55;
-0.37;0.00;-0.18;-0.48;-0.00;-0.87;0.67;-1.16;0.55;0.01;0.20;-0.98;0.49;-0.49;-0.73;0.12;-0.66;0.77;1.22;0.37;-0.37;0.22;0.42;0.89;29.94;-2.44;-3.35;-0.00;-0.34;0.98;-0.18;0.55;2.01;0.68;-0.56;0.53;-31.59;239.70;88.05;1.11;0.43;-0.24;10.24;3.84;-6.83;0.05;0.72;0.69;
-0.49;-0.12;0.12;-0.49;-0.00;-0.87;0.49;0.37;0.85;0.00;0.20;-0.98;-0.18;0.12;-1.28;0.13;-0.66;0.77;0.49;-0.49;-0.12;0.22;0.42;0.87;0.98;-0.12;-0.18;0.01;-0.32;0.99;0.49;0.24;1.89;0.68;-0.56;0.54;112.44;40.73;-13.54;0.30;0.16;0.71;15.67;11.22;-5.67;-0.03;0.92;0.72;
-0.24;-0.06;-0.18;-0.48;0.00;-0.86;0.79;0.00;0.30;0.01;0.19;-0.98;0.30;0.00;-0.49;0.12;-0.66;0.78;0.06;-0.73;0.18;0.22;0.42;0.88;0.61;-0.73;0.30;0.01;-0.31;0.99;-1.34;0.79;0.98;0.69;-0.56;0.54;84.09;-28.41;-183.35;0.82;0.91;-0.01;-11.28;-10.37;8.41;0.11;0.71;0.70;
-0.61;-0.43;0.49;-0.48;-0.01;-0.87;0.49;-0.18;0.18;0.01;0.19;-0.98;0.18;-0.18;-0.91;0.12;-0.67;0.77;0.24;-0.73;0.06;0.22;0.42;0.88;0.55;-0.12;0.24;0.01;-0.31;0.99;0.30;0.24;1.77;0.69;-0.56;0.54;-11.46;11.34;-7.44;-0.09;0.82;0.35;0.49;-0.49;-0.91;0.18;0.66;0.74;
-0.37;-0.67;-0.43;-0.48;-0.01;-0.87;0.18;0.37;0.12;0.01;0.20;-0.98;-0.18;-0.43;-1.34;0.13;-0.66;0.77;0.37;-0.43;0.24;0.22;0.42;0.87;0.30;-0.18;0.30;0.00;-0.31;0.99;1.46;0.06;2.01;0.69;-0.57;0.54;3.90;-8.72;7.50;-0.00;1.00;0.30;-0.18;0.00;0.12;0.18;0.67;0.75;
-0.55;0.49;0.18;-0.48;0.00;-0.87;0.24;0.00;0.12;0.01;0.19;-0.99;0.24;-0.43;-0.61;0.13;-0.66;0.77;0.18;-0.30;-0.18;0.22;0.42;0.88;0.79;-0.18;-0.12;0.01;-0.31;0.99;-0.55;1.40;1.77;0.69;-0.56;0.53;251.59;-100.18;53.11;0.42;1.00;0.13;-4.39;3.23;-0.12;0.19;0.66;0.75;
-0.37;-0.73;-0.37;-0.48;-0.01;-0.87;0.00;0.06;0.06;0.02;0.19;-0.99;-0.43;-0.43;-0.91;0.12;-0.67;0.77;0.43;-0.79;0.00;0.22;0.42;0.88;2.80;-0.49;0.12;0.01;-0.30;1.00;-2.38;2.44;0.37;0.69;-0.56;0.54;-14.57;-29.21;-82.80;-0.67;0.07;-0.26;5.37;-1.10;-3.60;0.19;0.66;0.75;
-1.04;0.00;0.37;-0.48;-0.01;-0.86;0.18;0.12;0.18;0.00;0.19;-0.98;-0.49;-0.43;-0.67;0.12;-0.67;0.77;-0.55;-0.30;0.18;0.22;0.42;0.88;-0.24;0.24;0.12;0.01;-0.31;0.99;-6.10;3.84;-0.85;0.69;-0.56;0.54;-27.44;-27.01;26.46;0.55;0.96;-0.25;3.66;0.61;-2.93;0.19;0.66;0.75;
-0.06;0.00;0.12;-0.49;0.00;-0.86;0.61;0.43;-0.12;0.01;0.20;-0.99;0.00;-0.30;-1.10;0.13;-0.67;0.77;3.72;-1.46;-0.12;0.22;0.42;0.88;-0.67;-0.49;-0.12;-0.00;-0.30;0.99;-1.52;0.73;1.22;0.69;-0.56;0.54;-24.27;-73.72;17.01;-0.19;1.07;-0.11;1.22;-0.12;-0.73;0.20;0.64;0.75;
-0.24;0.61;0.12;-0.49;-0.01;-0.86;0.30;0.79;0.24;0.01;0.19;-0.97;0.00;-0.24;-1.10;0.13;-0.66;0.77;0.73;-0.49;0.12;0.23;0.42;0.88;0.12;-0.49;0.67;0.01;-0.32;0.99;1.10;1.34;2.74;0.69;-0.56;0.54;-24.27;-16.77;1.04;-0.19;0.93;0.26;0.98;0.30;-1.22;0.20;0.64;0.76;
-0.61;-0.37;-0.79;-0.48;-0.01;-0.87;0.12;0.30;0.12;0.00;0.19;-0.99;0.37;-0.24;-1.16;0.12;-0.66;0.78;0.00;-0.67;-0.12;0.21;0.42;0.88;2.87;-0.91;-0.49;0.01;-0.31;0.99;-1.16;2.20;1.10;0.66;-0.56;0.54;49.33;110.73;24.70;-0.27;0.94;0.19;-0.18;-0.49;0.43;0.20;0.63;0.77;
-0.18;-0.24;-0.12;-0.48;-0.00;-0.87;0.30;0.67;0.18;0.01;0.19;-0.98;-0.06;-0.43;-0.79;0.12;-0.65;0.77;0.00;-0.37;0.00;0.22;0.42;0.88;0.55;-0.30;0.30;0.01;-0.31;1.00;8.41;-18.72;6.71;0.67;-0.59;0.53;29.51;58.84;29.02;-0.16;1.05;-0.11;0.12;0.43;-0.18;0.20;0.65;0.76;
-0.61;-0.18;0.37;-0.48;0.01;-0.88;-0.18;0.43;0.12;0.01;0.19;-0.96;-0.24;-0.18;-1.22;0.13;-0.66;0.77;0.00;0.00;-0.30;0.22;0.42;0.88;0.30;-0.79;0.61;0.00;-0.31;1.01;7.74;6.89;-1.95;0.60;-0.59;0.47;-15.61;227.93;-83.84;-0.00;0.93;-0.16;3.17;0.24;-3.17;0.21;0.64;0.77;
0.30;0.61;0.06;-0.48;-0.00;-0.86;0.49;0.12;0.24;0.02;0.20;-0.99;0.12;0.00;-0.79;0.12;-0.66;0.76;0.37;-0.18;-0.55;0.22;0.42;0.88;0.37;-0.37;0.37;0.00;-0.30;1.00;16.95;-18.23;5.12;0.77;-0.59;0.61;111.83;-102.44;-95.67;-1.04;0.25;-0.17;9.09;0.12;-6.16;0.21;0.59;0.81;
1.22;1.95;-0.24;-0.49;-0.00;-0.87;0.61;0.85;0.12;0.01;0.20;-0.98;0.12;0.06;0.43;0.12;-0.67;0.77;-3.90;-3.66;2.20;0.22;0.45;0.81;-2.38;-1.83;0.00;0.01;-0.34;0.99;-6.46;7.99;-2.50;0.68;-0.56;0.52;-45.00;59.63;-20.43;-1.27;0.10;-0.31;0.55;23.35;30.18;0.19;0.54;0.84;
-0.73;-0.79;-0.30;-0.48;-0.00;-0.88;-0.37;0.85;-0.06;0.02;0.20;-0.98;-0.61;-0.85;-1.40;0.11;-0.67;0.76;0.24;-0.43;0.00;0.23;0.43;0.88;0.55;-0.49;0.37;0.01;-0.30;1.01;-0.79;0.00;-2.26;0.67;-0.56;0.55;4.94;-11.52;-2.80;-0.98;0.23;-0.01;2.13;-0.49;-1.77;0.14;0.60;0.80;
-0.30;-0.91;-0.18;-0.47;-0.00;-0.87;0.37;0.06;-0.30;0.01;0.20;-0.98;0.37;-0.43;-0.67;0.11;-0.68;0.76;0.67;-0.37;0.12;0.23;0.42;0.88;-0.24;-0.37;0.61;0.01;-0.31;0.99;-9.27;6.77;-3.23;0.67;-0.56;0.57;-5.43;7.32;9.39;-0.99;0.17;0.08;1.34;1.34;-0.73;0.14;0.62;0.80;
-0.30;0.49;0.12;-0.48;0.01;-0.87;0.73;0.00;-0.06;0.01;0.20;-0.99;0.67;-0.24;-1.10;0.11;-0.67;0.76;0.43;-0.79;0.12;0.21;0.42;0.89;0.18;-0.30;0.43;0.00;-0.31;0.99;-3.66;2.62;-0.06;0.67;-0.55;0.57;4.94;-2.62;-2.74;-0.98;0.24;0.05;0.30;-0.37;-0.67;0.12;0.61;0.79;
-0.24;-0.30;0.49;-0.47;0.00;-0.87;1.04;0.37;0.37;0.02;0.20;-0.98;0.12;-0.98;-1.46;0.12;-0.67;0.76;0.67;-0.37;0.49;0.21;0.42;0.89;0.12;-0.18;0.18;0.02;-0.30;0.99;-0.37;1.40;1.04;0.66;-0.55;0.56;5.30;-1.10;3.78;-0.97;0.23;0.09;0.43;-0.37;-0.49;0.13;0.61;0.80;
-0.98;-0.06;-0.12;-0.47;0.00;-0.87;0.37;0.12;0.24;0.01;0.20;-0.98;-0.18;-0.24;-1.16;0.12;-0.67;0.77;0.37;-0.18;0.61;0.22;0.41;0.88;0.12;-0.55;0.00;0.01;-0.31;1.00;0.55;0.43;1.71;0.67;-0.55;0.57;-1.83;7.68;5.55;-0.95;0.26;0.11;0.00;0.18;-0.55;0.12;0.61;0.79;
-0.73;-0.67;-0.06;-0.48;0.00;-0.87;0.12;-0.06;-0.06;0.01;0.19;-0.98;0.30;-0.30;-0.91;0.12;-0.67;0.76;0.18;-0.30;0.49;0.22;0.41;0.88;-0.06;-0.49;0.12;0.01;-0.31;0.99;0.37;0.67;1.52;0.66;-0.56;0.56;5.18;-7.13;-2.56;-0.95;0.24;0.11;0.06;-0.61;-0.24;0.12;0.61;0.80;
-0.18;-0.30;0.30;-0.48;-0.00;-0.86;0.67;0.12;0.37;0.01;0.19;-0.99;0.24;-0.55;-0.79;0.12;-0.67;0.76;0.43;-0.79;0.18;0.22;0.42;0.89;0.24;-0.12;0.30;0.01;-0.30;0.99;0.61;0.24;1.77;0.67;-0.56;0.57;0.91;-0.37;-1.22;-0.97;0.24;0.11;0.24;-0.06;-0.49;0.13;0.61;0.79;
-0.18;-0.67;0.67;-0.48;0.00;-0.88;0.98;0.12;0.12;0.01;0.20;-0.98;-0.30;-0.61;-1.10;0.12;-0.66;0.77;0.24;-0.06;0.00;0.22;0.42;0.87;-0.06;-0.30;0.00;0.01;-0.30;1.01;3.78;-1.52;3.11;0.67;-0.54;0.57;5.24;-7.13;-3.96;-0.97;0.22;0.08;0.00;-0.18;-0.37;0.12;0.62;0.79;
-0.61;-0.18;0.24;-0.48;0.01;-0.87;0.06;0.30;0.06;0.01;0.19;-0.99;-0.30;-0.37;-0.85;0.12;-0.67;0.76;0.49;-0.73;-0.55;0.22;0.42;0.88;0.49;-0.24;0.18;0.01;-0.31;1.00;-2.01;2.13;0.06;0.65;-0.56;0.57;1.46;-1.28;1.16;-0.95;0.25;0.08;0.37;0.00;-0.24;0.12;0.61;0.80;
0.43;-0.43;-0.30;-0.47;0.01;-0.87;0.12;0.24;0.18;0.01;0.20;-0.98;-0.06;-0.12;-1.04;0.11;-0.68;0.76;0.24;-0.24;-0.12;0.22;0.42;0.88;0.30;-0.06;0.79;0.01;-0.30;0.99;5.43;-6.65;3.66;0.66;-0.56;0.57;-1.28;5.49;2.38;-0.98;0.22;0.10;0.12;0.12;-0.49;0.13;0.61;0.80;
-0.30;-0.24;0.18;-0.48;0.00;-0.87;-0.06;0.18;0.30;0.01;0.20;-0.98;-0.24;-0.30;-1.28;0.12;-0.67;0.77;0.85;-0.24;0.18;0.23;0.42;0.89;-0.18;-0.12;0.12;0.01;-0.30;0.99;3.11;12.99;3.72;0.74;-0.51;0.63;3.29;-6.71;-3.72;-0.97;0.21;0.12;1.28;-0.37;-0.43;0.12;0.61;0.81;
-0.37;-0.37;-0.49;-0.48;-0.00;-0.87;0.24;0.24;0.37;0.01;0.20;-0.98;0.06;-0.30;-1.10;0.12;-0.67;0.76;-0.06;-0.55;0.12;0.22;0.42;0.88;0.00;-0.43;0.18;0.01;-0.30;0.99;-6.65;-1.95;0.06;0.64;-0.54;0.56;-6.65;5.00;-9.45;-0.98;0.16;0.13;0.67;1.52;-0.55;0.12;0.62;0.80;
-1.10;0.12;-0.12;-0.48;0.00;-0.86;0.37;0.55;0.43;0.00;0.19;-0.98;0.06;0.06;-0.85;0.12;-0.67;0.76;0.18;-0.43;0.06;0.22;0.42;0.88;-0.12;-0.37;0.43;0.00;-0.31;0.99;7.13;-4.02;6.22;0.69;-0.55;0.59;-1.71;-1.71;2.50;-1.02;0.10;0.07;0.18;0.67;-0.67;0.13;0.61;0.80;
0.12;-0.43;0.37;-0.48;0.00;-0.87;0.37;0.30;-0.06;0.01;0.20;-0.98;0.55;-0.30;-0.73;0.11;-0.67;0.76;0.61;-0.37;0.00;0.22;0.42;0.88;0.18;-0.24;0.18;0.01;-0.30;1.00;-0.43;0.37;0.49;0.66;-0.55;0.57;-8.23;6.28;-10.12;-0.96;0.12;0.20;-3.78;-2.87;3.54;0.12;0.61;0.80;
-0.55;-0.55;0.24;-0.47;0.01;-0.88;0.67;0.24;-0.12;0.02;0.20;-0.98;0.43;-0.67;-1.22;0.12;-0.67;0.76;0.12;-0.55;0.49;0.22;0.42;0.88;0.67;0.00;-0.12;0.00;-0.31;1.00;-0.49;0.30;1.65;0.67;-0.55;0.57;1.28;-8.11;2.07;-0.95;0.08;0.22;4.02;1.77;-1.89;0.12;0.61;0.80;
-0.30;0.24;0.55;-0.48;0.00;-0.87;0.49;0.12;0.18;0.01;0.20;-0.98;-0.43;-1.04;-0.49;0.11;-0.66;0.77;0.67;-0.37;0.12;0.22;0.41;0.89;0.55;-0.12;0.79;0.01;-0.31;1.00;0.30;0.91;2.44;0.67;-0.55;0.58;2.32;1.65;1.65;-0.93;0.08;0.31;0.30;0.00;-0.30;0.13;0.61;0.81;
-0.24;0.18;0.30;-0.48;0.00;-0.87;0.67;0.18;-0.55;0.01;0.19;-0.98;0.18;-0.06;-0.61;0.11;-0.67;0.76;0.43;-0.18;0.12;0.22;0.42;0.87;-0.06;-0.06;0.12;0.01;-0.31;1.00;2.32;0.06;2.32;0.67;-0.54;0.57;-8.84;5.85;-7.01;-0.92;0.13;0.27;0.18;-0.06;-0.49;0.13;0.61;0.80;
-0.12;-0.24;-0.37;-0.48;-0.00;-0.87;0.12;0.24;0.18;0.01;0.20;-0.98;-0.06;-0.61;-0.85;0.12;-0.67;0.76;0.24;-0.55;0.00;0.22;0.42;0.88;0.06;-0.43;0.55;0.01;-0.30;0.99;-0.43;0.06;1.77;0.66;-0.56;0.58;-0.06;0.37;2.32;-0.95;0.07;0.30;0.00;0.37;-0.61;0.13;0.60;0.79;
-0.49;-0.37;-0.06;-0.47;0.00;-0.87;0.24;0.43;0.18;0.01;0.20;-0.98;0.55;-0.37;-0.98;0.12;-0.67;0.76;0.61;-0.24;-0.18;0.22;0.41;0.88;0.18;-0.30;0.24;0.00;-0.31;1.00;-0.12;0.85;1.16;0.66;-0.55;0.58;6.46;-9.27;-4.39;-0.96;0.07;0.27;0.18;0.37;-0.12;0.13;0.61;0.80;
-0.61;0.00;0.24;-0.48;0.00;-0.87;0.43;0.30;0.18;0.01;0.20;-0.98;0.06;-0.55;-0.79;0.12;-0.67;0.77;0.24;-0.73;0.24;0.22;0.42;0.87;0.00;-0.12;0.37;-0.00;-0.30;1.00;-1.83;4.02;-3.41;0.61;-0.55;0.56;9.76;-9.57;-1.59;-0.94;0.07;0.31;0.00;-0.37;-0.43;0.13;0.61;0.81;
0.12;-0.06;-0.30;-0.48;0.00;-0.88;0.79;0.67;0.30;0.01;0.19;-0.98;0.37;-0.24;-1.16;0.12;-0.67;0.76;0.37;-0.24;0.18;0.22;0.42;0.88;0.00;-0.37;0.43;0.01;-0.31;0.99;7.99;-11.59;7.13;0.68;-0.59;0.60;4.63;42.74;16.77;-0.97;0.15;0.14;0.12;0.37;-0.85;0.13;0.60;0.81;
-0.49;-0.55;0.00;-0.48;-0.00;-0.87;0.98;0.37;0.37;0.01;0.19;-0.98;0.00;-0.43;-0.79;0.12;-0.66;0.76;0.49;-0.49;-0.12;0.22;0.41;0.88;0.06;-0.91;-0.18;0.01;-0.30;0.99;-0.12;6.71;-2.99;0.58;-0.52;0.54;0.49;-21.89;-3.66;-0.97;0.19;0.05;0.18;0.00;-0.73;0.13;0.61;0.80;
-0.55;-0.30;0.37;-0.47;0.00;-0.88;0.43;-0.18;0.12;0.01;0.20;-0.98;0.12;-0.61;-1.28;0.12;-0.67;0.77;0.30;-0.67;-0.43;0.22;0.42;0.88;0.18;-0.18;0.30;0.01;-0.30;0.99;7.74;-1.59;9.51;0.68;-0.62;0.62;1.04;-0.67;-2.93;-0.97;0.28;-0.06;-0.06;-0.24;-0.49;0.13;0.60;0.81;
-0.30;-0.43;-0.06;-0.48;0.00;-0.87;0.43;0.43;0.12;0.00;0.19;-0.99;0.06;-0.49;-0.73;0.12;-0.68;0.76;0.49;-0.73;0.43;0.22;0.41;0.88;0.24;-0.30;-0.06;0.01;-0.29;0.99;-1.71;6.52;-3.60;0.73;-0.52;0.64;-0.55;-1.40;-1.52;-0.96;0.28;-0.05;0.18;-0.12;-0.43;0.13;0.60;0.80;
-0.06;-0.12;0.37;-0.47;0.00;-0.87;0.24;0.67;0.12;0.01;0.20;-0.98;-0.18;0.18;-1.34;0.12;-0.67;0.77;1.04;-0.61;0.06;0.22;0.42;0.88;0.43;-0.49;0.18;0.01;-0.30;0.99;-5.30;1.77;-2.68;0.62;-0.54;0.56;-0.43;5.73;5.55;-0.96;0.27;-0.04;0.06;-0.12;-0.67;0.13;0.60;0.80;
-0.73;-0.37;0.30;-0.47;0.00;-0.87;0.43;0.67;0.00;0.01;0.20;-0.99;0.24;-0.18;-1.10;0.12;-0.66;0.76;0.30;-0.37;0.67;0.23;0.41;0.88;0.43;-0.18;0.06;-0.00;-0.30;1.00;4.21;-6.77;5.30;0.69;-0.58;0.61;-0.85;-1.95;-3.48;-0.96;0.29;-0.06;0.49;0.49;-0.98;0.13;0.61;0.80;
-0.06;-0.49;-0.18;-0.47;0.01;-0.87;0.85;0.18;0.30;0.02;0.20;-0.97;0.24;-0.43;-1.40;0.11;-0.66;0.78;-0.18;-0.49;-0.37;0.21;0.42;0.88;0.24;-0.37;0.30;0.01;-0.30;1.00;-1.40;1.04;-2.32;0.62;-0.53;0.56;-2.38;7.13;7.01;-0.95;0.27;-0.04;0.06;-0.37;-0.24;0.12;0.61;0.80;
-0.18;-0.12;0.00;-0.47;-0.00;-0.87;0.43;0.24;0.37;0.01;0.20;-0.98;-0.12;-0.30;-1.28;0.12;-0.67;0.76;0.43;-0.49;-0.12;0.22;0.42;0.88;0.24;-0.43;0.24;0.00;-0.31;1.00;1.71;-8.84;4.39;0.67;-0.60;0.59;-0.73;-0.06;-2.74;-0.95;0.31;-0.10;-0.06;0.12;-0.67;0.13;0.61;0.81;
-0.43;0.12;0.24;-0.48;-0.00;-0.87;0.73;0.24;0.37;0.01;0.20;-0.98;0.43;-0.67;-0.91;0.11;-0.67;0.76;0.43;-0.24;0.24;0.22;0.42;0.88;0.12;-0.37;0.06;0.01;-0.31;1.00;2.38;7.93;-0.79;0.60;-0.54;0.54;-3.78;0.98;-0.30;-0.95;0.33;-0.01;0.18;0.24;-0.55;0.14;0.61;0.81;
-0.06;-0.37;0.37;-0.47;0.01;-0.87;0.55;0.18;0.37;0.01;0.19;-0.99;0.37;-0.73;-0.91;0.12;-0.66;0.76;0.61;-0.43;-0.18;0.21;0.42;0.87;0.49;-0.49;0.61;0.00;-0.30;0.99;7.99;-6.95;4.70;0.71;-0.59;0.61;-1.71;6.04;-8.78;-0.97;0.26;-0.09;0.55;0.12;-0.30;0.13;0.60;0.80;
0.30;-0.49;-0.12;-0.48;-0.00;-0.87;0.06;0.06;0.24;0.01;0.20;-0.99;-0.12;0.00;-1.10;0.12;-0.67;0.76;0.55;-0.30;0.06;0.22;0.42;0.88;-0.12;-0.30;0.18;0.01;-0.30;1.00;5.43;0.79;-0.85;0.60;-0.54;0.55;-1.52;7.68;5.37;-0.95;0.27;-0.08;0.55;0.00;-0.43;0.13;0.61;0.79;
0.06;-0.43;0.06;-0.48;0.00;-0.87;0.49;0.30;0.06;0.01;0.20;-0.98;0.06;-0.49;-1.10;0.11;-0.67;0.77;0.49;-0.79;0.00;0.22;0.42;0.88;0.37;-0.30;0.24;0.01;-0.30;0.99;-0.55;-7.80;2.74;0.67;-0.62;0.59;-2.01;1.71;-2.74;-0.95;0.34;-0.17;0.43;0.12;-0.37;0.13;0.60;0.80;
-0.37;0.12;0.24;-0.47;0.00;-0.87;0.49;0.73;0.24;0.01;0.20;-0.98;0.24;-0.49;-0.91;0.12;-0.66;0.76;0.18;-0.49;0.12;0.23;0.42;0.88;1.22;-0.43;0.37;0.00;-0.30;1.00;4.09;7.87;0.85;0.62;-0.54;0.54;-5.55;9.39;5.67;-0.90;0.33;-0.18;0.49;0.24;-0.49;0.13;0.60;0.80;
-0.79;-0.30;0.37;-0.48;0.00;-0.87;0.43;0.00;-0.37;0.01;0.19;-0.98;-0.24;-0.18;-0.73;0.12;-0.67;0.76;0.18;0.00;0.12;0.22;0.42;0.88;0.49;-0.61;0.12;0.01;-0.30;0.99;-3.60;-11.59;2.38;0.64;-0.58;0.56;7.20;2.93;0.73;-0.87;0.40;-0.33;0.06;0.30;-0.18;0.14;0.61;0.80;
-0.55;0.30;-0.18;-0.48;-0.00;-0.87;0.18;0.18;-0.18;0.01;0.20;-0.98;0.24;-0.55;-0.73;0.13;-0.67;0.77;0.73;-0.24;0.12;0.23;0.41;0.88;0.24;-0.12;0.43;0.00;-0.30;1.00;7.26;7.32;1.83;0.61;-0.53;0.54;-4.09;4.63;4.51;-0.89;0.33;-0.28;0.37;-0.12;-0.61;0.13;0.60;0.81;
-0.24;-0.61;0.06;-0.48;0.00;-0.87;0.30;0.55;0.49;0.01;0.20;-0.99;0.24;-0.06;-0.49;0.12;-0.67;0.76;0.67;0.06;0.12;0.23;0.42;0.88;0.43;-0.73;-0.06;0.01;-0.30;1.00;-2.38;-13.35;2.13;0.66;-0.60;0.58;-1.59;8.17;1.04;-0.84;0.43;-0.37;0.18;-0.43;-0.73;0.13;0.62;0.80;
-0.30;0.12;0.37;-0.48;0.01;-0.87;0.30;0.61;0.37;0.02;0.19;-0.98;0.12;-0.67;-1.10;0.11;-0.67;0.76;0.91;-0.37;0.43;0.22;0.42;0.87;0.55;-0.37;0.73;0.00;-0.30;1.00;5.85;10.67;1.65;0.59;-0.54;0.53;-1.89;2.32;4.09;-0.85;0.37;-0.36;0.37;0.00;-0.49;0.13;0.61;0.81;
-0.43;-0.49;-0.24;-0.47;-0.00;-0.87;0.24;-0.24;0.12;0.02;0.20;-0.97;-0.06;-0.43;-1.34;0.11;-0.67;0.76;0.43;-0.79;-0.06;0.22;0.43;0.89;-0.24;-0.12;0.18;0.01;-0.30;0.99;-9.33;-5.98;-0.43;0.65;-0.60;0.57;-0.06;5.67;3.90;-0.80;0.48;-0.45;0.85;-0.06;-0.30;0.13;0.61;0.81;
-0.37;-0.37;0.12;-0.48;0.00;-0.87;0.43;0.24;0.12;0.01;0.20;-0.98;0.18;-0.30;-0.79;0.12;-0.66;0.75;0.79;-0.55;-0.06;0.22;0.42;0.89;-0.06;-0.61;0.30;0.01;-0.30;1.00;-3.60;14.94;0.79;0.62;-0.53;0.55;-1.16;0.61;-0.79;-0.80;0.41;-0.38;-0.06;-0.24;-0.18;0.13;0.60;0.81;
-1.10;-0.12;-0.12;-0.48;0.00;-0.88;0.49;0.55;-0.06;0.01;0.20;-0.98;0.06;-0.06;-0.98;0.12;-0.67;0.76;0.00;-0.85;-0.12;0.22;0.42;0.88;-0.12;-0.43;0.55;0.01;-0.31;1.00;-9.09;-6.34;-1.52;0.63;-0.56;0.55;-3.90;6.28;6.89;-0.74;0.52;-0.45;0.67;0.06;-0.55;0.13;0.62;0.81;
-0.67;-0.24;0.24;-0.48;0.00;-0.87;0.30;0.37;0.30;0.01;0.20;-0.97;0.43;-0.61;-1.16;0.12;-0.68;0.77;0.67;-0.37;-0.06;0.22;0.42;0.89;0.00;-0.37;0.24;0.01;-0.30;0.99;4.94;13.60;3.72;0.69;-0.52;0.62;0.91;-1.22;-1.34;-0.75;0.48;-0.41;0.37;-0.24;-0.43;0.14;0.60;0.81;
-0.24;0.06;0.18;-0.49;0.01;-0.87;0.37;0.00;0.18;0.02;0.20;-0.98;0.37;-0.37;-0.85;0.12;-0.67;0.75;0.43;-0.85;0.00;0.21;0.42;0.88;0.18;-0.61;0.37;0.01;-0.30;0.99;-3.35;-5.24;-3.05;0.64;-0.54;0.56;-4.70;14.21;24.82;-0.67;0.59;-0.46;0.18;-0.24;-0.37;0.14;0.61;0.80;
-0.37;0.06;-0.43;-0.48;0.01;-0.87;0.61;0.61;0.30;0.01;0.20;-0.98;0.30;-0.37;-1.04;0.12;-0.67;0.76;0.12;-0.24;0.06;0.22;0.41;0.88;0.55;-0.24;0.55;0.01;-0.30;0.99;1.95;-1.89;5.00;0.67;-0.60;0.61;9.45;-7.38;2.62;-0.62;0.62;-0.47;0.37;-0.06;-0.55;0.13;0.61;0.80;
-0.06;-0.43;-0.18;-0.48;-0.00;-0.87;0.55;0.43;0.00;0.01;0.20;-0.98;-0.55;-0.67;-1.10;0.11;-0.67;0.76;-0.37;-0.06;0.18;0.22;0.41;0.88;0.18;-0.55;0.18;0.01;-0.29;0.99;0.85;2.13;3.29;0.65;-0.50;0.58;2.99;-1.16;0.37;-0.63;0.61;-0.50;-0.12;0.55;-0.43;0.14;0.60;0.80;
0.18;-0.06;0.30;-0.47;0.00;-0.87;0.18;0.43;0.06;0.00;0.20;-0.98;-0.30;-0.43;-1.22;0.11;-0.67;0.77;-0.06;-0.98;0.18;0.23;0.41;0.88;0.37;-0.49;0.18;0.01;-0.30;0.99;-3.11;-0.06;-1.28;0.68;-0.59;0.60;-1.34;-1.34;2.13;-0.66;0.57;-0.48;0.00;0.49;-0.37;0.13;0.61;0.80;
-0.61;-0.24;0.00;-0.48;0.01;-0.87;0.49;-0.12;0.06;0.02;0.19;-0.99;0.00;-0.37;-1.22;0.12;-0.66;0.76;0.61;-0.24;-0.12;0.23;0.42;0.88;-0.06;-0.18;0.06;0.01;-0.31;0.98;0.91;0.79;1.40;0.67;-0.54;0.58;-3.11;6.34;1.89;-0.63;0.62;-0.52;0.24;0.12;-0.30;0.13;0.62;0.80;
0.30;0.12;-0.12;-0.48;0.01;-0.87;0.37;0.18;0.24;0.01;0.19;-0.99;-0.18;-0.24;-0.73;0.11;-0.67;0.77;0.43;-0.49;0.30;0.22;0.41;0.88;0.43;-0.67;0.24;0.00;-0.30;1.00;0.06;0.67;1.77;0.67;-0.55;0.59;1.28;1.28;1.52;-0.64;0.59;-0.51;0.18;-0.12;-0.12;0.14;0.62;0.79;
-0.49;-0.06;0.24;-0.47;0.01;-0.86;0.06;0.24;0.37;0.01;0.20;-0.98;0.18;-0.61;-1.10;0.12;-0.67;0.76;0.79;-0.12;-0.12;0.22;0.42;0.88;0.24;-0.30;0.18;0.01;-0.30;0.99;-0.12;1.28;1.40;0.67;-0.55;0.58;-2.13;6.04;3.29;-0.66;0.58;-0.51;0.24;0.06;-0.18;0.14;0.61;0.81;
-0.37;0.00;0.37;-0.48;-0.00;-0.86;0.49;0.49;0.00;0.01;0.20;-0.98;0.24;-0.37;-0.91;0.12;-0.67;0.76;0.55;-0.49;0.43;0.22;0.42;0.89;0.91;-0.18;0.30;0.01;-0.30;1.00;0.98;0.30;1.83;0.66;-0.55;0.58;-3.90;4.57;2.50;-0.66;0.56;-0.49;0.37;0.06;-0.55;0.14;0.60;0.80;
-0.43;-0.49;-0.06;-0.48;0.00;-0.87;0.61;0.18;0.49;0.01;0.19;-0.98;-0.37;-0.30;-0.73;0.11;-0.67;0.77;0.18;-0.30;-0.30;0.22;0.42;0.88;0.37;-0.30;0.18;0.00;-0.30;0.99;0.67;1.77;1.71;0.66;-0.55;0.58;-2.80;5.85;1.83;-0.64;0.60;-0.53;0.06;-0.12;-0.43;0.14;0.61;0.80;
-0.12;0.12;0.12;-0.48;0.01;-0.87;0.06;-0.12;0.00;0.01;0.20;-0.98;0.00;-0.37;-1.04;0.11;-0.66;0.76;0.24;-0.73;0.24;0.21;0.42;0.88;0.73;-0.55;0.43;0.01;-0.30;1.00;1.34;-2.68;2.13;0.66;-0.54;0.59;0.98;-1.10;0.61;-0.61;0.60;-0.50;0.00;0.18;-0.06;0.14;0.61;0.80;
-0.24;-0.12;0.12;-0.48;0.00;-0.87;0.43;0.12;0.18;0.01;0.20;-0.99;-0.18;-0.37;-1.28;0.11;-0.66;0.76;0.49;-0.43;0.06;0.23;0.42;0.88;0.18;-0.61;0.43;0.01;-0.30;0.99;-5.79;13.41;2.87;0.66;-0.52;0.61;9.21;-9.33;-3.11;-0.63;0.58;-0.49;0.00;-0.06;-0.18;0.13;0.61;0.80;
-0.49;-0.49;-0.12;-0.48;-0.00;-0.88;0.91;0.37;0.12;0.01;0.19;-0.98;0.18;-0.91;-0.85;0.12;-0.67;0.76;0.18;0.00;-0.06;0.23;0.42;0.89;0.43;-0.30;0.24;0.00;-0.30;0.99;-6.10;-11.22;0.67;0.62;-0.55;0.55;-2.93;6.77;2.07;-0.64;0.59;-0.52;0.06;0.30;-0.49;0.13;0.61;0.81;
-0.55;-0.37;0.00;-0.47;-0.00;-0.88;0.67;-0.49;0.12;0.01;0.19;-0.98;0.00;0.00;-0.67;0.12;-0.67;0.76;0.00;-0.67;0.30;0.21;0.42;0.89;0.18;-0.49;0.30;0.01;-0.31;0.99;3.90;12.93;3.48;0.72;-0.52;0.62;-2.44;-0.06;1.04;-0.65;0.56;-0.51;0.37;0.12;-0.73;0.13;0.60;0.80;
-0.30;0.18;0.43;-0.48;0.01;-0.87;0.73;0.30;0.43;0.01;0.20;-0.98;0.06;-0.55;-0.49;0.11;-0.67;0.76;0.43;-0.55;0.00;0.22;0.42;0.87;0.49;-0.18;0.06;0.00;-0.31;0.99;-5.37;-0.55;-1.95;0.64;-0.54;0.57;2.99;1.77;4.45;-0.62;0.60;-0.50;0.06;0.12;-0.73;0.14;0.61;0.80;
0.06;-0.30;0.18;-0.48;0.00;-0.87;0.37;0.55;0.43;0.01;0.20;-0.98;0.30;-0.43;-1.10;0.11;-0.67;0.77;0.43;-0.18;0.37;0.22;0.42;0.88;0.49;-0.30;0.12;0.01;-0.30;0.99;7.07;-4.39;5.98;0.69;-0.55;0.61;6.40;19.51;-30.24;-0.66;0.48;-0.58;0.30;-0.18;-0.37;0.14;0.60;0.79;
-0.24;-0.18;0.24;-0.49;0.00;-0.88;0.55;0.37;0.12;0.01;0.20;-0.98;0.18;-0.73;-0.61;0.12;-0.67;0.76;-0.18;-0.49;0.49;0.23;0.43;0.88;0.12;-0.12;0.37;0.00;-0.30;0.99;2.62;2.62;-0.30;0.62;-0.53;0.56;3.78;-3.17;8.17;-0.56;0.44;-0.69;0.37;0.49;-0.61;0.13;0.60;0.80;
-0.30;-0.06;-0.06;-0.48;-0.00;-0.87;0.12;0.24;0.37;0.02;0.20;-0.98;0.12;-0.55;-0.91;0.11;-0.67;0.76;0.12;-0.55;-0.12;0.22;0.42;0.88;0.18;-0.43;0.55;0.01;-0.30;0.99;-3.05;-4.21;0.85;0.66;-0.58;0.57;16.28;-19.39;-9.39;-0.61;0.43;-0.67;0.30;-0.37;-0.43;0.13;0.60;0.80;
0.00;-0.37;-0.24;-0.48;-0.00;-0.88;0.18;0.24;0.37;0.01;0.20;-0.98;0.30;-0.24;-1.71;0.12;-0.67;0.77;0.67;-0.24;-0.18;0.22;0.41;0.88;0.37;-0.30;0.18;0.01;-0.30;1.00;3.48;6.59;2.38;0.69;-0.53;0.60;-3.72;6.46;4.02;-0.59;0.42;-0.69;0.24;0.00;-0.85;0.14;0.60;0.81;
-0.55;0.00;0.06;-0.47;0.01;-0.86;0.67;0.06;0.00;0.01;0.20;-0.98;0.55;-0.30;-0.85;0.12;-0.67;0.75;0.43;0.00;-0.12;0.22;0.41;0.88;0.79;-0.67;0.61;0.00;-0.30;0.98;-6.28;-1.04;-1.77;0.64;-0.55;0.57;2.74;1.83;5.24;-0.53;0.48;-0.71;0.12;0.37;-0.67;0.14;0.61;0.80;
-0.24;-0.24;0.91;-0.48;0.00;-0.88;0.55;0.67;0.06;0.02;0.20;-0.97;-0.30;-0.43;-1.28;0.12;-0.67;0.77;0.06;0.06;0.18;0.22;0.42;0.89;0.24;-0.55;0.18;0.00;-0.30;0.99;7.38;-2.01;4.45;0.71;-0.55;0.62;-0.30;-3.84;-4.39;-0.55;0.45;-0.72;0.49;0.06;-0.30;0.14;0.61;0.80;
-0.18;-0.49;-0.06;-0.49;-0.00;-0.87;0.43;0.61;0.30;0.01;0.20;-0.98;-0.30;-0.18;-0.85;0.11;-0.67;0.76;0.55;-0.49;0.18;0.22;0.42;0.88;0.00;-0.24;0.12;0.01;-0.31;1.00;-4.39;1.71;-1.89;0.60;-0.54;0.55;4.33;-0.85;1.71;-0.58;0.42;-0.68;0.06;0.12;-0.24;0.14;0.61;0.81;
-0.37;-0.18;-0.43;-0.46;0.00;-0.86;0.61;0.37;0.43;0.01;0.20;-0.99;-0.30;0.06;-1.04;0.12;-0.67;0.76;0.91;-0.18;0.18;0.21;0.42;0.88;0.30;-0.37;0.43;0.01;-0.30;0.99;9.94;6.59;2.87;0.71;-0.55;0.63;0.00;-1.77;-3.60;-0.57;0.41;-0.71;0.49;-0.12;-0.61;0.12;0.60;0.80;
-0.67;0.06;0.06;-0.48;0.00;-0.88;0.12;0.30;-0.12;0.01;0.20;-0.99;0.55;-0.85;-1.16;0.12;-0.68;0.77;0.37;-0.12;0.85;0.22;0.42;0.88;0.00;-0.24;0.37;0.01;-0.30;1.00;-9.94;-1.28;-1.89;0.65;-0.56;0.57;4.02;0.43;3.11;-0.54;0.49;-0.69;0.37;0.06;-0.30;0.14;0.61;0.81;
-0.37;-0.24;0.43;-0.47;-0.00;-0.87;0.12;-0.49;-0.18;0.01;0.20;-0.99;-0.12;-0.55;-1.10;0.12;-0.68;0.76;-0.06;-0.43;0.61;0.21;0.41;0.88;0.18;0.12;0.43;0.00;-0.31;1.00;2.68;0.98;3.48;0.66;-0.56;0.59;8.29;-9.94;-4.27;-0.57;0.45;-0.70;0.37;0.06;-0.30;0.14;0.61;0.80;
-0.49;-0.12;0.00;-0.48;0.00;-0.87;0.24;0.37;0.00;0.01;0.20;-0.98;0.06;-0.61;-1.04;0.12;-0.67;0.76;0.30;-0.43;-0.18;0.21;0.42;0.88;0.06;-0.37;0.37;0.00;-0.31;0.99;0.61;0.12;1.40;0.65;-0.55;0.58;0.85;-1.77;-0.91;-0.58;0.43;-0.68;0.18;-0.18;-0.73;0.13;0.61;0.79;
-0.61;-0.24;0.06;-0.47;0.01;-0.87;0.18;0.49;0.30;0.02;0.20;-0.98;0.18;-0.30;-1.46;0.12;-0.67;0.76;0.12;-0.85;-0.12;0.23;0.42;0.88;0.49;-0.12;0.24;0.01;-0.30;1.00;-0.18;0.61;1.04;0.67;-0.55;0.58;0.61;-4.02;-0.37;-0.59;0.41;-0.66;0.43;-0.12;-0.49;0.13;0.61;0.80;
-0.55;0.00;0.00;-0.48;0.00;-0.87;0.49;0.37;0.30;0.01;0.20;-0.98;-0.06;-0.30;-0.79;0.12;-0.67;0.77;0.91;-0.79;-0.06;0.23;0.42;0.87;0.24;-0.37;0.55;0.01;-0.30;0.99;-1.28;1.46;1.59;0.65;-0.55;0.56;-3.72;6.10;2.20;-0.58;0.44;-0.67;0.12;0.30;-0.30;0.14;0.61;0.80;
-1.04;-0.12;-0.12;-0.48;0.00;-0.87;0.37;0.18;0.06;0.01;0.20;-0.98;-0.49;-0.12;-1.10;0.12;-0.67;0.76;0.24;-0.49;0.18;0.22;0.42;0.88;0.55;-0.18;0.24;0.01;-0.30;1.00;-0.06;-0.06;1.95;0.67;-0.55;0.57;3.17;-2.80;2.26;-0.57;0.43;-0.70;0.00;-0.06;-0.67;0.13;0.61;0.80;
-0.24;-0.24;0.37;-0.49;0.01;-0.87;0.24;0.18;0.12;0.02;0.20;-0.99;-0.06;-0.79;-1.22;0.12;-0.67;0.76;0.37;-0.43;0.00;0.22;0.42;0.88;0.06;-0.12;0.12;0.00;-0.30;0.99;-0.12;1.28;1.71;0.66;-0.56;0.59;3.54;-4.51;1.95;-0.60;0.44;-0.68;0.61;0.06;-0.37;0.13;0.60;0.81;
-0.12;-0.24;-0.30;-0.47;-0.00;-0.87;1.04;0.12;0.37;0.01;0.20;-0.98;-0.06;-0.98;-0.98;0.12;-0.67;0.76;0.18;-0.85;-0.30;0.23;0.41;0.88;0.06;0.37;0.43;0.01;-0.30;1.00;-1.28;0.37;0.37;0.65;-0.56;0.58;-1.46;2.01;0.98;-0.60;0.44;-0.66;0.30;-0.37;-0.98;0.14;0.61;0.81;
-0.06;-0.73;0.24;-0.48;0.01;-0.86;0.43;0.18;0.06;0.01;0.20;-0.99;-0.49;-0.37;-1.10;0.12;-0.67;0.77;0.79;-0.49;0.12;0.22;0.42;0.89;0.24;-0.24;0.55;0.01;-0.30;1.00;-0.67;1.34;1.22;0.65;-0.55;0.58;0.85;-3.41;-1.46;-0.59;0.46;-0.67;0.24;0.06;-0.37;0.13;0.61;0.81;
-0.79;0.00;0.61;-0.47;0.00;-0.87;0.49;0.30;0.43;0.02;0.20;-0.98;0.30;-0.37;-0.73;0.12;-0.67;0.76;0.24;-0.55;0.30;0.23;0.42;0.89;0.37;-0.49;0.37;0.01;-0.31;1.00;-0.43;0.49;1.77;0.66;-0.55;0.58;-11.83;8.17;0.98;-0.57;0.48;-0.64;0.24;0.37;-0.79;0.13;0.61;0.80;
0.24;-0.18;0.43;-0.48;0.00;-0.87;0.24;-0.12;0.30;0.01;0.20;-0.98;0.30;-0.85;-0.91;0.11;-0.67;0.76;0.18;-0.37;0.06;0.22;0.42;0.88;-0.12;-0.30;0.49;0.02;-0.30;1.00;1.04;0.30;1.71;0.66;-0.55;0.57;0.85;-11.16;3.60;-0.66;0.48;-0.54;0.12;-0.06;-0.79;0.13;0.60;0.81;
0.00;-0.06;0.30;-0.48;-0.00;-0.88;0.73;0.43;-0.06;0.01;0.20;-0.98;-0.18;0.00;-0.73;0.12;-0.67;0.76;0.55;-0.43;0.91;0.22;0.42;0.89;0.43;-0.49;0.12;0.01;-0.30;1.00;-0.12;0.85;1.34;0.65;-0.55;0.58;-4.70;5.61;0.91;-0.58;0.54;-0.63;0.37;0.18;-0.18;0.13;0.61;0.81;
-0.12;-0.49;-0.06;-0.48;0.01;-0.86;0.55;0.00;0.00;0.02;0.20;-0.98;-0.43;-0.73;-1.16;0.12;-0.67;0.77;0.30;-0.91;0.06;0.23;0.42;0.88;0.43;-0.37;0.24;0.00;-0.30;1.00;1.22;1.46;1.83;0.66;-0.55;0.59;-10.06;-4.21;8.05;-0.55;0.61;-0.63;0.30;0.12;-0.61;0.13;0.61;0.80;
-0.12;0.24;0.37;-0.48;0.01;-0.87;0.30;0.43;0.06;0.01;0.20;-0.98;-0.67;-0.55;-1.22;0.12;-0.68;0.76;0.91;-0.43;0.00;0.21;0.41;0.89;-0.55;-0.30;0.37;0.01;-0.30;1.00;-2.93;-1.22;2.20;0.64;-0.57;0.57;-1.89;0.91;2.68;-0.55;0.63;-0.58;0.43;0.73;-0.61;0.13;0.61;0.80;
-0.67;0.18;0.12;-0.48;0.01;-0.87;0.67;0.00;-0.24;0.02;0.20;-0.99;0.12;-0.49;-0.55;0.11;-0.67;0.76;0.24;-0.55;0.30;0.22;0.42;0.88;0.49;-0.49;0.06;0.01;-0.30;1.00;1.89;2.80;3.05;0.66;-0.53;0.59;0.67;0.91;1.04;-0.54;0.63;-0.54;0.12;0.18;-0.49;0.13;0.61;0.81;
0.06;0.49;-0.30;-0.47;0.01;-0.88;0.18;0.37;0.12;0.01;0.20;-0.99;-0.18;-0.43;-1.71;0.12;-0.67;0.76;0.61;-0.55;0.12;0.22;0.41;0.89;0.55;-0.18;0.55;0.01;-0.30;0.99;0.61;-2.32;-2.68;0.66;-0.55;0.61;-0.12;-2.38;2.01;-0.55;0.63;-0.55;0.18;0.43;-0.79;0.13;0.61;0.80;
-0.06;-0.55;0.43;-0.48;0.00;-0.88;-0.24;-0.18;-0.12;0.01;0.20;-0.98;-0.61;-0.73;-1.04;0.12;-0.67;0.76;-0.43;-0.43;0.00;0.22;0.41;0.88;0.43;-0.18;0.24;0.01;-0.30;0.99;2.13;5.91;4.88;0.64;-0.58;0.56;-11.28;7.74;1.83;-0.54;0.66;-0.55;0.12;0.00;-0.30;0.13;0.61;0.80;
-0.43;0.00;0.24;-0.49;0.00;-0.88;0.67;0.37;0.12;0.01;0.20;-0.98;0.00;-0.12;-1.34;0.12;-0.67;0.76;0.67;-0.37;-0.12;0.23;0.42;0.88;0.24;-0.12;0.18;0.01;-0.30;0.99;-7.20;0.67;6.95;0.66;-0.55;0.58;-0.06;-0.55;-3.48;-0.50;0.70;-0.56;0.12;0.49;-0.55;0.14;0.60;0.80;
-0.55;0.24;0.73;-0.48;-0.00;-0.87;0.37;0.00;0.18;0.01;0.19;-0.99;0.12;0.00;-0.67;0.11;-0.67;0.76;0.55;-0.85;0.06;0.21;0.41;0.86;0.18;-0.12;0.49;0.01;-0.30;0.99;-8.48;6.65;2.93;0.65;-0.54;0.57;-1.46;37.56;-23.41;-0.55;0.58;-0.59;0.06;0.18;-0.49;0.13;0.61;0.80;
-0.37;0.12;-0.24;-0.48;0.00;-0.87;0.12;0.49;0.24;0.01;0.19;-0.98;-0.49;-0.61;-0.98;0.12;-0.66;0.76;0.30;-0.49;-0.43;0.22;0.41;0.86;0.18;-0.37;0.00;0.01;-0.30;0.99;-2.99;-13.05;0.91;0.65;-0.58;0.55;47.62;64.76;8.96;-0.39;0.43;-0.75;-0.06;0.67;0.12;0.13;0.61;0.81;
0.18;-0.49;-0.18;-0.48;-0.00;-0.87;-0.12;-0.12;0.55;0.01;0.20;-0.97;1.04;0.55;-1.65;0.11;-0.68;0.76;0.49;-0.18;0.00;0.21;0.42;0.88;0.43;-0.24;-0.06;0.01;-0.30;1.00;0.79;15.24;2.80;0.69;-0.53;0.58;2.32;-16.28;-2.50;-0.12;0.46;-0.87;0.73;0.73;-0.61;0.14;0.60;0.79;
-0.79;-0.43;0.43;-0.48;0.01;-0.86;-0.24;0.12;-0.12;0.01;0.20;-0.98;0.06;-0.67;-1.40;0.11;-0.67;0.76;0.24;-0.61;-0.06;0.23;0.42;0.88;0.06;-0.37;0.49;0.00;-0.30;1.00;-2.01;-6.95;0.30;0.63;-0.57;0.56;-26.52;33.29;37.13;-0.10;0.47;-0.87;0.24;0.30;-1.04;0.13;0.62;0.80;
-0.49;0.24;0.24;-0.48;0.01;-0.86;-0.24;0.61;0.24;0.00;0.20;-0.98;-0.18;-0.30;-0.98;0.12;-0.67;0.77;0.12;0.18;0.12;0.21;0.42;0.87;0.12;-0.55;0.18;0.00;-0.30;1.00;-0.43;19.09;3.48;0.74;-0.50;0.65;-2.50;-2.07;-16.89;-0.13;0.56;-0.84;0.24;0.18;-0.37;0.13;0.63;0.79;
0.00;-0.12;-0.24;-0.48;0.01;-0.87;0.43;0.30;0.12;0.02;0.19;-0.98;0.30;-0.55;-1.10;0.12;-0.68;0.76;0.37;-0.37;0.12;0.22;0.42;0.88;0.55;-0.24;0.37;0.01;-0.29;0.99;1.16;-2.07;-2.07;0.62;-0.54;0.56;-9.21;-21.77;7.26;-0.28;0.53;-0.82;-0.73;0.61;0.79;0.12;0.62;0.80;
-0.49;-0.61;0.43;-0.48;0.01;-0.87;0.24;0.00;0.24;0.00;0.20;-0.99;0.18;-0.49;-0.79;0.12;-0.67;0.76;-0.06;-0.18;-0.06;0.22;0.41;0.89;0.30;-0.43;0.49;0.00;-0.29;1.00;-1.89;-8.41;1.46;0.67;-0.60;0.60;-39.94;-117.32;46.10;-0.28;0.86;-0.66;-0.43;0.91;0.30;0.13;0.61;0.80;
0.06;-1.40;-1.28;-0.49;0.00;-0.88;0.61;-0.06;0.00;0.01;0.20;-0.99;0.06;0.06;-0.55;0.12;-0.67;0.76;-0.06;-0.30;-0.06;0.22;0.42;0.88;0.43;-0.61;-0.12;0.01;-0.29;1.00;14.33;10.49;11.16;0.69;-0.53;0.61;-10.55;11.71;12.56;-0.20;0.80;-0.88;0.67;-0.49;-0.30;0.13;0.61;0.80;
-17.38;1.89;30.18;-0.53;0.14;-0.92;0.18;0.06;0.49;0.01;0.20;-0.99;-2.87;-0.06;0.73;0.10;-0.68;0.76;-3.90;-0.67;0.43;0.24;0.40;0.93;-0.30;-0.79;0.24;0.01;-0.30;0.99;-6.83;-1.77;-5.06;0.62;-0.52;0.53;53.29;19.45;-32.74;-0.27;0.61;-0.21;1.95;0.00;-1.71;0.14;0.58;0.81;
-1.04;-0.49;0.73;-0.48;0.01;-0.88;0.55;0.24;0.00;0.01;0.20;-0.97;0.37;-0.18;-1.16;0.11;-0.67;0.76;0.79;-0.30;0.12;0.22;0.41;0.89;-0.30;0.06;0.61;0.01;-0.30;0.98;-3.54;-9.39;-0.55;0.66;-0.60;0.58;-12.50;13.90;11.71;-0.12;0.67;-0.86;2.13;0.55;-2.13;0.13;0.61;0.80;
-0.73;0.24;-0.06;-0.48;0.02;-0.87;0.12;0.37;-0.06;0.01;0.20;-0.99;-0.18;-0.73;-0.98;0.12;-0.67;0.76;0.12;-0.55;-0.18;0.23;0.42;0.88;0.73;-0.43;0.30;0.00;-0.31;1.01;-12.56;9.33;-7.01;0.66;-0.55;0.55;0.24;-10.37;-0.73;-0.28;0.60;-0.74;0.43;-0.12;-0.67;0.13;0.60;0.80;
-0.12;-0.06;-0.06;-0.48;0.01;-0.88;0.73;0.37;0.24;0.01;0.20;-0.98;-0.18;-0.18;-1.40;0.11;-0.68;0.76;-0.43;-0.30;0.30;0.22;0.42;0.89;0.12;-0.55;0.30;0.01;-0.30;1.00;-2.50;1.71;6.22;0.66;-0.54;0.57;1.22;-8.17;2.26;-0.27;0.60;-0.71;0.67;-0.18;-0.24;0.13;0.61;0.80;
-0.43;0.00;0.18;-0.48;0.02;-0.87;0.67;-0.06;0.24;0.01;0.20;-0.96;0.06;-0.91;-1.28;0.11;-0.66;0.76;0.18;-0.67;-0.18;0.22;0.42;0.88;0.24;-0.30;0.24;0.01;-0.30;1.00;-3.78;3.84;1.83;0.66;-0.56;0.57;-1.46;-1.65;3.96;-0.24;0.66;-0.72;0.24;-0.24;-0.24;0.13;0.61;0.79;
-0.30;-0.12;0.43;-0.49;0.01;-0.87;0.43;0.12;0.61;0.01;0.20;-0.98;-0.43;-0.55;-0.91;0.11;-0.68;0.76;0.67;-0.61;0.30;0.22;0.42;0.88;0.30;-0.43;0.24;0.00;-0.30;0.99;2.50;-0.30;4.21;0.66;-0.57;0.58;2.01;-1.46;-4.51;-0.25;0.64;-0.72;0.55;-0.18;-0.49;0.13;0.62;0.80;
-0.73;-0.06;-0.55;-0.49;0.02;-0.87;-0.06;0.12;0.18;0.01;0.19;-0.98;0.12;-0.73;-1.46;0.12;-0.67;0.76;0.06;-0.18;0.18;0.23;0.42;0.88;0.49;-0.37;0.24;0.00;-0.30;0.99;-3.11;1.71;0.67;0.67;-0.58;0.58;-0.91;-0.06;-1.59;-0.25;0.63;-0.73;0.49;0.18;-0.43;0.12;0.61;0.80;
-0.06;-0.37;-0.18;-0.48;0.02;-0.87;0.49;0.43;0.18;0.01;0.20;-0.98;-0.61;-0.43;-1.22;0.12;-0.67;0.76;0.12;0.06;-0.37;0.22;0.41;0.86;0.37;-0.49;0.18;0.01;-0.30;1.00;-1.89;1.22;-0.49;0.66;-0.59;0.57;-0.91;0.55;1.16;-0.24;0.65;-0.73;0.55;-0.30;-0.61;0.13;0.62;0.79;
-0.73;-0.55;-0.43;-0.48;0.01;-0.86;0.00;0.30;0.12;0.01;0.20;-0.99;-0.06;-0.37;-0.98;0.11;-0.67;0.75;0.37;-0.06;-0.12;0.22;0.41;0.89;0.24;-0.30;0.37;0.01;-0.30;0.99;-4.02;0.49;-1.28;0.65;-0.55;0.56;0.61;-3.60;0.12;-0.25;0.64;-0.79;0.49;0.24;-0.85;0.13;0.62;0.80;
-0.49;-0.79;0.24;-0.48;0.02;-0.87;0.67;-0.12;0.12;0.01;0.20;-0.98;-0.12;-0.12;-0.79;0.12;-0.67;0.75;0.24;-0.12;-0.18;0.22;0.41;0.88;0.30;-0.24;0.18;0.00;-0.30;0.99;-1.59;1.77;1.28;0.64;-0.55;0.57;-0.37;-0.61;-0.24;-0.24;0.65;-0.75;0.37;0.12;-0.43;0.13;0.62;0.79;
0.12;-0.30;0.79;-0.49;0.02;-0.87;0.37;0.24;0.43;0.01;0.20;-0.98;-0.06;-0.37;-0.73;0.11;-0.67;0.77;0.12;-0.49;0.24;0.22;0.42;0.88;0.24;-0.18;-0.30;0.01;-0.29;0.99;-1.59;0.30;0.12;0.65;-0.56;0.58;0.37;-6.65;-6.28;-0.30;0.62;-0.75;0.24;-0.37;-0.49;0.13;0.61;0.80;
-0.55;-0.24;0.06;-0.48;0.02;-0.87;0.37;0.49;0.43;0.00;0.20;-0.99;0.55;-0.61;-0.73;0.11;-0.68;0.75;0.73;-0.73;0.18;0.22;0.42;0.88;0.24;-0.37;0.85;0.01;-0.30;1.00;-0.49;0.55;1.10;0.65;-0.57;0.58;-4.33;1.71;0.73;-0.39;0.57;-0.73;0.24;0.00;-0.49;0.13;0.61;0.79;
-0.43;0.06;0.18;-0.49;0.02;-0.87;0.49;0.30;0.12;0.02;0.20;-0.98;-0.18;-0.18;-0.98;0.11;-0.68;0.76;0.30;-0.43;0.12;0.22;0.42;0.88;0.30;-0.30;0.30;0.01;-0.30;1.01;-2.13;2.01;0.79;0.65;-0.54;0.58;-2.80;8.11;-4.33;-0.42;0.53;-0.76;0.61;0.12;-0.24;0.13;0.61;0.80;
-0.37;0.12;-0.18;-0.48;0.02;-0.86;0.43;0.67;-0.18;0.01;0.20;-0.98;0.43;-0.18;-1.10;0.12;-0.67;0.77;0.43;-0.18;0.00;0.22;0.41;0.88;0.00;-0.73;0.18;0.01;-0.31;1.00;-0.61;2.50;1.52;0.64;-0.53;0.58;2.62;-0.73;-0.37;-0.40;0.57;-0.74;0.55;0.06;-0.43;0.13;0.61;0.80;
-0.30;0.12;0.18;-0.48;0.02;-0.86;0.49;-0.12;0.24;0.01;0.20;-0.98;0.00;-0.67;-1.34;0.11;-0.67;0.76;0.55;0.06;-0.12;0.22;0.42;0.88;0.49;-0.06;0.43;0.02;-0.30;1.00;-6.40;-1.10;-4.27;0.68;-0.56;0.60;5.00;-8.48;-4.33;-0.43;0.56;-0.75;1.46;-0.06;-0.79;0.12;0.62;0.79;
-0.91;-0.18;0.24;-0.48;0.02;-0.87;0.67;0.18;0.67;0.00;0.21;-0.98;-0.24;-0.12;-0.67;0.11;-0.67;0.76;0.43;-0.37;0.37;0.22;0.42;0.89;0.24;-0.43;0.18;0.00;-0.31;1.00;10.43;2.20;9.39;0.64;-0.55;0.56;-12.87;32.56;7.50;-0.31;0.57;-0.75;0.43;-0.12;-0.37;0.13;0.62;0.80;
0.18;-0.98;-0.24;-0.48;0.02;-0.86;0.49;0.18;-0.06;0.01;0.19;-0.98;-0.24;-0.37;-1.52;0.11;-0.67;0.76;0.18;-0.43;0.30;0.22;0.42;0.87;0.12;-0.43;0.30;0.00;-0.30;0.99;0.67;0.55;3.90;0.66;-0.55;0.57;-1.89;10.24;8.72;-0.23;0.64;-0.70;1.10;1.16;-1.52;0.13;0.61;0.79;
-0.37;-0.18;0.30;-0.49;0.02;-0.87;0.12;0.24;0.24;0.00;0.21;-0.98;-0.37;-0.12;-1.46;0.12;-0.67;0.75;0.49;-0.61;0.00;0.22;0.42;0.88;0.18;-0.49;0.43;0.00;-0.30;0.99;-1.22;-0.12;0.12;0.64;-0.58;0.58;6.52;0.73;2.62;-0.22;0.54;-0.84;0.43;0.30;-0.85;0.13;0.62;0.79;
0.49;0.06;0.43;-0.48;0.02;-0.87;0.73;0.49;0.18;0.01;0.20;-0.98;-0.06;-0.79;-0.73;0.11;-0.67;0.76;0.49;-0.67;-0.37;0.22;0.42;0.88;0.55;0.00;0.61;0.01;-0.31;0.99;7.99;-6.46;4.15;0.64;-0.58;0.59;10.79;142.07;-9.02;0.02;0.54;-0.96;0.30;-0.49;-0.61;0.13;0.62;0.79;
-0.61;-0.67;-0.18;-0.48;0.02;-0.87;0.61;0.67;0.55;0.01;0.21;-0.98;0.18;-0.67;-1.10;0.11;-0.67;0.76;0.73;-0.37;0.00;0.22;0.41;0.88;0.24;-0.18;0.12;0.00;-0.31;1.00;2.93;8.11;3.17;0.69;-0.54;0.62;3.72;13.17;-4.57;0.11;0.42;-0.79;0.49;0.30;0.00;0.12;0.63;0.79;
-0.43;-0.43;0.24;-0.49;0.01;-0.88;0.61;0.24;0.00;0.01;0.20;-0.97;0.00;-0.49;-1.28;0.11;-0.67;0.76;0.30;-0.37;0.18;0.22;0.41;0.89;0.12;-0.18;0.37;0.01;-0.30;0.99;-1.59;2.74;-6.34;0.62;-0.53;0.58;3.90;4.09;-6.46;0.12;0.40;-0.87;0.37;-0.37;-0.91;0.13;0.62;0.79;
-0.24;-0.18;0.06;-0.48;0.02;-0.87;0.55;0.18;-0.06;0.01;0.20;-0.98;-0.18;-0.55;-0.79;0.11;-0.68;0.76;0.30;-0.61;0.30;0.22;0.42;0.87;0.00;-0.12;0.43;0.01;-0.30;1.00;-5.43;-3.60;6.95;0.65;-0.56;0.56;-11.16;13.66;-1.89;0.15;0.36;-0.87;0.73;0.12;-0.55;0.12;0.62;0.79;
0.06;-0.85;0.12;-0.49;0.01;-0.87;0.43;0.24;0.30;0.01;0.20;-0.98;-0.55;-0.91;-1.46;0.12;-0.67;0.77;0.18;-0.67;0.06;0.21;0.42;0.87;0.00;-0.30;0.49;0.01;-0.30;1.00;2.20;-3.29;5.55;0.65;-0.57;0.58;-1.95;0.49;3.29;0.17;0.40;-0.92;0.37;0.00;-0.55;0.12;0.62;0.79;
-0.12;0.00;-0.12;-0.48;0.03;-0.86;0.18;0.18;-0.24;0.01;0.20;-0.98;0.24;-0.37;-1.04;0.11;-0.67;0.76;0.43;-0.67;0.37;0.22;0.42;0.88;0.00;-0.12;0.55;0.00;-0.30;1.01;1.59;6.46;1.22;0.65;-0.53;0.59;-2.62;0.37;2.13;0.18;0.37;-0.92;0.00;0.12;-0.55;0.13;0.62;0.80;
-0.06;-0.06;-0.18;-0.49;0.02;-0.88;0.43;0.55;0.30;0.01;0.19;-0.98;0.12;-1.04;-1.04;0.11;-0.67;0.75;0.37;-0.67;0.24;0.22;0.41;0.87;0.55;-0.73;0.12;0.00;-0.30;1.00;-6.59;0.06;-6.46;0.62;-0.54;0.56;-2.07;-7.13;-1.40;0.10;0.32;-0.92;0.67;0.06;-0.24;0.13;0.62;0.79;
-0.30;-0.12;-0.06;-0.48;0.02;-0.86;0.49;0.00;-0.06;0.01;0.20;-0.98;-0.55;-0.79;-0.91;0.11;-0.67;0.77;0.30;-0.24;0.24;0.22;0.42;0.88;0.30;0.00;-0.12;0.00;-0.30;1.00;-1.22;-5.24;1.04;0.63;-0.60;0.58;29.51;-18.96;-4.88;0.07;0.25;-0.93;0.49;-0.12;-0.24;0.13;0.63;0.80;
-0.61;-0.12;0.18;-0.49;0.02;-0.86;0.55;0.61;0.37;0.01;0.20;-0.97;0.12;-0.67;-0.85;0.11;-0.67;0.76;0.49;-0.24;0.00;0.22;0.41;0.88;0.24;-0.24;0.24;0.01;-0.30;1.00;12.32;-8.17;4.21;0.70;-0.58;0.64;-0.43;1.65;2.20;-0.06;0.14;-1.00;0.43;0.12;-0.61;0.13;0.62;0.78;
-0.91;-0.37;-0.06;-0.48;0.02;-0.87;0.24;0.49;0.37;0.00;0.20;-0.98;0.24;-0.67;-1.16;0.12;-0.67;0.76;0.55;-0.06;0.00;0.22;0.41;0.88;0.37;-0.18;0.30;0.01;-0.31;1.00;3.29;2.74;-2.38;0.58;-0.56;0.53;4.15;-3.84;7.50;-0.02;0.20;-1.01;0.67;0.06;-0.49;0.12;0.63;0.79;
-0.49;-0.30;-0.12;-0.49;0.02;-0.86;0.18;0.12;0.00;0.01;0.20;-0.98;-0.06;-0.24;-0.55;0.12;-0.68;0.76;0.43;-0.55;0.30;0.22;0.41;0.88;0.00;0.00;0.43;0.01;-0.30;1.00;-2.80;-15.79;4.82;0.63;-0.60;0.58;-0.49;-3.60;3.23;-0.06;0.15;-0.97;0.43;0.06;-0.43;0.13;0.63;0.79;
0.06;0.24;-0.24;-0.48;0.02;-0.86;0.12;0.37;0.61;0.01;0.20;-0.98;0.00;-0.24;-0.85;0.12;-0.67;0.76;-0.37;-0.43;-0.24;0.22;0.42;0.88;0.18;-0.37;0.24;0.01;-0.30;0.99;-3.11;12.62;-0.43;0.61;-0.55;0.53;-9.70;2.38;1.16;-0.07;0.13;-0.99;0.49;0.18;-0.55;0.13;0.63;0.79;
-0.12;0.49;0.43;-0.49;0.02;-0.87;0.49;0.12;-0.24;0.00;0.19;-0.98;-0.37;-0.55;-1.22;0.12;-0.67;0.76;0.37;-0.79;-0.12;0.22;0.42;0.88;0.73;-0.61;0.73;0.01;-0.30;1.00;2.74;-7.20;-0.18;0.69;-0.57;0.60;0.98;-0.37;0.18;-0.07;0.14;-0.99;0.55;-0.30;-0.55;0.12;0.63;0.79;
-0.55;-0.43;-0.12;-0.49;0.02;-0.87;0.49;-0.12;0.12;0.01;0.20;-0.98;-0.12;0.06;-0.49;0.11;-0.67;0.76;0.55;-0.49;0.06;0.22;0.42;0.87;0.37;-0.67;0.18;0.01;-0.30;0.99;-2.44;12.32;-2.20;0.62;-0.55;0.55;22.80;-7.38;-2.56;-0.09;0.06;-0.97;0.00;0.43;-0.12;0.13;0.63;0.79;
-0.12;-0.06;0.37;-0.48;0.02;-0.87;0.61;0.24;0.49;0.02;0.20;-0.98;-0.06;-0.61;-1.22;0.11;-0.67;0.76;-0.12;-0.55;0.06;0.22;0.42;0.88;0.24;-0.49;0.30;0.01;-0.30;1.00;-12.13;-2.62;-4.21;0.65;-0.56;0.58;-8.05;11.52;-10.43;-0.05;0.20;-0.97;34.51;-26.89;0.67;-0.11;0.42;0.43;
-0.43;-0.12;0.30;-0.48;0.03;-0.87;0.67;0.12;0.18;0.02;0.20;-0.98;0.30;-0.67;-0.49;0.12;-0.67;0.77;0.67;-0.06;-0.24;0.22;0.41;0.88;0.37;0.06;0.55;0.00;-0.29;0.99;-0.85;-6.40;2.32;0.69;-0.58;0.58;0.49;-0.18;0.18;-0.09;0.10;-1.01;0.43;0.12;-0.55;0.16;0.62;0.80;
-0.43;-0.55;-0.61;-0.48;0.02;-0.86;0.67;-0.18;0.00;0.02;0.20;-0.98;0.12;-0.55;-0.49;0.12;-0.65;0.75;2.38;-0.12;-0.37;0.22;0.42;0.88;0.30;-0.12;0.24;0.01;-0.30;0.99;-5.91;8.11;-1.16;0.68;-0.55;0.57;0.55;0.24;-0.18;-0.09;0.10;-0.98;0.49;-0.06;-0.61;0.16;0.61;0.80;
-0.79;-0.06;-0.12;-0.48;0.02;-0.87;0.43;0.24;0.37;0.02;0.20;-0.97;-0.24;-0.37;-1.34;0.12;-0.66;0.76;1.28;-0.30;-0.49;0.23;0.41;0.88;0.06;-0.24;0.18;0.01;-0.30;0.99;-3.11;3.29;1.22;0.66;-0.56;0.58;-0.37;0.43;-0.12;-0.09;0.10;-0.99;0.49;-0.30;-0.12;0.16;0.60;0.79;
-0.24;-0.67;0.43;-0.48;0.03;-0.87;0.55;0.24;0.79;0.01;0.19;-0.97;0.12;-0.18;-0.79;0.12;-0.67;0.76;0.43;0.12;0.00;0.22;0.41;0.87;0.43;-0.30;0.43;0.00;-0.30;1.00;5.61;-1.83;3.90;0.65;-0.56;0.57;0.12;0.18;0.18;-0.08;0.10;-0.99;0.49;0.12;-0.43;0.16;0.61;0.79;
-0.85;0.18;-0.24;-0.48;0.02;-0.87;0.61;0.43;0.67;0.01;0.19;-0.99;-0.24;-0.30;-0.55;0.12;-0.66;0.76;0.73;-0.91;0.00;0.22;0.42;0.88;0.12;-0.30;0.06;0.01;-0.30;0.99;1.59;-1.52;2.44;0.66;-0.55;0.59;0.55;0.55;0.18;-0.09;0.10;-0.99;0.55;-0.24;-0.98;0.16;0.61;0.79;
-0.55;-0.24;0.12;-0.49;0.02;-0.87;0.30;0.49;0.24;0.00;0.20;-0.99;-0.37;-0.55;-0.85;0.12;-0.67;0.76;0.12;-0.24;-0.18;0.22;0.42;0.88;0.18;-0.55;0.30;0.01;-0.30;0.99;-1.89;1.89;-0.67;0.64;-0.55;0.58;0.30;0.00;0.73;-0.08;0.10;-0.99;0.12;-0.24;-0.55;0.16;0.61;0.79;
-0.06;0.00;0.24;-0.48;0.02;-0.87;0.43;0.55;0.06;0.01;0.20;-0.98;0.00;-0.30;-1.16;0.11;-0.66;0.77;0.61;0.00;0.30;0.22;0.41;0.88;0.67;-0.79;0.24;0.01;-0.30;0.99;-2.07;-0.98;0.67;0.64;-0.56;0.57;0.43;-0.06;0.30;-0.09;0.10;-0.98;0.30;0.30;-0.61;0.16;0.61;0.79;
0.37;0.12;-0.06;-0.48;0.02;-0.87;0.00;0.49;0.06;-0.00;0.20;-0.98;0.00;-0.06;-0.24;0.11;-0.67;0.77;-0.18;-0.12;-0.37;0.22;0.41;0.88;0.55;-0.37;-0.18;0.01;-0.30;0.99;1.46;-6.22;3.48;0.67;-0.57;0.58;-0.37;0.67;0.12;-0.09;0.09;-0.99;0.37;-0.30;-0.12;0.16;0.61;0.79;
-0.30;0.00;-0.06;-0.49;0.03;-0.87;0.30;-0.06;0.30;0.01;0.20;-0.98;-0.06;-0.91;-1.34;0.12;-0.67;0.77;-0.24;-0.49;0.61;0.23;0.41;0.88;0.12;-0.49;0.43;0.01;-0.30;0.99;-4.94;9.15;-1.89;0.65;-0.55;0.56;0.06;-0.43;0.06;-0.10;0.10;-0.98;0.30;0.30;-0.79;0.16;0.61;0.79;
-0.37;-0.18;-0.06;-0.48;0.02;-0.86;0.24;0.61;0.18;0.01;0.19;-0.98;-0.12;0.00;-0.79;0.12;-0.67;0.75;0.30;-0.18;0.24;0.22;0.42;0.88;0.24;-0.37;0.00;0.01;-0.31;0.99;-4.76;-5.79;1.16;0.64;-0.57;0.54;0.43;0.06;0.18;-0.10;0.09;-0.99;2.50;-1.52;-2.74;0.15;0.62;0.79;
-0.18;-0.30;-0.37;-0.48;0.03;-0.86;-0.73;-0.12;-0.37;0.01;0.20;-1.02;-0.12;-0.73;-1.34;0.12;-0.66;0.77;1.28;-0.61;-0.24;0.21;0.41;0.88;0.43;-0.24;0.24;0.01;-0.31;1.00;2.56;7.44;-1.95;0.75;-0.52;0.62;-0.06;-0.18;-0.12;-0.10;0.09;-0.99;0.06;0.18;-0.55;0.16;0.62;0.80;
-1.16;0.06;-0.24;-0.47;0.03;-0.88;1.04;-0.18;0.85;0.01;0.20;-0.98;0.30;-0.24;-1.10;0.11;-0.67;0.76;0.30;-0.79;0.12;0.21;0.42;0.88;-0.06;0.06;-0.24;0.02;-0.29;0.98;-10.43;6.34;-4.15;0.65;-0.55;0.55;-0.30;0.30;-0.55;-0.10;0.02;-0.99;0.79;-0.30;-0.37;0.13;0.60;0.80;
0.24;0.06;-0.12;-0.48;0.03;-0.86;0.18;-0.06;-0.06;0.01;0.20;-0.98;0.24;-0.37;-0.85;0.12;-0.67;0.76;0.49;-0.55;0.12;0.23;0.42;0.88;0.12;-0.73;0.43;0.00;-0.29;0.99;-0.18;-3.17;0.91;0.68;-0.56;0.57;-0.55;-0.06;0.12;-0.11;0.02;-0.99;0.61;0.49;-1.10;0.13;0.60;0.81;
-0.12;-0.43;0.37;-0.49;0.03;-0.87;0.37;0.43;0.61;0.02;0.20;-0.98;0.24;-0.43;-0.98;0.12;-0.66;0.76;0.18;-0.61;0.37;0.22;0.42;0.88;0.18;-0.37;0.85;0.00;-0.29;0.99;-6.83;5.85;-3.35;0.66;-0.55;0.56;0.12;0.61;-0.18;-0.09;0.02;-0.98;0.06;-0.55;-0.37;0.14;0.60;0.80;
-0.24;0.12;0.06;-0.48;0.03;-0.86;0.43;0.55;-0.06;0.01;0.20;-0.98;0.06;-0.91;-1.10;0.12;-0.67;0.76;0.18;-0.18;-0.24;0.22;0.42;0.88;0.43;0.00;0.30;0.01;-0.30;1.00;-3.72;2.93;-0.79;0.67;-0.56;0.56;0.18;0.24;0.49;-0.10;0.02;-0.99;0.61;-0.12;-0.67;0.14;0.60;0.80;
-0.18;0.00;0.00;-0.49;0.03;-0.86;0.12;0.37;-0.06;0.01;0.19;-0.97;0.49;-0.73;-0.61;0.12;-0.67;0.76;0.55;-0.30;-0.06;0.23;0.41;0.88;0.24;-0.61;0.06;0.01;-0.30;0.99;0.67;0.00;1.71;0.67;-0.56;0.56;-2.99;0.43;1.34;-0.11;0.00;-0.96;0.37;-0.06;-0.18;0.13;0.61;0.81;
-0.24;-0.55;-0.06;-0.49;0.03;-0.88;0.18;-0.67;-0.18;0.02;0.19;-0.97;0.06;-0.18;-0.85;0.11;-0.66;0.76;0.79;-0.30;0.30;0.22;0.41;0.88;-0.06;-0.24;0.37;0.01;-0.30;1.00;1.16;-0.12;2.07;0.66;-0.55;0.57;0.37;0.24;0.18;-0.10;0.03;-0.98;-0.18;0.12;-0.12;0.13;0.60;0.80;
-0.24;0.49;0.12;-0.48;0.03;-0.86;0.06;0.30;0.30;0.00;0.20;-0.98;-0.55;-0.98;-0.79;0.12;-0.67;0.77;0.85;-0.67;0.30;0.22;0.42;0.88;0.30;-0.43;0.37;0.01;-0.30;0.99;2.26;-0.61;3.48;0.66;-0.55;0.59;-1.46;1.28;-6.52;-0.12;0.04;-0.98;-1.34;1.22;1.77;0.14;0.59;0.80;
